gene	p_val	avg_log2FC	pct.1	pct.2	p_val_adj
tcf21	2.35565666421831e-100	0.470179869095784	1	0.145	4.71131332843661e-97
cxcl8a	9.6413237789211e-77	0.917260015075418	1	0.217	1.92826475578422e-73
htra1b	8.20754835306858e-65	0.368287876982503	1	0.31	1.64150967061372e-61
bmp16	4.17522511642709e-60	0.573503587657773	1	0.345	8.35045023285418e-57
si:ch1073-459j12.1	2.59268806684371e-55	0.269258746083919	1	0.266	5.18537613368743e-52
fstl1a	2.65514461729284e-55	0.272200478008802	0.989	0.189	5.31028923458569e-52
col6a3	2.51129865473306e-54	0.329840301044687	1	0.316	5.02259730946611e-51
foxf2b	3.14038208710397e-54	0.484849563159748	1	0.248	6.28076417420793e-51
s1pr5a	7.73490554985351e-54	0.403339229634256	1	0.296	1.5469811099707e-50
mical3b	8.47771467078911e-51	0.313409824227719	1	0.356	1.69554293415782e-47
twist3	1.94465478787491e-50	0.447384453017015	0.977	0.122	3.88930957574982e-47
crlf1a	3.66949799601683e-50	0.514633455107156	1	0.338	7.33899599203367e-47
pmaip1	1.1971874025928e-49	0.34050272550644	1	0.343	2.39437480518559e-46
agtr2	4.41586091270902e-49	0.75998409700419	1	0.357	8.83172182541805e-46
fstl3	7.88362921458272e-49	0.416084930268324	1	0.426	1.57672584291654e-45
efna2a	5.93142267500341e-48	1.01916712960528	1	0.367	1.18628453500068e-44
fhl3a	6.24339929323737e-48	0.27798466694206	1	0.286	1.24867985864747e-44
inhbaa	5.48379721797201e-46	0.679685201491764	1	0.401	1.0967594435944e-42
glipr2l	1.43666163870432e-45	0.947327908239184	1	0.369	2.87332327740865e-42
zgc:153704	7.46980326465112e-45	0.605300266054532	1	0.428	1.49396065293022e-41
si:ch1073-303k11.2	2.35384679715197e-44	0.317093664205378	1	0.331	4.70769359430395e-41
col6a1	8.28777139531298e-40	0.373362600768811	1	0.345	1.6575542790626e-36
btbd6a	6.78756655722429e-37	0.669670580968138	1	0.418	1.35751331144486e-33
cyp2ad3	8.54486302727212e-37	0.470504765757466	0.989	0.305	1.70897260545442e-33
igfbp5b	1.21171442368604e-35	0.554371864251839	1	0.418	2.42342884737208e-32
dusp5	1.70533606258457e-35	1.16571647362553	0.989	0.378	3.41067212516913e-32
ramp2	3.23806063503752e-35	0.511264432400305	1	0.348	6.47612127007505e-32
rspo2	3.72861251984308e-35	0.361661899497362	0.954	0.352	7.45722503968617e-32
ctsk	3.82085884898392e-35	0.487568009909558	1	0.367	7.64171769796783e-32
pdgfba	4.8932431919479e-34	0.417458413901611	0.885	0.217	9.78648638389579e-31
timp2b	2.43124101422999e-33	1.04341060748199	1	0.43	4.86248202845998e-30
mvp	4.62959107873733e-33	1.34980940274171	1	0.615	9.25918215747467e-30
prdm1a	1.09002359315879e-32	1.13194988199781	0.897	0.333	2.18004718631757e-29
lpl	1.36795178476315e-32	0.351105185237513	0.966	0.227	2.7359035695263e-29
igfbp1a	2.61880013209865e-32	0.448934930746278	1	0.408	5.2376002641973e-29
mxra8b	1.64101536160204e-31	0.467692431346597	1	0.452	3.28203072320409e-28
zfp36l1b	4.26614214299297e-31	1.59665922084404	1	0.681	8.53228428598593e-28
rbp5	4.58007627159491e-31	1.0851070088273	0.966	0.343	9.16015254318981e-28
clu	4.23549961108572e-30	0.283302659971985	1	0.424	8.47099922217144e-27
col1a1b	8.18469536207778e-30	0.424322212080533	1	0.489	1.63693907241556e-26
bmp5	3.74636649649526e-29	0.415453538611517	1	0.433	7.49273299299052e-26
cxcl12a	5.94205339507502e-28	0.647996392475689	1	0.439	1.188410679015e-24
trib3	7.73117742737717e-26	1.09936066618424	1	0.693	1.54623548547543e-22
si:ch211-15b10.6	2.79571041351873e-25	1.16748481952715	1	0.61	5.59142082703745e-22
ms4a17a.11	6.27367455179634e-25	0.954986313995035	0.977	0.497	1.25473491035927e-21
twist1b	1.14791764993635e-24	0.98706900856013	0.954	0.37	2.2958352998727e-21
sdc4	7.99420826359823e-24	1.05467847879321	1	0.944	1.59884165271965e-20
serpine1	1.61912427000314e-23	0.759152347074229	1	0.605	3.23824854000627e-20
ms4a17a.9	1.76843725353709e-22	0.266086589984733	1	0.401	3.53687450707418e-19
col1a2	1.78023949082514e-21	0.448978691914022	1	0.589	3.56047898165029e-18
pim1	9.50304005644502e-21	1.0928891294305	1	0.627	1.900608011289e-17
tpm4a	1.86980885629001e-19	0.861398380145308	1	0.637	3.73961771258001e-16
actb1	1.49044067078134e-18	0.75164269545212	1	0.987	2.98088134156267e-15
apela	1.87645726477078e-18	0.370958706761412	0.195	0.059	3.75291452954156e-15
alg5	2.21416268670557e-18	0.277134165048847	0.839	0.295	4.42832537341115e-15
cnn3a	2.54595616644314e-18	0.955523788277973	1	0.705	5.09191233288628e-15
nid2a	2.49934858810988e-17	0.362679459437099	0.805	0.228	4.99869717621977e-14
RAMP1	2.79989660653271e-17	0.272519459539033	0.828	0.324	5.59979321306542e-14
zgc:158343	7.77642895185526e-17	0.712096804165925	1	0.744	1.55528579037105e-13
fosl2	2.87323884598659e-16	0.383678359857265	0.931	0.483	5.74647769197318e-13
angptl4	2.24355256823416e-15	0.599502510144059	1	0.765	4.48710513646831e-12
foxf2a	2.48184983871701e-15	0.389085315900865	0.851	0.335	4.96369967743402e-12
meis2a.1	3.93134205622749e-15	0.898395635650232	0.793	0.256	7.86268411245498e-12
arrdc2	1.47447176769554e-14	0.443576227052198	1	0.582	2.94894353539109e-11
si:ch73-335l21.4	1.05497797669605e-13	0.710404014329585	1	0.842	2.10995595339211e-10
klf6a	1.45867248098031e-13	0.643425334030507	1	0.829	2.91734496196062e-10
cebpd	1.65219276168718e-13	0.523379371078531	1	0.803	3.30438552337436e-10
si:dkey-23i12.7	2.318396880467e-13	0.52525434612739	0.862	0.402	4.636793760934e-10
cebpb	4.99648997111344e-13	0.611313308256077	1	0.754	9.99297994222689e-10
gadd45ab	7.29077033969673e-13	0.306248223610704	0.908	0.441	1.45815406793935e-09
zgc:162730	9.96740290826971e-13	0.730344113775064	1	0.872	1.99348058165394e-09
fthl27	1.22251419781004e-12	0.442996211392109	1	0.971	2.44502839562008e-09
prrx1b	1.556504118219e-12	0.777450949307137	0.77	0.24	3.11300823643799e-09
cnn2	2.11643415018458e-12	0.467272291718049	1	0.601	4.23286830036915e-09
ppdpfb	3.70127850063951e-12	0.531277390226335	1	0.992	7.40255700127901e-09
hspa4a	3.71107751270161e-12	0.693204661841687	1	0.804	7.42215502540323e-09
sat1a.2	1.62983644104889e-11	0.481691736697799	0.966	0.7	3.25967288209779e-08
cyp27c1	1.71853456465052e-11	0.269770346372964	0.333	0.112	3.43706912930105e-08
gadd45bb	1.90912551175453e-11	0.359160809106995	0.977	0.599	3.81825102350906e-08
higd1a	6.23408121495142e-11	0.419907477999508	1	0.683	1.24681624299028e-07
hspa5	2.566657013701e-10	0.682049117451321	1	0.928	5.13331402740201e-07
odc1	5.21794061992139e-10	0.654329704896554	0.851	0.433	1.04358812398428e-06
mcl1a	5.9204199759087e-10	0.324358124875515	1	0.922	1.18408399518174e-06
si:ch211-286o17.1	7.81254607831895e-10	0.337702936327221	0.885	0.406	1.56250921566379e-06
cbx7a	2.23090606670053e-09	0.636112792773751	1	0.803	4.46181213340107e-06
pdlim1	3.1643117248229e-09	0.514363123080881	0.782	0.399	6.32862344964579e-06
chac1	4.86046381922592e-09	0.310230082808706	1	0.775	9.72092763845183e-06
midn	5.04021621202872e-09	0.660694705323964	0.885	0.569	1.00804324240574e-05
gadd45ba	5.60862807603357e-09	0.285156751640665	1	0.777	1.12172561520671e-05
net1	8.27775974848569e-09	0.304716134664007	0.989	0.617	1.65555194969714e-05
wu:fj16a03	3.04905205823588e-08	0.356646964546404	0.667	0.193	6.09810411647176e-05
h1f0	2.72207763744941e-07	0.29587723808617	0.989	0.847	0.000544415527489882
ociad2	3.70467880181984e-07	0.411008189651578	0.724	0.295	0.000740935760363969
krt8	2.83364748843729e-06	0.336128498825488	1	0.872	0.00566729497687458
lima1a	3.16978305669275e-06	0.513175068602233	0.678	0.184	0.0063395661133855
errfi1a	5.21001804372185e-06	0.667839560991035	0.701	0.388	0.0104200360874437
pbx1a	5.37287280854147e-06	0.256886060297382	0.759	0.387	0.0107457456170829
aldh1a2	8.7062866172426e-06	0.817861413425106	0.655	0.199	0.0174125732344852
phldb2b	1.54564855532189e-05	0.29628996859565	0.713	0.274	0.0309129711064379
