gene	p_val	avg_log2FC	pct.1	pct.2	p_val_adj
slc2a3a	8.27311211762902e-50	2.72329771582548	0.864	0.139	1.6546224235258e-46
plcxd3	1.89092151881646e-40	3.26640363649256	0.955	0.255	3.78184303763293e-37
fgf13b	1.90537013789417e-38	2.23772564856136	0.909	0.237	3.81074027578835e-35
syt1a	1.24384914783603e-37	2.18096827693213	0.932	0.239	2.48769829567207e-34
etv1	5.30118536044228e-36	2.84860305054706	0.977	0.319	1.06023707208846e-32
islr2	5.42560560431097e-36	3.66855776868999	0.977	0.34	1.08512112086219e-32
sncb	1.57875665482773e-34	2.10750349646552	0.909	0.164	3.15751330965546e-31
zgc:65894	1.95680263214337e-34	3.54852256868304	1	0.357	3.91360526428674e-31
sult4a1	3.23216368576398e-34	1.73284066986602	0.841	0.211	6.46432737152796e-31
chrna5	4.68640972726894e-34	2.70336356102434	1	0.378	9.37281945453788e-31
stmn2b	5.30323584644941e-34	3.68751444902527	1	0.358	1.06064716928988e-30
stmn2a	5.76418374962617e-34	3.42898053441545	1	0.381	1.15283674992523e-30
mllt11	8.34305022699005e-34	3.0518356882423	1	0.362	1.66861004539801e-30
adcyap1b	6.20908251886908e-33	5.02629766114355	0.955	0.303	1.24181650377382e-29
olfm1b	7.57300498272242e-33	2.33948920037039	0.977	0.331	1.51460099654448e-29
maptb	4.6221743758705e-32	2.89351966513266	1	0.483	9.244348751741e-29
gng3	4.91015697541219e-32	3.12423290459498	1	0.38	9.82031395082439e-29
tspan18a	5.75256651713209e-32	3.47795800874084	1	0.523	1.15051330342642e-28
dgkaa	7.47160210561025e-32	2.78159880109236	0.932	0.329	1.49432042112205e-28
atp1a3a	1.5929930513882e-31	1.46077644608135	0.705	0.08	3.18598610277639e-28
gap43	3.74788504736538e-31	3.36149321111	1	0.459	7.49577009473076e-28
tuba1a	1.33327265886208e-30	3.36728087717062	1	0.45	2.66654531772415e-27
hsbp1a	2.0158406509504e-30	2.94439422953161	1	0.507	4.03168130190081e-27
scg5.1	3.37710126794323e-30	1.91933530483244	0.864	0.232	6.75420253588646e-27
snap25a	4.15016576319278e-30	1.63740018506069	0.932	0.22	8.30033152638556e-27
ywhag2	5.50799463897302e-30	2.88213247488801	1	0.471	1.1015989277946e-26
gch1	6.96845064757965e-30	2.11389043728509	0.932	0.323	1.39369012951593e-26
nfasca	8.68222777348989e-30	2.27132749390998	0.864	0.198	1.73644555469798e-26
zgc:101840	9.46539270037314e-30	1.83752078687659	0.932	0.23	1.89307854007463e-26
pcsk1nl	1.42783272882315e-29	2.26700110940548	0.909	0.29	2.85566545764631e-26
tuba1c	1.68120543622577e-29	3.25231637241297	1	0.51	3.36241087245154e-26
map1b	1.74368666591159e-29	1.92307459041391	0.864	0.207	3.48737333182319e-26
gng2	1.83375017851858e-29	2.46316138422784	1	0.444	3.66750035703716e-26
nsg2	2.38719113840595e-29	2.49187345379106	0.977	0.294	4.77438227681191e-26
rnasekb	1.50463822323079e-28	2.37810803784153	1	0.434	3.00927644646157e-25
dpysl3	1.58850004469135e-28	2.36010201932611	0.955	0.326	3.17700008938271e-25
vim	1.64176600246581e-28	2.62266747811519	1	0.558	3.28353200493161e-25
alcama	1.97393313775608e-28	2.954558390353	0.955	0.411	3.94786627551216e-25
tubb5	2.10183727918389e-28	2.97627606617404	1	0.366	4.20367455836778e-25
atp6v0cb	4.56044553975808e-28	2.51353264906278	1	0.459	9.12089107951616e-25
cpe	6.66110971865917e-28	2.43732877284185	0.955	0.438	1.33222194373183e-24
stmn1b	1.49635824353757e-27	2.73202946762933	1	0.451	2.99271648707515e-24
tuba2	1.68605148702854e-27	1.99224085378799	0.932	0.32	3.37210297405709e-24
aldocb	2.80233210547756e-27	2.12670844738961	0.977	0.435	5.60466421095513e-24
syn2a	3.03042051673379e-27	1.73659585981683	0.841	0.229	6.06084103346758e-24
vgf	3.8459996614095e-27	2.12367298124068	0.841	0.257	7.691999322819e-24
vamp2	2.81048360306458e-26	1.89425743327307	0.932	0.323	5.62096720612917e-23
sult6b1	3.41092214167747e-26	3.4124277697979	0.977	0.712	6.82184428335495e-23
phox2a	3.81247259155486e-26	2.19163062657543	1	0.48	7.62494518310973e-23
elavl3	4.26101074453828e-26	2.24009818487295	1	0.408	8.52202148907655e-23
atpv0e2	4.59080232843288e-26	1.96820273623334	0.955	0.334	9.18160465686576e-23
eno2	7.21465921893568e-26	1.62095775010342	0.864	0.316	1.44293184378714e-22
gapdhs	1.00914332514037e-25	2.39466323941727	1	0.757	2.01828665028074e-22
calm1b	1.10463764845702e-25	2.51911554391146	0.932	0.424	2.20927529691404e-22
cplx2	1.96338960105323e-25	2.19905892594365	0.886	0.325	3.92677920210646e-22
si:dkeyp-120h9.1	2.37052078918398e-25	2.28162882801249	0.886	0.331	4.74104157836796e-22
phox2bb	2.40464299850058e-25	2.33867088962934	1	0.485	4.80928599700116e-22
elavl4	4.42445544958833e-25	2.5198260274457	0.955	0.442	8.84891089917665e-22
atp6v1e1b	6.83496151747714e-25	2.03664643462103	1	0.566	1.36699230349543e-21
rtn1a	7.11157192313206e-25	2.11268436911977	1	0.503	1.42231438462641e-21
tubb2b	7.51004387833996e-25	2.22622916553235	1	0.708	1.50200877566799e-21
eno1a	3.35297834048462e-24	2.12616765435351	0.955	0.423	6.70595668096924e-21
atp2b3b	7.22515385946788e-24	1.30520306879553	0.568	0.081	1.44503077189358e-20
fez1	2.16724655527907e-23	1.68286291554834	0.886	0.314	4.33449311055813e-20
stmn4l	5.20012155353661e-23	2.17545135270549	0.886	0.365	1.04002431070732e-19
mab21l1	9.07592292127036e-23	1.98758125709802	0.955	0.452	1.81518458425407e-19
tspan7b	1.18535351549891e-22	1.60352404964625	0.864	0.241	2.37070703099782e-19
rab6bb	3.07517494643874e-22	1.99581620888739	0.795	0.289	6.15034989287747e-19
basp1	1.68820090720857e-21	1.86906598304294	0.841	0.312	3.37640181441713e-18
tbx3a	2.31461105367093e-21	2.01135637163897	0.818	0.374	4.62922210734187e-18
celf3a	2.82611790344456e-21	1.86603729309003	0.818	0.294	5.65223580688912e-18
fxyd1	4.70345968643448e-21	2.37411741382721	0.955	0.652	9.40691937286895e-18
stx1b	6.1605515759541e-21	1.5689947888927	0.795	0.274	1.23211031519082e-17
hand2	9.71494537501364e-21	2.03742704481487	1	0.656	1.94298907500273e-17
scg3	1.23134242171978e-20	1.49550787331985	0.886	0.446	2.46268484343956e-17
gfra1a	1.49961275820535e-20	2.59338222191094	0.818	0.362	2.9992255164107e-17
insm1b	1.67700044638709e-20	1.71290627319469	0.818	0.287	3.35400089277418e-17
stxbp1a	1.89466955753544e-20	1.47296395436715	0.795	0.248	3.78933911507088e-17
rtn1b	2.65989960083927e-20	1.99205496302721	0.955	0.539	5.31979920167854e-17
si:dkeyp-75h12.5	3.26544110867665e-20	1.6722311873026	0.932	0.503	6.53088221735331e-17
vat1	3.39250956388603e-20	1.74522611684711	0.909	0.409	6.78501912777206e-17
lrrn1	4.87675564596584e-20	1.67979205206396	0.773	0.242	9.75351129193169e-17
ret	8.92897722498551e-20	1.56615560171953	0.818	0.382	1.7857954449971e-16
si:dkey-280e21.3	1.04816568796527e-19	1.3026110257271	0.705	0.199	2.09633137593054e-16
hoxb5b	2.60812197387932e-19	1.33088468055427	0.977	0.507	5.21624394775865e-16
uchl1	2.89800353040195e-19	2.01715864869605	0.886	0.465	5.79600706080389e-16
atp6ap2	3.53613000762391e-19	1.62879464234985	0.955	0.533	7.07226001524782e-16
nmnat2	1.29815256074918e-18	1.2886154791939	0.636	0.165	2.59630512149835e-15
tmsb2	1.78263382668608e-18	1.99143020852964	0.795	0.324	3.56526765337216e-15
atp5mc1	2.7900831947378e-18	1.2093661347764	1	0.717	5.58016638947559e-15
cnrip1a	4.11243717069781e-18	1.40923450562912	0.773	0.239	8.22487434139563e-15
scg2b	1.22216497297356e-17	1.71975459598134	0.682	0.225	2.44432994594712e-14
atp6v1g1	1.46589593629055e-17	1.44071831294469	0.955	0.604	2.93179187258109e-14
zgc:153426	4.78088191907105e-17	2.3575795272048	0.773	0.342	9.5617638381421e-14
syt11a	5.34847989004569e-17	1.466143357725	0.75	0.294	1.06969597800914e-13
tmsb4x	2.09242985821236e-16	1.16348433798889	1	0.989	4.18485971642472e-13
acbd7	3.06651702340344e-16	1.19348430174596	0.841	0.423	6.13303404680689e-13
calcrla	3.91941872347149e-16	1.57679565564285	0.773	0.406	7.83883744694297e-13
syt4	8.06848926650027e-16	1.07106729779463	0.659	0.211	1.61369785330005e-12
gdi1	3.33712412605247e-15	1.48571276088192	0.864	0.489	6.67424825210494e-12
necap1	5.71887727903077e-15	1.20702497006677	0.705	0.261	1.14377545580615e-11
jagn1a	1.0916137432699e-14	1.27757058957396	0.682	0.261	2.1832274865398e-11
zc4h2	3.96504013592038e-14	1.13103615340634	0.909	0.503	7.93008027184077e-11
atp6v1b2	4.87224216760239e-14	1.1788272691442	0.568	0.162	9.74448433520478e-11
tubb4b	7.06062373100975e-14	0.858619962159958	1	0.98	1.41212474620195e-10
pkma	8.83587037747234e-14	1.34863599367966	0.818	0.524	1.76717407549447e-10
mt-atp6	1.60759128600156e-13	0.773503128574668	1	0.97	3.21518257200312e-10
arpp21	1.68054414482663e-13	2.04753322639948	0.727	0.404	3.36108828965326e-10
ckbb	2.167120458307e-13	1.14231517886163	0.932	0.571	4.334240916614e-10
map1aa	2.60806167718471e-13	1.3868759226531	0.705	0.329	5.21612335436942e-10
slc35g2b	2.76815662167199e-13	1.37164991328709	0.614	0.243	5.53631324334398e-10
si:dkey-56m19.5	5.66329799896046e-13	1.2702064166634	0.773	0.354	1.13265959979209e-09
znf536	6.7593786417049e-13	1.78103014544604	0.75	0.453	1.35187572834098e-09
hpcal4	7.61383735704697e-13	1.18434444491239	0.523	0.168	1.52276747140939e-09
atp6v1h	1.1218486324383e-12	1.25653294516648	0.818	0.506	2.24369726487661e-09
atp6v1aa	1.14334512521551e-12	1.34306090985669	0.705	0.336	2.28669025043102e-09
tpi1b	1.85300072325527e-12	1.32601546509518	0.818	0.52	3.70600144651054e-09
ngfrb	2.08093860665064e-12	1.19168888732247	0.727	0.391	4.16187721330127e-09
tmsb	2.13760641501691e-12	1.47775092746206	0.705	0.305	4.27521283003382e-09
nsfa	3.70306187835802e-12	1.2015625236105	0.591	0.224	7.40612375671604e-09
glud1b	4.16630371989269e-12	1.03288734178407	0.864	0.568	8.33260743978539e-09
sh3glb2b	4.62492261986971e-12	0.844840145039457	0.75	0.284	9.24984523973941e-09
calm3a.1	7.41124514171834e-12	0.872829045314086	0.977	0.7	1.48224902834367e-08
calm2a	1.13335958966847e-11	1.25834423186656	0.977	0.673	2.26671917933695e-08
slc29a4	1.18629718650915e-11	1.44992427692209	0.568	0.241	2.37259437301831e-08
chrnb4	1.22723609796308e-11	1.16423122503797	0.568	0.234	2.45447219592617e-08
atcaya	1.65387408463959e-11	1.05565451305777	0.568	0.196	3.30774816927917e-08
camk2d2	2.38997037079571e-11	0.7907381323307	0.409	0.095	4.77994074159143e-08
hoxb5a	2.42175402249221e-11	1.67131137988322	0.773	0.522	4.84350804498441e-08
ldhba	2.65367175333782e-11	1.13537908356023	0.932	0.697	5.30734350667564e-08
hmx3a	4.16267775357586e-11	1.4452597634817	0.682	0.372	8.32535550715172e-08
syngr3b	4.23935578394448e-11	1.28151125054424	0.568	0.248	8.47871156788896e-08
tmem59l	2.43474913355185e-10	1.02618609015079	0.705	0.396	4.8694982671037e-07
csdc2a	2.88726168519652e-10	0.91383729035868	0.568	0.23	5.77452337039303e-07
nptna	7.74845194808028e-10	1.02152466873099	0.432	0.135	1.54969038961606e-06
aplp1	1.00444065403676e-09	1.21507047855556	0.614	0.322	2.00888130807352e-06
myt1b	1.54382493503603e-09	0.808238750742889	0.591	0.237	3.08764987007207e-06
sypb	1.85715920910005e-09	0.891151050994308	0.523	0.219	3.71431841820011e-06
hmx2	2.08076465175989e-09	1.00704778686477	0.568	0.266	4.16152930351977e-06
h2afx1	2.22224490049138e-09	0.79772084016002	1	0.926	4.44448980098277e-06
cntfr	3.25314215473696e-09	1.2776563000375	0.75	0.546	6.50628430947392e-06
mdh1aa	5.48515876969463e-09	0.551319375036532	0.864	0.562	1.09703175393893e-05
atox1	8.45252681904309e-09	0.677719296232746	0.932	0.608	1.69050536380862e-05
hsd11b2	1.03763970930614e-08	1.43891591410552	0.455	0.188	2.07527941861229e-05
snap25b	1.07928455960025e-08	0.868985172946927	0.409	0.134	2.15856911920049e-05
atp5if1b	1.2525831442292e-08	0.869733332326271	0.773	0.517	2.50516628845841e-05
atp1b1a	1.32561226704737e-08	0.918172639810277	0.909	0.806	2.65122453409474e-05
qdpra	1.48613436110981e-08	0.872819545347397	0.705	0.461	2.97226872221961e-05
ada	1.59842479006662e-08	1.35513758134248	0.591	0.369	3.19684958013323e-05
smarca2	1.8367941349127e-08	3.01059193258775	0.614	0.423	3.6735882698254e-05
tspan13b	2.39547454300555e-08	0.87703709150359	0.5	0.226	4.7909490860111e-05
hoxa3a	4.31949948671525e-08	0.955874098369749	0.795	0.511	8.63899897343049e-05
atp6v0ca	6.04933867757782e-08	0.367383087751292	0.841	0.572	0.000120986773551556
cdk5r2a	6.89293308811071e-08	0.750904957259504	0.409	0.153	0.000137858661762214
rundc3ab	7.59886281887266e-08	0.802548455298694	0.477	0.201	0.000151977256377453
h3f3b.1	9.30697171601834e-08	0.405692119174365	1	0.897	0.000186139434320367
ldha	1.20757512673706e-07	0.615221235757094	0.477	0.228	0.000241515025347412
idh1	1.34552427445717e-07	0.795404243503419	0.773	0.558	0.000269104854891434
tagln3b	1.52267736767758e-07	1.23735319089813	0.545	0.327	0.000304535473535515
apba2b	2.01195183408493e-07	0.60579543164512	0.341	0.102	0.000402390366816986
ppp1r14ba	2.4553212051965e-07	0.761476527276528	0.341	0.11	0.0004910642410393
slc35g2a	2.94993068383955e-07	1.0389173999116	0.568	0.347	0.00058998613676791
arl4aa	4.37934695715583e-07	1.41334218607827	0.568	0.384	0.000875869391431165
si:ch211-195b15.8	5.47182445383712e-07	1.10930997846922	0.727	0.527	0.00109436489076742
sypa	8.84163916480334e-07	0.759231157749186	0.364	0.138	0.00176832783296067
nova2	1.1440183597239e-06	0.529153834175245	0.591	0.299	0.00228803671944779
tbx2a	1.3201814727554e-06	1.11890919263884	0.614	0.441	0.00264036294551081
clstn3	1.3462244343048e-06	0.922131326086	0.386	0.167	0.0026924488686096
vsnl1a	1.52378558456027e-06	0.654707233732431	0.273	0.079	0.00304757116912054
SMIM18	1.60247108747861e-06	0.562389861795032	0.273	0.079	0.00320494217495722
si:ch73-386h18.1	1.78700129160489e-06	0.537646908856887	0.318	0.156	0.00357400258320978
oxr1b	1.92040855596811e-06	0.951975189027845	0.523	0.328	0.00384081711193621
myt1a	2.81544247754653e-06	0.512640570254323	0.25	0.068	0.00563088495509307
pbx1a	3.02897199477337e-06	1.32930765303018	0.591	0.393	0.00605794398954674
emb	3.11508482368411e-06	0.541183128559151	0.227	0.057	0.00623016964736822
mcama	5.63697780429804e-06	0.795643554291392	0.364	0.199	0.0112739556085961
rpz2	7.31756728418708e-06	0.766403769828138	0.682	0.536	0.0146351345683742
hoxb2a	8.08495641693252e-06	0.505343101964572	0.409	0.227	0.016169912833865
actb1	9.39154044732283e-06	0.509242397937737	1	0.988	0.0187830808946457
prph	9.55906684827874e-06	2.41872395374656	0.455	0.271	0.0191181336965575
si:ch73-119p20.1	1.30642292947429e-05	0.922712222024942	0.409	0.214	0.0261284585894858
suclg1	1.86179167693922e-05	0.640340204200795	0.705	0.518	0.0372358335387844
tbx2b	2.35719914852337e-05	1.21710641080953	0.591	0.452	0.0471439829704673
