gene	p_val	avg_log2FC	pct.1	pct.2	p_val_adj
txlnba	9.60006040340019e-67	0.618829199813244	1	0.003	1.92001208068004e-63
pvalb3	8.77761708212291e-56	1.69144305481777	1	0.003	1.75552341642458e-52
cavin4a	5.4804568623397e-43	2.38548171193494	1	0.042	1.09609137246794e-39
jph2	1.22176032596349e-33	1.73051859676559	0.875	0.017	2.44352065192697e-30
zgc:158296	4.8931537944514e-32	1.080091617146	1	0.05	9.7863075889028e-29
mybpc2b	4.92633369029524e-31	1.38279224922006	1	0.043	9.85266738059047e-28
neb	8.0580284712476e-30	2.3972772425383	1	0.058	1.61160569424952e-26
ank1a.1	7.96521664412956e-27	1.9816234044887	1	0.038	1.59304332882591e-23
flnca	6.69705424413605e-21	0.725226491826729	1	0.078	1.33941084882721e-17
myom1a	5.94308858419026e-19	1.29026141668653	1	0.057	1.18861771683805e-15
si:dkey-211f22.5	3.63965291740919e-18	1.5193745347683	0.875	0.061	7.27930583481838e-15
actn3b	5.75132175469212e-18	1.93293562262724	1	0.101	1.15026435093843e-14
spegb	8.04930998286888e-18	0.651464637609888	1	0.074	1.60986199657378e-14
myog	9.45964086136422e-18	0.366326102063428	1	0.089	1.89192817227284e-14
txlnbb	7.8775064235303e-17	1.15601334553622	1	0.049	1.57550128470606e-13
stac3	1.12202176896799e-16	0.78875181328137	0.875	0.067	2.24404353793599e-13
ttn.2	2.60448763284217e-16	3.00960892344501	1	0.081	5.20897526568434e-13
actn3a	4.12463061197569e-16	3.18360642153787	1	0.118	8.24926122395139e-13
klhl41b	8.09672100762454e-16	1.34052931934586	1	0.085	1.61934420152491e-12
ttn.1	1.18419731438081e-15	2.50277143942263	1	0.091	2.36839462876163e-12
pfkmb	1.59560110066406e-15	1.02822292105676	0.75	0.022	3.19120220132813e-12
myoz1a	3.60346528838936e-15	1.0683100110383	1	0.137	7.20693057677872e-12
ckmt2b	4.43115595560501e-14	2.06279283320128	1	0.154	8.86231191121002e-11
ldb3b	8.30697672793285e-14	2.61169950217083	1	0.162	1.66139534558657e-10
prx	3.00066425215871e-13	1.10546397103573	1	0.028	6.00132850431743e-10
cavin4b	3.31542186724718e-13	2.0699869554925	1	0.159	6.63084373449436e-10
fbxl22	5.22279419296680e-13	0.92590171083831	0.875	0.029	1.04455883859336e-09
egfl6	9.37642887549584e-13	0.300712019474459	1	0.116	1.87528577509917e-09
ankrd1a	1.18146859058294e-12	0.537322708571004	1	0.17	2.36293718116587e-09
trim63b	1.55056823121658e-12	0.803667223514368	1	0.176	3.10113646243315e-09
hhatla	2.30894871019024e-12	1.79937340262592	1	0.131	4.61789742038049e-09
zgc:92287	3.46908321267946e-12	1.17484924951972	1	0.185	6.93816642535893e-09
hrc	3.75626656175305e-12	1.23377976237077	1	0.173	7.5125331235061e-09
mybphb	6.3954211178064e-12	2.28525730914537	1	0.158	1.27908422356128e-08
smyd1a	6.65601648612204e-12	1.42261354380186	1	0.169	1.33120329722441e-08
si:ch73-367p23.2	7.42383929155728e-12	3.38126346223372	1	0.16	1.48476785831146e-08
anxa6	7.49143286497006e-12	0.805912861139062	1	0.161	1.49828657299401e-08
mybpc3	1.27236691976677e-11	3.59948360804459	0.875	0.133	2.54473383953355e-08
actc1a.1	1.59232940419908e-11	3.46089434165839	1	0.188	3.18465880839816e-08
cav3	5.01408956199619e-11	2.01036792873147	1	0.196	1.00281791239924e-07
bves	6.387841885564e-11	0.544434018028155	1	0.169	1.2775683771128e-07
tmem38a	7.28413010065114e-11	3.13438480355532	1	0.157	1.45682602013023e-07
pkmb	1.47919946094651e-10	2.67159283313006	1	0.216	2.95839892189301e-07
usp13	1.52645400772664e-10	0.641968167924355	1	0.119	3.05290801545329e-07
CABZ01066312.1	1.58123588597314e-10	0.385352346382163	1	0.151	3.16247177194627e-07
casq2	2.95075083345564e-10	2.56193855801777	1	0.242	5.90150166691127e-07
srl	3.25650535307673e-10	3.89474109316896	1	0.246	6.51301070615347e-07
cckb	3.38995608846014e-10	0.606876497288045	0.875	0.051	6.77991217692028e-07
fbp2	4.90895611434233e-10	0.40767837475716	0.625	0.007	9.81791222868465e-07
cap2	4.95775085412081e-10	0.54977934977821	1	0.173	9.91550170824162e-07
hhatlb	6.32897347334942e-10	1.94068397510158	1	0.106	1.26579469466988e-06
CABZ01078594.1	6.83176113773416e-10	1.73763905047619	1	0.178	1.36635222754683e-06
pgam2	1.15322134075429e-09	3.74152780824588	1	0.266	2.30644268150857e-06
zgc:86709	1.2731686304485e-09	2.75504591882168	1	0.151	2.54633726089701e-06
pabpc4	1.42891747719086e-09	2.79640245345791	1	0.237	2.85783495438171e-06
nmrk2	2.20341289373456e-09	2.78323722078477	1	0.24	4.40682578746911e-06
hspb11	2.56393684600442e-09	1.19797185822696	1	0.198	5.12787369200883e-06
si:ch211-255p10.3	2.80803072384732e-09	2.27872354342219	1	0.231	5.61606144769463e-06
si:dkey-74k8.3	3.07387010844703e-09	0.582611641282068	1	0.182	6.14774021689405e-06
txnipb	3.16814997352739e-09	2.34510839750966	1	0.05	6.33629994705478e-06
pbxip1b	3.2463277238428e-09	0.652529325643661	1	0.268	6.4926554476856e-06
mafaa	4.72259619543683e-09	0.680616904415896	1	0.121	9.44519239087365e-06
hspb9	5.8962710085573e-09	3.48796468190369	1	0.276	1.17925420171146e-05
ankrd9	1.02300975761967e-08	2.23359398715761	0.875	0.15	2.04601951523934e-05
desma	1.31345160546429e-08	2.9075131789427	1	0.312	2.62690321092859e-05
tnni2a.1	2.12806105168921e-08	0.755073228236346	1	0.328	4.25612210337841e-05
tnni2b.1	2.86801149111952e-08	2.80328536079432	1	0.362	5.73602298223905e-05
si:ch211-214j24.14	2.89859704572476e-08	0.960460736438665	1	0.188	5.79719409144952e-05
aldoab	3.61695647785337e-08	4.34957087130824	1	0.364	7.23391295570675e-05
tnnc2	4.41420795429614e-08	4.25197404514381	1	0.288	8.82841590859228e-05
tnnt3a	4.87812090034144e-08	5.02615117162938	1	0.34	9.75624180068287e-05
atp2a1	5.40093856598731e-08	5.92542685699887	1	0.399	0.000108018771319746
nme2b.2	6.51638956869686e-08	3.86847275974826	1	0.257	0.000130327791373937
tent5c	6.56542439206284e-08	0.779231694081273	1	0.206	0.000131308487841257
capn3b	7.05838433146798e-08	0.994670889392007	0.75	0.05	0.00014116768662936
tcap	7.95327707787166e-08	4.28068650836865	1	0.375	0.000159065541557433
acta1a	8.31484561949491e-08	4.68053707368146	1	0.217	0.000166296912389898
ckmb	9.90330260953929e-08	6.59254331222419	1	0.415	0.000198066052190786
acta1b	1.16518866647118e-07	5.49525753231825	1	0.344	0.000233037733294235
gapdh	1.25185055932147e-07	4.68390863008958	1	0.446	0.000250370111864293
ckma	1.35144180059907e-07	6.06758761377956	1	0.376	0.000270288360119814
prss1	1.68032502122435e-07	0.297669681441071	1	0.342	0.00033606500424487
apobec2a	1.9591435454041e-07	1.35878863196545	0.875	0.125	0.000391828709080821
ak1	2.28578443882607e-07	4.21797683530435	1	0.501	0.000457156887765215
si:ch73-141c7.1	2.30731367060834e-07	0.858538493720227	1	0.199	0.000461462734121667
si:dkey-16p21.8	2.94060092080331e-07	3.45183829456907	1	0.385	0.000588120184160663
zgc:92518	3.31109530188908e-07	0.678258556953265	0.75	0.048	0.000662219060377816
pvalb4	3.48331302146012e-07	6.83615327480751	1	0.497	0.000696662604292024
ppp1r3cb	3.52459135198718e-07	0.526310447383771	1	0.175	0.000704918270397437
tpma	4.17830812967919e-07	5.34507190965649	1	0.461	0.000835661625935838
cox5b2	4.69307921869363e-07	0.67708460994122	0.875	0.175	0.000938615843738725
lbx2	4.83109122207721e-07	0.262399649771961	1	0.175	0.000966218244415443
actc1b	6.13530199208226e-07	7.38458130991371	1	0.662	0.00122706039841645
tnni4b.2	6.30730733090409e-07	5.22927778599991	1	0.358	0.00126146146618082
gamt	6.782209915718e-07	2.05988675515732	1	0.418	0.0013564419831436
mylpfa	7.16088980852635e-07	7.26618289641313	1	0.52	0.00143217796170527
slc25a33	7.93642587901284e-07	1.28623862630406	1	0.232	0.00158728517580257
sp8a	8.62298436536371e-07	0.263771740084856	1	0.215	0.00172459687307274
nr4a1	8.69828558661332e-07	0.874504619911653	1	0.34	0.00173965711732266
tpm2	9.01735756562729e-07	5.7279217537706	1	0.29	0.00180347151312546
gatm	1.0270201623921e-06	0.749026566351997	1	0.256	0.0020540403247842
myoz2a	1.30764266168499e-06	0.998249029334684	0.75	0.079	0.00261528532336999
rgcc	1.42714942775817e-06	3.10404682967611	1	0.429	0.00285429885551633
pvalb1	1.61500975250065e-06	5.49559921917062	1	0.48	0.0032300195050013
dhdhl	1.73488753152397e-06	0.362107351357525	1	0.333	0.00346977506304794
si:ch73-366l1.5	1.81640355021651e-06	1.05387946094789	1	0.399	0.00363280710043302
eno3	1.91785486104578e-06	2.77941698197244	1	0.566	0.00383570972209157
fhl2a	2.05346880560851e-06	0.577262690557055	1	0.311	0.00410693761121702
mat1a	2.06815143727723e-06	0.346175600164585	1	0.195	0.00413630287455447
xirp2a	2.11220216061508e-06	0.871005714209009	1	0.283	0.00422440432123017
cox17	2.21304338497177e-06	2.12998203356741	1	0.425	0.00442608676994355
vwa1	2.24222440964719e-06	0.299788529482127	1	0.318	0.00448444881929438
ldb3a	2.55568813842579e-06	1.34936926926468	0.875	0.102	0.00511137627685158
crabp2a	2.84233761906558e-06	0.49500056328438	1	0.215	0.00568467523813115
sod2	3.11718464871959e-06	1.21138426622364	1	0.382	0.00623436929743918
uacab	3.40994796971726e-06	0.693675985620213	0.875	0.152	0.00681989593943451
nog1	4.29675764229007e-06	0.442028577063659	1	0.311	0.00859351528458015
slc16a10	4.81690620549864e-06	0.351061962838499	1	0.422	0.00963381241099729
cd151	5.67636998539619e-06	0.394827308317019	1	0.401	0.0113527399707924
chchd10	6.97839372209387e-06	2.04044746632982	1	0.292	0.0139567874441877
si:dkey-12j5.1	7.45859121074787e-06	0.361555822076438	1	0.244	0.0149171824214957
zgc:66479	8.61092943728927e-06	0.34788419488009	1	0.216	0.0172218588745785
rnd2	9.86877574212856e-06	0.331205653560123	0.875	0.174	0.0197375514842571
si:dkey-44g23.5	1.096393951767e-05	1.01304610933701	1	0.293	0.02192787903534
lgals2a	1.18433714702611e-05	1.18898800835873	1	0.455	0.0236867429405223
zgc:92429	1.2588120569246e-05	0.501861781173768	1	0.294	0.025176241138492
syngr2b	1.32094018942314e-05	0.742669750385771	1	0.411	0.0264188037884629
tpm1	1.56851152911492e-05	1.21334554737542	1	0.572	0.0313702305822984
hsp90aa1.1	1.6653974300063e-05	0.834707719461354	1	0.366	0.0333079486001261
atp5mc1	1.69173908432554e-05	2.93549549516412	1	0.72	0.0338347816865108
lipg	1.71601167783259e-05	0.519903390295233	1	0.384	0.0343202335566518
mapre1a	1.78546405382034e-05	0.347855553735268	1	0.206	0.0357092810764068
si:dkey-46i9.1	2.17410510919272e-05	0.475477238194914	0.875	0.103	0.0434821021838544
arpp21	2.20409413054836e-05	0.942578464253843	1	0.406	0.0440818826109671
