gene	p_val	avg_log2FC	pct.1	pct.2	p_val_adj
tyrp1a	1.06203700081012e-144	3.84992899567225	1	0.451	2.12407400162024e-141
mlpha	8.29332184903876e-140	3.17531099724675	0.995	0.442	1.65866436980775e-136
slc45a2	6.46261490466527e-138	4.42738116850001	1	0.537	1.29252298093305e-134
zgc:91968	1.57228226451308e-137	4.24373991890001	1	0.509	3.14456452902617e-134
gpr143	2.43464796938614e-135	3.28564796319585	0.991	0.464	4.86929593877228e-132
mtbl	4.27144338903994e-135	4.19458274158886	0.995	0.542	8.54288677807988e-132
dct	1.14137485427358e-133	4.37972042137351	1	0.582	2.28274970854716e-130
slc2a15b	1.39391132479615e-133	2.51995974643643	0.91	0.275	2.7878226495923e-130
s100a10b	9.71422519680677e-132	4.42103470939849	0.995	0.574	1.94284503936135e-128
gstt1a	4.02230890674665e-131	3.56690738146776	0.991	0.413	8.0446178134933e-128
pmela	2.45565099360636e-129	4.72699009356199	1	0.7	4.91130198721272e-126
tyrp1b	3.29489413492027e-127	4.6938688602891	1	0.779	6.58978826984054e-124
atp6v0ca	5.87187989407851e-127	2.80426694513731	1	0.551	1.1743759788157e-123
tmem243a	1.25362484578868e-126	2.82980654572281	0.958	0.418	2.50724969157736e-123
spock3	3.11928084886844e-126	2.89193536584287	0.972	0.418	6.23856169773689e-123
mt2	9.09709903603125e-125	3.88255811369256	0.972	0.518	1.81941980720625e-121
icn	3.24509274805108e-123	4.67779564564316	0.991	0.701	6.49018549610216e-120
abracl	2.52065012182599e-122	2.60838313645791	0.972	0.332	5.04130024365197e-119
pttg1ipb	8.94201392560461e-122	2.73205507218858	0.967	0.457	1.78840278512092e-118
prdx2	2.69453091836367e-121	2.43071488217446	1	0.884	5.38906183672734e-118
slc22a2	1.72865982790756e-120	2.49691363241509	0.892	0.32	3.45731965581511e-117
slc22a7a	1.89154762120689e-120	2.88513455581543	0.958	0.468	3.78309524241378e-117
zgc:110339	8.75101852128586e-119	2.685666320966	0.995	0.572	1.75020370425717e-115
pfn1	1.00645693976146e-118	2.35767062966336	0.995	0.59	2.01291387952293e-115
rhag	1.16721231173485e-118	2.58534750993311	0.972	0.497	2.3344246234697e-115
gch2	1.25647466011788e-117	2.59632382444124	0.995	0.617	2.51294932023575e-114
fabp3	5.13999967241248e-117	2.50101967180339	0.995	0.732	1.0279999344825e-113
anxa2a	6.22742059411488e-117	3.07168743730869	0.943	0.445	1.24548411882298e-113
rabl6b	6.62440663449858e-117	2.54485245662253	0.929	0.355	1.32488132689972e-113
slc3a2a	1.69167861095335e-115	2.72068033020488	0.939	0.458	3.3833572219067e-112
tspan36	1.78009305043416e-115	3.24511593480345	0.962	0.445	3.56018610086832e-112
zdhhc2	2.7191629630448e-115	2.55625693855789	0.877	0.332	5.4383259260896e-112
vamp3	1.54894598778527e-112	2.10542753216247	0.995	0.75	3.09789197557055e-109
pcbd1	2.45301011385032e-112	2.66223813966976	0.958	0.429	4.90602022770065e-109
gstp1	4.2834366266603e-112	2.21317870769124	1	0.743	8.5668732533206e-109
ctsd	4.52419736262618e-112	2.52790734873398	0.972	0.498	9.04839472525236e-109
si:dkey-204f11.64	1.83635334099318e-110	2.48755889878525	0.962	0.534	3.67270668198637e-107
anxa1a	5.22797842742478e-110	3.04294973054641	0.967	0.579	1.04559568548496e-106
rtn1b	3.0985093470506e-107	2.26931354874683	0.991	0.518	6.19701869410121e-104
arl6ip1	1.76469457059237e-106	2.17167732272012	0.986	0.664	3.52938914118473e-103
csrp2	1.82171199910256e-106	2.42366313125712	0.873	0.361	3.64342399820513e-103
si:dkey-21a6.5	1.10455186995207e-105	2.20982348285805	0.91	0.415	2.20910373990414e-102
cd63	4.73547562636924e-101	2.11095811395554	0.986	0.799	9.47095125273849e-98
cst14a.2	8.37028933847194e-101	1.94438158200008	0.986	0.606	1.67405786769439e-97
actb2	1.94337505786775e-98	1.67330808635119	1	0.999	3.8867501157355e-95
rasd1	1.1838940974435e-92	2.51315269470633	0.863	0.391	2.367788194887e-89
tmem243b	1.75869330158558e-91	1.88535435663949	0.849	0.305	3.51738660317117e-88
ak1	8.23482733189492e-91	2.3814996645887	0.882	0.48	1.64696546637898e-87
fabp11a	7.47422686163258e-90	2.90430626852214	0.844	0.369	1.49484537232652e-86
ckbb	8.17392327895528e-90	1.90166985021567	0.967	0.553	1.63478465579106e-86
tfap2e	1.31521998567464e-87	2.11319351561427	0.83	0.352	2.63043997134928e-84
smim29	4.5472717545745e-86	2.23629047355445	0.906	0.558	9.094543509149e-83
tuba8l3	3.35795108508563e-85	2.03078246022642	0.972	0.599	6.71590217017126e-82
mitfa	3.27537648475679e-84	2.19972790570023	0.792	0.346	6.55075296951359e-81
alkal2b	5.48251817444623e-84	1.65301914453893	0.632	0.174	1.09650363488925e-80
slc38a11	4.69626847934766e-83	1.75698925353207	0.726	0.268	9.39253695869532e-80
rnaseka	3.20500464120698e-82	1.80118065598102	0.882	0.464	6.41000928241396e-79
cotl1	1.31482905095851e-81	1.73248416962886	0.934	0.507	2.62965810191703e-78
fxyd1	8.24635926964792e-81	1.65607163663351	0.967	0.637	1.64927185392958e-77
nqo1	4.1118134781366e-80	2.01521580261663	0.792	0.345	8.2236269562732e-77
rab32a	8.28832995028046e-80	1.90104344320776	0.816	0.373	1.65766599005609e-76
plpp1a	2.28565334132772e-79	1.73207091239829	0.844	0.428	4.57130668265544e-76
slc30a8	1.01664547593701e-78	1.27595608970427	0.538	0.125	2.03329095187402e-75
bloc1s6	1.15562637019711e-77	1.87834991111106	0.858	0.474	2.31125274039422e-74
tspan10	6.19198178192433e-77	1.50443777787837	0.651	0.192	1.23839635638487e-73
slc24a4a	1.17261166681881e-76	1.64637122483965	0.665	0.228	2.34522333363762e-73
lgals2a	1.47994571070021e-76	2.66081469824908	0.816	0.435	2.95989142140041e-73
s100w	2.49314074616954e-74	2.05058253838205	0.717	0.292	4.98628149233908e-71
slc29a3	3.99533782320704e-73	2.09613521417957	0.778	0.391	7.99067564641408e-70
pcdh10a	1.63915373749747e-72	1.7065982616512	0.774	0.344	3.27830747499495e-69
si:ch211-195b13.1	7.78775766231957e-72	2.25108139596714	0.788	0.403	1.55755153246391e-68
ctsla	4.05612290621996e-71	1.43601911094217	0.991	0.843	8.11224581243991e-68
ucp2	7.70648382142014e-71	1.7777435284012	0.929	0.675	1.54129676428403e-67
sypl2b	3.28909507168225e-70	1.67592155903959	0.769	0.331	6.5781901433645e-67
agtrap	1.76255177225777e-69	1.51118835906575	0.722	0.29	3.52510354451554e-66
sh3glb2b	2.41753444721932e-68	1.47564933422326	0.75	0.263	4.83506889443865e-65
gramd2aa	3.50976789046272e-67	2.05964857344567	0.741	0.35	7.01953578092544e-64
cdh1	4.60561463488875e-66	1.50371020437952	0.651	0.239	9.2112292697775e-63
atp6v1g1	1.49844730972771e-63	1.42656442154669	0.91	0.591	2.99689461945541e-60
marcksl1b	3.50373916637178e-61	1.31229271340028	1	0.783	7.00747833274356e-58
CPNE8	3.11890204338462e-60	1.69845284385986	0.769	0.462	6.23780408676924e-57
zgc:165573	6.65626332704622e-59	1.5335806574839	0.769	0.445	1.33125266540924e-55
slc29a1a	9.67413037070529e-59	1.23113832595669	0.538	0.127	1.93482607414106e-55
atp6ap2	2.08262530443992e-58	1.31111221731458	0.873	0.518	4.16525060887984e-55
ift27	3.42641007423842e-58	1.32370516634281	0.594	0.181	6.85282014847684e-55
ap3m2	1.20738263840783e-57	1.42263527968865	0.693	0.285	2.41476527681565e-54
slc37a2	4.31974817216826e-56	1.38229549738626	0.873	0.636	8.63949634433653e-53
anxa5b	1.02981900971344e-55	1.68329988577581	0.802	0.548	2.05963801942687e-52
dtnbp1a	2.81546574293088e-55	1.48946721023168	0.726	0.364	5.63093148586176e-52
tubb4b	2.89044110672167e-55	1.1097259630437	1	0.979	5.78088221344333e-52
gm2a	3.26792030086443e-54	1.32792822885016	0.623	0.232	6.53584060172886e-51
nptx1l	4.96248169288651e-54	1.63020059732233	0.552	0.169	9.92496338577303e-51
zgc:110591	2.4158803018995e-53	1.27867394937279	0.693	0.325	4.83176060379899e-50
atox1	8.96491560592102e-53	1.23428317055687	0.868	0.597	1.7929831211842e-49
hsd20b2	1.32421481879778e-52	1.44833808266797	0.604	0.248	2.64842963759557e-49
si:dkeyp-118a3.2	3.2392368911684e-52	0.949619170635299	0.434	0.1	6.47847378233681e-49
syngr2b	1.35029514777159e-51	1.61200069253872	0.708	0.395	2.70059029554319e-48
idh1	2.63730457626752e-50	1.35045916657108	0.811	0.546	5.27460915253504e-47
tmsb4x	2.33215065230532e-49	0.752425033843164	1	0.989	4.66430130461065e-46
atp6v1e1b	2.50220590731537e-49	1.0727137387701	0.868	0.554	5.00441181463073e-46
tyr	2.54503614054496e-49	0.635476184526869	0.307	0.05	5.09007228108991e-46
rab7a	4.02129136036895e-49	1.28067261843191	0.821	0.596	8.0425827207379e-46
drd3	5.71300651225099e-48	2.0925308534455	0.519	0.183	1.1426013024502e-44
emp3b	1.45977219428749e-47	1.54061071440215	0.608	0.274	2.91954438857498e-44
tuba8l	1.79601762261075e-47	1.23810729698732	0.887	0.558	3.59203524522151e-44
slc39a10	2.37851506277736e-47	1.4369047951593	0.594	0.268	4.75703012555472e-44
akr1b1	4.14751821089783e-47	1.67633208097821	0.736	0.47	8.29503642179566e-44
cdk15	1.10618982869468e-46	1.11310033925853	0.524	0.178	2.21237965738936e-43
ldhba	1.80054040011236e-46	1.35366106327467	0.92	0.687	3.60108080022473e-43
mdh1aa	2.47016089565484e-46	1.023878934087	0.863	0.548	4.94032179130968e-43
ctsba	2.56157853722929e-46	1.21638544076248	0.816	0.587	5.12315707445857e-43
eno3	1.29643081273305e-44	1.33747476525397	0.778	0.555	2.5928616254661e-41
cited1	1.56804769362939e-44	1.07676698158292	0.547	0.204	3.13609538725879e-41
iscub	1.51319600043271e-43	1.43757753524583	0.646	0.36	3.02639200086542e-40
elovl1b	1.60965734046401e-43	0.834255983045133	0.896	0.66	3.21931468092802e-40
si:zfos-943e10.1	2.74320694864477e-43	1.39893307201559	0.693	0.399	5.48641389728953e-40
vamp5	1.45819754511244e-42	1.28366891481007	0.67	0.378	2.91639509022488e-39
qdpra	3.16338447682789e-42	1.86640790248149	0.698	0.451	6.32676895365578e-39
atp6v0a2b	1.62404215102609e-41	1.25900708497449	0.585	0.293	3.24808430205219e-38
CLEC3A	5.54062594874119e-41	1.17814194305479	0.415	0.13	1.10812518974824e-37
ctsh	6.602812895764e-41	1.37550665491806	0.618	0.339	1.3205625791528e-37
tdh	4.88540073115155e-40	1.56512220210461	0.807	0.606	9.77080146230311e-37
hsc70	5.06005591663371e-40	1.59549032328548	0.524	0.224	1.01201118332674e-36
pah	4.65741264482587e-39	1.42356016887699	0.599	0.316	9.31482528965174e-36
ocstamp	8.04638287606959e-38	0.716866789353106	0.33	0.082	1.60927657521392e-34
prkar1b	2.09228685068298e-37	1.00507182336557	0.462	0.172	4.18457370136596e-34
nme4	4.85305844004806e-36	1.14279206624354	0.566	0.298	9.70611688009612e-33
atp6v1ab	2.8974812644125e-35	1.11576263583103	0.561	0.294	5.79496252882501e-32
bhlhe40	7.52972194009059e-34	1.57501126381736	0.689	0.503	1.50594438801812e-30
prdx6	8.45082311633484e-34	1.05812093023232	0.613	0.359	1.69016462326697e-30
id2a	4.4267611681694e-32	1.05327922628772	0.873	0.68	8.8535223363388e-29
si:dkey-238d18.4	1.11096348609104e-31	0.848846231392297	0.349	0.105	2.22192697218209e-28
inka1b	1.19117975523098e-31	1.25846999599707	0.481	0.24	2.38235951046195e-28
anxa13l	1.65371283053129e-31	1.00100617306601	0.637	0.423	3.30742566106257e-28
kcnj13	2.37189524789008e-31	0.629037836053296	0.25	0.046	4.74379049578016e-28
naga	7.0099489756126e-31	1.16679114372992	0.613	0.398	1.40198979512252e-27
gpm6ab	3.54791886944556e-29	0.490326044677043	0.783	0.542	7.09583773889112e-26
pitpnaa	4.75415928057283e-28	0.970208170235504	0.557	0.334	9.50831856114566e-25
slc24a5	1.33537182618748e-27	0.866472140243295	0.406	0.168	2.67074365237497e-24
ndrg1a	1.41318739716435e-27	0.921897073151564	0.509	0.286	2.82637479432869e-24
cox4i2	1.6069923784462e-26	1.07118738062182	0.613	0.425	3.21398475689239e-23
stx12	2.88515877398899e-26	1.01597699878829	0.67	0.502	5.77031754797799e-23
hnmt	4.9500240118143e-26	0.532190938715328	0.241	0.057	9.9000480236286e-23
slc39a1	7.27936001563876e-26	1.16276795430344	0.571	0.399	1.45587200312775e-22
CABZ01032488.1	6.28830449071503e-25	1.00798497130319	0.608	0.436	1.25766089814301e-21
tfap2a	3.73872832385953e-24	0.79100968698231	0.486	0.279	7.47745664771906e-21
bhlhe41	6.80302152517129e-23	1.16557675048895	0.561	0.401	1.36060430503426e-19
stx12l	4.43693911461018e-22	1.09737362222832	0.519	0.35	8.87387822922036e-19
zgc:63831	6.63763051070857e-22	1.03318630491376	0.533	0.37	1.32752610214171e-18
msx2b	3.14234372468802e-21	0.91352949167816	0.458	0.292	6.28468744937605e-18
capns1a	6.04615310837373e-21	0.850938140725227	0.736	0.63	1.20923062167475e-17
gnpda1	6.54046154419743e-21	0.658401163958608	0.382	0.206	1.30809230883949e-17
si:ch211-71m22.3	5.90220937675928e-20	0.984313950549199	0.344	0.154	1.18044187535186e-16
frmd8	2.36243289307083e-19	1.13332037102571	0.491	0.361	4.72486578614165e-16
sik1	3.45300288465398e-19	0.892986806940961	0.349	0.22	6.90600576930795e-16
anxa4	8.46320962813306e-19	0.705847380560456	0.712	0.611	1.69264192562661e-15
zgc:175088	1.48169331409349e-18	0.664420481650622	0.599	0.457	2.96338662818698e-15
dhrs9	3.44554083576787e-18	1.04872971991723	0.42	0.249	6.89108167153574e-15
gpx4a	4.50513227414737e-18	0.870828075100586	0.651	0.572	9.01026454829475e-15
cdo1	2.557310588287e-17	1.16779220452727	0.552	0.45	5.114621176574e-14
si:dkeyp-69c1.9	6.08077285377747e-17	0.541113041661756	0.245	0.093	1.21615457075549e-13
lgmn	6.10034988821975e-17	0.78026805648216	0.594	0.468	1.22006997764395e-13
rgs16	1.59789094543653e-16	1.28208774482106	0.448	0.313	3.19578189087305e-13
atp6v1ba	1.64796898173123e-16	0.776234410233196	0.632	0.532	3.29593796346245e-13
osbpl10b	1.70954297362768e-16	0.966856732241861	0.486	0.373	3.41908594725536e-13
dap	4.14380692529e-16	0.637455768232746	0.656	0.516	8.28761385058e-13
gyg1b	4.21261302942921e-16	0.444382768014873	0.684	0.567	8.42522605885842e-13
atp6v1c1b	1.40424711667835e-15	0.810152183807595	0.448	0.323	2.80849423335669e-12
smyd1a	2.0323885808247e-15	0.672262207699534	0.325	0.162	4.06477716164941e-12
vat1	4.63978341995303e-15	0.468572862168232	0.561	0.406	9.27956683990606e-12
lin7a	4.75301117304957e-15	1.06132702168318	0.472	0.352	9.50602234609913e-12
id3	5.06786115132363e-15	0.563871343492309	0.717	0.56	1.01357223026473e-11
pnp4a	5.3297781795982e-15	0.778878985772048	0.439	0.332	1.06595563591964e-11
arl6ip5b	6.37227168887374e-15	0.739128175485064	0.604	0.502	1.27445433777475e-11
atp6v1h	4.52892997989447e-14	0.705003897325513	0.604	0.504	9.05785995978893e-11
gdi1	8.34087335504243e-14	0.726741756256803	0.604	0.487	1.66817467100849e-10
atp1b3b	9.78114913844089e-14	0.773968818775613	0.41	0.312	1.95622982768818e-10
eif4ebp3l	3.34656166607699e-13	0.311065208780422	0.528	0.379	6.69312333215399e-10
atp6ap1b	4.39936017543574e-13	0.667440614058231	0.448	0.361	8.79872035087149e-10
trpm1b	8.04028132103873e-13	0.910648332622849	0.349	0.208	1.60805626420775e-09
actn2b	1.21326442772982e-12	0.51748181023268	0.193	0.071	2.42652885545963e-09
gmps	2.15245857399308e-12	0.524030660323189	0.382	0.306	4.30491714798616e-09
gpd1c	2.34433570985091e-12	0.894587609747169	0.278	0.143	4.68867141970181e-09
plk3	1.01670314107814e-11	0.651516381320191	0.481	0.403	2.03340628215629e-08
pik3c3	1.52992367966328e-11	0.677417244889729	0.368	0.305	3.05984735932655e-08
tnfaip8l3	1.45430876795221e-10	0.971135831112068	0.458	0.401	2.90861753590442e-07
bves	2.22438088225414e-10	0.654786267980444	0.278	0.164	4.44876176450827e-07
zgc:110789	3.45116576444401e-10	0.569573589895572	0.292	0.174	6.90233152888801e-07
si:ch211-153b23.7	5.21530869415286e-10	0.423421402378674	0.184	0.078	1.04306173883057e-06
atp6v0a1a	6.81534463718922e-10	0.873969363150658	0.462	0.424	1.36306892743784e-06
tpi1b	3.78297441841495e-09	0.355780312480038	0.608	0.518	7.5659488368299e-06
cited4b	3.91600040919198e-09	0.554199235431236	0.514	0.442	7.83200081838396e-06
hopx	6.3192362956533e-09	0.963199516999316	0.476	0.449	1.26384725913066e-05
tnfaip2a	7.6304613684367e-09	0.924437842392229	0.396	0.356	1.52609227368734e-05
rab34b	1.39554115065931e-08	0.649647534075265	0.316	0.222	2.79108230131863e-05
hs1bp3	1.83857187393296e-08	0.560799541000376	0.264	0.175	3.67714374786592e-05
cmtm7	8.5509853076708e-08	0.527177036886207	0.557	0.541	0.000171019706153416
si:ch211-243a20.3	1.1466887075728e-07	0.86865582337356	0.42	0.367	0.000229337741514559
slc30a1a	1.16298379165247e-07	1.06299738862661	0.439	0.43	0.000232596758330493
nfkbiaa	3.42921198035178e-07	0.453630949892383	0.189	0.462	0.000685842396070356
gatm	3.81994009738388e-07	0.562982232039268	0.302	0.255	0.000763988019476776
tmeff2b	6.35891304447367e-07	0.70810488673601	0.358	0.302	0.00127178260889473
calm2a	7.53452986423083e-07	0.315833148411961	0.726	0.674	0.00150690597284617
si:dkey-56m19.5	7.76095880789494e-07	0.28841911035746	0.392	0.357	0.00155219176157899
atp5mc1	1.08354853549891e-06	0.27968021050594	0.745	0.719	0.00216709707099782
gpa33a	2.13819782610849e-06	0.277153907392735	0.123	0.054	0.00427639565221698
snai2	2.1990878246646e-06	0.573590773366264	0.481	0.47	0.0043981756493292
plppr5a	2.2089377661143e-06	0.48276068139323	0.231	0.148	0.0044178755322286
anxa3b	2.49730564958361e-06	0.424792411004488	0.571	0.554	0.00499461129916723
gstz1	2.92300269009476e-06	0.63752274560292	0.458	0.461	0.00584600538018952
uchl1	3.23545001483807e-06	0.437654314550723	0.491	0.468	0.00647090002967613
pgd	4.21668784208983e-06	0.489602217735439	0.335	0.339	0.00843337568417967
cd151	4.69394599623778e-06	0.809566191475005	0.41	0.401	0.00938789199247555
b2m	8.48861550384813e-06	0.449789821515809	0.203	0.227	0.0169772310076963
FP085398.1	8.79063268045219e-06	0.464148340592112	0.193	0.118	0.0175812653609044
