gene	p_val	avg_log2FC	pct.1	pct.2	p_val_adj
si:ch211-14k19.8	1.49191746985276e-32	2.4072577549409	0.96	0.13	2.98383493970552e-29
ttc36	1.51907753361723e-23	3.98243535057933	1	0.352	3.03815506723445e-20
hhla2a.1	1.14736231980576e-22	1.55000785924343	0.96	0.259	2.29472463961152e-19
vcanb	1.20496736388993e-21	3.96052298301978	0.96	0.245	2.40993472777987e-18
hgd	1.30089726382366e-20	5.09311324477248	1	0.433	2.60179452764731e-17
pah	1.8039049637184e-20	3.49007009220212	0.96	0.328	3.6078099274368e-17
CABZ01074130.1	1.89910296676931e-20	8.04445612455785	1	0.482	3.79820593353863e-17
mxra8a	1.32699388450843e-19	2.21495219485239	0.92	0.304	2.65398776901685e-16
crabp2a	4.12722137550486e-19	2.69722465151909	0.96	0.212	8.25444275100972e-16
slc16a10	5.38505599783264e-19	3.26514269459649	0.96	0.419	1.07701119956653e-15
bhmt	1.05656365725363e-18	3.51977930962029	1	0.578	2.11312731450727e-15
tuba8l2	1.80211975300519e-18	2.08181205343755	0.96	0.274	3.60423950601038e-15
qdpra	6.44092066961902e-18	2.72034793940913	1	0.461	1.2881841339238e-14
cbr1l	7.66352612082037e-18	2.99456921579607	0.96	0.326	1.53270522416407e-14
pcbd1	9.55305776641859e-18	3.10101705803483	1	0.454	1.91061155328372e-14
si:dkey-12l12.1	2.8876734755633e-17	2.95151417419925	0.88	0.322	5.77534695112661e-14
aqp3a	7.10066339682888e-17	4.40601967249572	0.96	0.49	1.42013267936578e-13
glud1b	2.35619089337891e-16	2.15073540474311	1	0.569	4.71238178675781e-13
zgc:66479	2.8198524684362e-16	2.04971495900319	0.88	0.214	5.6397049368724e-13
ucp2	3.0190081541705e-16	3.71112316474472	1	0.687	6.03801630834099e-13
mxra8b	7.28015442285204e-16	1.86958634619933	1	0.461	1.45603088457041e-12
selenop	1.61116683160414e-15	2.65555416197618	0.96	0.491	3.22233366320828e-12
serpine2	1.88202210258157e-15	2.93277777503207	0.96	0.499	3.76404420516315e-12
plpp3	4.30523918552954e-15	2.04360988767807	0.96	0.463	8.61047837105908e-12
pdk2b	4.50611656100303e-15	2.33823243991741	1	0.593	9.01223312200606e-12
twist3	6.66716402951944e-15	1.72310912909206	0.8	0.137	1.33343280590389e-11
cdo1	8.38437560698757e-15	1.96802105654278	0.96	0.452	1.67687512139751e-11
prdx1	1.249779292378e-14	2.91844079137547	0.96	0.493	2.49955858475599e-11
ctsk	1.44579679997381e-14	1.90635287380122	0.92	0.378	2.89159359994762e-11
mdh1aa	2.28568739168849e-14	3.2842040385753	1	0.563	4.57137478337699e-11
fthl27	2.93395868149822e-14	2.47355227017217	1	0.972	5.86791736299644e-11
si:ch73-86n18.1	4.37099819127815e-14	2.05750538712746	0.84	0.3	8.74199638255629e-11
cebpd	9.58954342337593e-14	2.12632167840052	1	0.806	1.91790868467519e-10
vstm4a	2.79393296155088e-13	1.71732985583628	0.84	0.323	5.58786592310176e-10
zic2a	4.28037730540102e-13	1.82605395811739	0.84	0.322	8.56075461080204e-10
tspan18b	6.06527684729422e-13	2.10445745575888	0.84	0.377	1.21305536945884e-09
fmoda	9.83242212835946e-13	2.09330531888702	0.92	0.472	1.96648442567189e-09
gstz1	3.46937443720039e-12	2.61093917466008	0.84	0.458	6.93874887440078e-09
lrrc17	3.82787577439e-12	1.7525699140768	0.92	0.348	7.65575154877999e-09
txn	4.40989735669772e-12	2.31400566204071	0.88	0.511	8.81979471339543e-09
gch1	5.56273723303914e-12	1.94166391167014	0.8	0.327	1.11254744660783e-08
tgm2b	6.66985769089079e-12	1.46571873519173	0.76	0.282	1.33397153817816e-08
col1a1a	6.92715116730628e-12	5.85946837068047	0.88	0.605	1.38543023346126e-08
gstp1	1.94469230315446e-11	0.907962396931334	1	0.755	3.88938460630892e-08
si:dkey-44g23.5	2.05305937396724e-11	1.43504747875477	0.8	0.292	4.10611874793449e-08
sparc	2.39801586807413e-11	2.0883217787116	1	0.829	4.79603173614826e-08
aldob	4.00181715660685e-11	2.04314070422764	0.96	0.634	8.00363431321371e-08
cd82a	4.88255956779709e-11	1.17164099557333	0.96	0.675	9.76511913559418e-08
prrx1a	5.71042497328871e-11	1.54056934756172	0.92	0.365	1.14208499465774e-07
notum1b	6.57093139310414e-11	1.6546505998532	0.72	0.263	1.31418627862083e-07
im:7150988	3.01986458603288e-10	6.62042150380222	0.76	0.416	6.03972917206576e-07
cebpb	4.11903759133462e-10	1.72217131256529	1	0.758	8.23807518266924e-07
fbp1a	8.16909895154036e-10	1.49418543608758	0.8	0.431	1.63381979030807e-06
serpinf1	8.8829353077936e-10	1.94260621711192	0.76	0.361	1.77658706155872e-06
prrx1b	8.88317700411097e-10	1.05217265954389	0.84	0.248	1.77663540082219e-06
ecrg4a	9.63748585650171e-10	3.99722224827143	0.84	0.535	1.92749717130034e-06
gchfr	1.35068690584922e-09	1.41170104117566	0.76	0.366	2.70137381169844e-06
fkbp11	1.35339297194559e-09	1.25937473497457	0.84	0.47	2.70678594389118e-06
dcn	1.84029473231493e-09	1.32000023759204	0.8	0.351	3.68058946462985e-06
sult6b1	1.96358944841782e-09	1.13021319072446	0.96	0.714	3.92717889683563e-06
cdon	2.14314105512221e-09	0.940208452228726	0.72	0.232	4.28628211024442e-06
ldhba	2.20883622168134e-09	1.47039445769516	1	0.698	4.41767244336268e-06
abi3bpb	2.40260039935774e-09	2.04849182698872	0.68	0.296	4.80520079871549e-06
CABZ01085139.1	2.49777971009994e-09	1.25501839828872	0.68	0.296	4.99555942019988e-06
kazald3	6.32659579607453e-09	1.27904827325897	0.64	0.247	1.26531915921491e-05
angptl4	9.04287765165542e-09	1.83852394192416	0.96	0.769	1.80857553033108e-05
efna1b	1.09749911482835e-08	1.22236957263844	0.68	0.248	2.19499822965671e-05
eva1bb	1.18561167596228e-08	1.33562664227528	0.68	0.306	2.37122335192456e-05
rbp4	1.24311165011305e-08	1.99100452459082	0.76	0.444	2.48622330022609e-05
fhl2a	1.3596894834624e-08	1.51142224952699	0.68	0.31	2.71937896692481e-05
angptl2b	2.75042422331348e-08	1.52632928780794	0.56	0.168	5.50084844662696e-05
cited1	2.78563407350475e-08	0.947537523617041	0.68	0.219	5.57126814700951e-05
ugt1b5	1.04165376553029e-07	1.1527866444363	0.84	0.526	0.000208330753106058
six1b	1.17392822316067e-07	0.776511287197007	0.64	0.206	0.000234785644632133
sesn1	1.30759833935731e-07	1.19686428014581	0.88	0.638	0.000261519667871462
batf3	1.40565977529091e-07	0.567964720237562	0.44	0.094	0.000281131955058182
msx1b	1.53662604846564e-07	1.50704309613238	0.64	0.265	0.000307325209693128
gadd45bb	1.60500750977014e-07	1.28766628214927	0.96	0.605	0.000321001501954027
fgf10a	1.60882800626689e-07	1.00767509373733	0.6	0.233	0.000321765601253377
nipsnap3a	2.39260354450907e-07	0.775861755757903	0.48	0.135	0.000478520708901815
rrad	2.60874541042576e-07	2.32374646598616	0.64	0.315	0.000521749082085153
adipor2	3.02165266373434e-07	1.08774423708376	0.88	0.567	0.000604330532746868
fam43a	3.1833931004433e-07	1.52146989140506	0.68	0.367	0.000636678620088661
ntd5	3.84438375626856e-07	1.40822674548545	0.68	0.359	0.000768876751253713
eif4ebp3l	4.87573107742584e-07	1.28689607365744	0.8	0.384	0.000975146215485168
si:ch211-15b10.6	5.16572029105059e-07	0.889223794218817	0.96	0.617	0.00103314405821012
tnc	6.04415569285016e-07	0.686299319042256	0.56	0.174	0.00120883113857003
gpd1b	6.37403022107589e-07	0.767816459616695	0.56	0.219	0.00127480604421518
ctsba	6.79836981749712e-07	0.776826306089423	0.96	0.597	0.00135967396349942
mmp2	1.10198559749348e-06	0.951615207836963	0.92	0.64	0.00220397119498696
phgdh	1.34076899545476e-06	0.782803270693035	0.76	0.34	0.00268153799090953
enpp6	1.37721674744116e-06	0.884545163290275	0.6	0.276	0.00275443349488231
ved	1.51316350979161e-06	0.893962659273069	0.44	0.131	0.00302632701958321
ctsla	1.68630230178764e-06	0.966734923512956	1	0.85	0.00337260460357529
arrdc2	1.9684177082665e-06	1.57014764600689	0.8	0.59	0.00393683541653301
pim2	2.11063395064709e-06	0.884528684988457	0.8	0.434	0.00422126790129417
lxn	2.25780921768072e-06	1.79750527624546	0.68	0.431	0.00451561843536144
akap12b	2.73813501380905e-06	0.987458114345781	0.72	0.421	0.0054762700276181
fkbp9	2.87391650439664e-06	0.909808152969287	0.92	0.527	0.00574783300879328
zgc:162730	3.15043408081303e-06	1.04747733629931	1	0.874	0.00630086816162605
cpm	3.16597802256696e-06	1.56772561308282	0.52	0.223	0.00633195604513393
gpx4a	4.42584140488243e-06	0.781824047331211	0.84	0.574	0.00885168280976486
ca6	4.8768071504851e-06	2.60874424784568	0.48	0.193	0.0097536143009702
cyp1c1	5.34677663486719e-06	1.34660872490604	0.68	0.449	0.0106935532697344
zgc:174904	6.36779319690152e-06	1.14920394316026	0.56	0.281	0.012735586393803
tgfbi	9.59223061315441e-06	1.93210990835915	0.68	0.39	0.0191844612263088
rasgef1ba	1.09729670446026e-05	0.645674311852159	0.76	0.421	0.0219459340892053
zic1	1.1953920527809e-05	0.729530755728342	0.36	0.099	0.023907841055618
postnb	1.28752332901235e-05	1.05083392574812	0.6	0.283	0.025750466580247
gsr	1.36726840605608e-05	0.698688401516438	0.56	0.283	0.0273453681211215
gamt	1.49535972798862e-05	0.583072988777211	0.68	0.417	0.0299071945597724
cxcl14	1.56800266104414e-05	1.69176522529745	0.64	0.406	0.0313600532208829
calm3a.1	1.67849862556431e-05	0.848088517970988	0.96	0.702	0.0335699725112862
jdp2b	2.18845779508396e-05	1.08809831559783	0.92	0.784	0.0437691559016791
sp8a	2.26833469655999e-05	0.569718818724548	0.48	0.215	0.0453666939311999
