gene	p_val	avg_log2FC	pct.1	pct.2	p_val_adj
ppp1r14c	1.47946600131507e-256	0.412114123239439	0.97	0.061	2.95893200263015e-253
atp2b3b	7.89144390594581e-251	0.302342346879437	0.95	0.04	1.57828878118916e-247
slc2a3a	7.30674354727909e-246	0.639415301623172	0.99	0.102	1.46134870945582e-242
tmem178	6.65752767749424e-224	0.530481129592156	1	0.126	1.33150553549885e-220
sult4a1	1.76080669095086e-206	1.20427964098231	1	0.175	3.52161338190172e-203
SMIM18	5.02620467545004e-197	0.345297356643553	0.876	0.038	1.00524093509001e-193
vip	3.13431335510725e-196	1.05423437739154	1	0.175	6.26862671021449e-193
sypa	6.30310802577682e-196	0.582048004868857	0.995	0.094	1.26062160515536e-192
pyya	7.70964467087471e-193	0.304191511239759	0.9	0.097	1.54192893417494e-189
sv2a	1.5714057856267e-189	0.509960109124261	0.935	0.096	3.1428115712534e-186
cpne4a	3.43162604042512e-189	0.366530226945154	0.97	0.155	6.86325208085023e-186
fgf13b	2.1470435853424e-187	1.07691077709189	1	0.203	4.29408717068479e-184
hpcal4	1.4145713300063e-184	0.27506662566253	0.985	0.128	2.8291426600126e-181
tppp2	6.40666292057608e-182	0.401936584131262	1	0.203	1.28133258411522e-178
slc29a4	9.24042069639424e-182	0.797392704130347	1	0.204	1.84808413927885e-178
cyb561	7.87540996202208e-177	0.262102559069991	0.836	0.042	1.57508199240442e-173
cntnap2a	1.63955609424537e-175	0.558353376864021	0.995	0.242	3.27911218849075e-172
scg2b	2.43535407547997e-174	1.48484033810301	1	0.189	4.87070815095993e-171
chrnb4	1.03472092763895e-169	0.752903991085874	1	0.197	2.0694418552779e-166
plcxd3	2.25103230856216e-168	1.69637236592428	1	0.223	4.50206461712432e-165
cdk5r2a	3.42658664205907e-167	0.586899357178879	0.935	0.114	6.85317328411814e-164
scg5.1	1.36643016262117e-166	1.3447686433197	1	0.198	2.73286032524235e-163
prph	1.10846795736552e-164	0.644552436679896	1	0.234	2.21693591473104e-161
dbh	1.58941079306408e-162	0.383927621406513	0.925	0.166	3.17882158612817e-159
cbln1	4.17726117880103e-162	0.25965968532634	0.876	0.068	8.35452235760207e-159
syn2a	1.62010009750747e-159	1.18860495691005	1	0.194	3.24020019501494e-156
syt1a	2.06907627936688e-159	1.08136846356498	1	0.206	4.13815255873376e-156
snap25b	8.77359695163709e-153	1.08266457392793	0.9	0.096	1.75471939032742e-149
rab6bb	8.16857406915587e-149	1.35765396583211	1	0.257	1.63371481383117e-145
vgf	1.60277108945876e-148	0.726561005457313	1	0.223	3.20554217891752e-145
rab6ba	2.14740716943187e-148	0.260058157212522	0.905	0.178	4.29481433886374e-145
pcsk1nl	2.62610700620128e-148	1.81263725127908	1	0.259	5.25221401240257e-145
nfasca	1.90617295530862e-144	1.07887541795598	1	0.163	3.81234591061724e-141
syt4	2.26741355810927e-144	1.17048541862194	0.96	0.176	4.53482711621854e-141
cbln2b	2.4666736142479e-144	0.569859250610924	0.204	0.037	4.93334722849579e-141
jagn1a	7.62047908894451e-141	1.31257004731094	0.99	0.227	1.5240958177889e-137
eno2	2.97012145956868e-139	0.838370195165042	1	0.285	5.94024291913737e-136
tspan13b	8.07718048661384e-139	0.704644696792798	0.975	0.189	1.61543609732277e-135
nlgn3a	3.51390000160869e-138	0.532551068667181	1	0.307	7.02780000321738e-135
olfm1b	7.03969007999939e-136	1.72876979416355	1	0.303	1.40793801599988e-132
hmx2	1.14309763357912e-135	0.77005869813637	1	0.23	2.28619526715824e-132
dgkaa	3.97950167697032e-134	0.958313683321541	1	0.3	7.95900335394065e-131
islr2	6.43948848955761e-134	1.09625106442286	1	0.312	1.28789769791152e-130
slc35g2b	1.96331056895209e-133	0.863202809769597	0.95	0.209	3.92662113790419e-130
gch1	3.48840857225018e-133	1.06104985514606	1	0.294	6.97681714450037e-130
vamp2	4.42505724146456e-133	2.00013877541939	1	0.293	8.85011448292912e-130
tbx3a	7.58674097571418e-133	0.809071066782723	1	0.346	1.51734819514284e-129
slc35g2a	1.39710732455588e-130	1.36837605114054	1	0.314	2.79421464911177e-127
stmn2a	6.4492690440705e-129	2.68452961673338	1	0.355	1.2898538088141e-125
etv1	3.10963610009077e-128	0.751313665891767	1	0.29	6.21927220018153e-125
cplx2	1.00728920840154e-127	1.54750066564093	1	0.295	2.01457841680307e-124
ret	7.53543363255174e-127	1.02677588933517	1	0.354	1.50708672651035e-123
stmn4l	2.72487502632866e-126	1.8714561880015	1	0.336	5.44975005265732e-123
nsfa	6.67847110676655e-126	1.09491396586237	0.935	0.19	1.33569422135331e-122
zgc:100951	4.51361077122133e-125	0.296136459977186	0.96	0.135	9.02722154244266e-122
si:dkeyp-120h9.1	7.30028774593404e-124	1.14915567634523	1	0.301	1.46005754918681e-120
ncs1a	2.76345691029822e-122	0.458879771360115	0.95	0.196	5.52691382059645e-119
phyhipla	4.12778630467969e-122	0.581121744086373	0.995	0.33	8.25557260935939e-119
gap43	6.0941984509388e-122	3.15450363925871	1	0.436	1.21883969018776e-118
tspan7b	9.07387275174703e-122	1.65498181700637	1	0.208	1.81477455034941e-118
phox2a	9.60520933231198e-122	3.3948302722677	1	0.458	1.9210418664624e-118
arl4aa	3.35021662287152e-121	0.362747760706252	1	0.353	6.70043324574304e-118
syngr3b	1.30619686835931e-119	0.625867498056751	0.915	0.216	2.61239373671862e-116
si:dkey-205h13.1	1.33910184365301e-119	0.361694366804516	0.99	0.217	2.67820368730602e-116
insm1b	5.22591472937126e-119	1.48518730489819	0.99	0.255	1.04518294587425e-115
tac3a	1.20181963787399e-118	1.09143958397887	0.871	0.116	2.40363927574798e-115
stmn1b	1.45104860990038e-118	2.54597470378034	1	0.428	2.90209721980076e-115
tmsb	8.5458965068179e-118	2.00061732517874	0.99	0.273	1.70917930136358e-114
tuba2	1.46631387962155e-117	1.81346122914914	0.97	0.292	2.9326277592431e-114
gng2	9.96949816632672e-117	2.52246046541103	0.995	0.421	1.99389963326534e-113
stmn4	1.82378205642965e-116	0.609195948191409	0.945	0.228	3.6475641128593e-113
elavl4	8.68617853965697e-116	2.75625661694171	0.995	0.418	1.73723570793139e-112
cpe	1.10158562666918e-115	1.82264820759497	1	0.413	2.20317125333836e-112
elavl3	1.03424600191438e-114	2.54605368465958	0.99	0.383	2.06849200382875e-111
tuba1c	4.20228523944207e-114	2.77634299245064	1	0.49	8.40457047888413e-111
nr4a1	5.86715166401204e-113	0.439035048225732	1	0.305	1.17343033280241e-109
gng3	2.09318151281132e-112	2.48519577891265	0.98	0.355	4.18636302562264e-109
chrna5	5.76253444308458e-111	1.36891264006923	1	0.352	1.15250688861692e-107
si:dkey-1h6.8	1.41379187986919e-110	0.260022234234487	0.756	0.081	2.82758375973838e-107
aplp1	3.58129448661996e-110	1.35780659959165	0.94	0.292	7.16258897323991e-107
tuba1a	2.55809732517893e-109	2.5266526576725	1	0.426	5.11619465035786e-106
hmx3a	6.2158935411035e-109	0.745084617773919	1	0.342	1.2431787082207e-105
rtn1a	2.57240871404315e-108	2.1837450406377	1	0.482	5.1448174280863e-105
arpp21	4.15456529443558e-108	0.787880665250442	1	0.375	8.30913058887116e-105
rnasekb	1.51123733190451e-107	2.22423001039901	1	0.411	3.02247466380902e-104
atpv0e2	1.32026733099437e-106	1.78409400205862	1	0.306	2.64053466198873e-103
tubb5	2.63516448324479e-105	2.51587643890583	0.985	0.34	5.27032896648957e-102
ppp3cb	1.55501980714478e-104	0.490054656137845	0.856	0.155	3.11003961428957e-101
gfra1a	4.20685145283518e-104	0.395795572642299	1	0.333	8.41370290567036e-101
maptb	8.50328502722861e-103	1.82824702450126	1	0.461	1.70065700544572e-99
mllt11	9.99564777641653e-103	2.331661728065	0.95	0.338	1.99912955528331e-99
celf4	5.97984333612736e-102	0.942682270034597	0.985	0.346	1.19596866722547e-98
stmn2b	5.93504323271891e-101	2.73249617858549	0.945	0.334	1.18700864654378e-97
rgs4	2.87723985445951e-99	0.606789662632403	1	0.41	5.75447970891903e-96
znf536	1.54610792610487e-98	0.938923345618853	1	0.427	3.09221585220974e-95
sncb	2.79419440716723e-98	1.65187171283986	0.876	0.134	5.58838881433445e-95
ywhag2	6.19483917875898e-98	2.35712343868551	1	0.449	1.23896783575179e-94
camk2d2	1.14552787921545e-97	0.866784441331098	0.786	0.061	2.2910557584309e-94
atp6v0cb	5.21772917857068e-97	2.21665959884323	1	0.436	1.04354583571414e-93
calm1b	2.28346527852676e-94	1.10801692258742	1	0.399	4.56693055705353e-91
hand2	3.67035671859672e-94	1.88908172628236	1	0.641	7.34071343719344e-91
pou4f1	3.90363907450075e-94	0.432920719653606	0.159	0.045	7.80727814900151e-91
mid1ip1a	1.20009091326523e-93	0.439891195480627	0.876	0.154	2.40018182653046e-90
alcama	1.67432179611028e-93	1.81262759241136	1	0.386	3.34864359222056e-90
hoxb2a	4.27306677413451e-93	0.776195454700392	0.98	0.189	8.54613354826902e-90
scg3	3.89201201526662e-92	0.841266334921771	1	0.421	7.78402403053324e-89
vim	1.0519905199952e-91	2.28650023824463	1	0.539	2.10398103999041e-88
zc4h2	1.15390554557225e-91	1.58490368610909	0.995	0.482	2.30781109114451e-88
hoxb1b	4.1951940574534e-91	0.551177503163203	1	0.284	8.3903881149068e-88
hoxb5b	9.20194269364683e-89	2.74201664385278	1	0.486	1.84038853872937e-85
basp1	1.43098649427099e-88	1.77672850178837	0.92	0.285	2.86197298854198e-85
ngfrb	1.62089181284646e-87	0.421002969442127	1	0.362	3.24178362569292e-84
mdkb	3.7980514900884e-87	2.18138261976863	1	0.517	7.59610298017679e-84
uchl1	9.19479185000255e-87	1.29821282255812	1	0.441	1.83895837000051e-83
wu:fa56d06	1.05465945477383e-85	0.44667889926244	0.995	0.309	2.10931890954765e-82
phactr3b	2.04698182114039e-84	0.754054160926532	0.881	0.211	4.09396364228077e-81
map1aa	9.53338594781414e-84	1.10267605759078	0.915	0.302	1.90667718956283e-80
aldocb	3.5349656788631e-83	1.42234541593895	1	0.411	7.0699313577262e-80
nes	1.66036826658321e-82	0.332140575885139	0.821	0.135	3.32073653316642e-79
zgc:65894	3.58877090823334e-82	2.39271430775568	0.905	0.335	7.17754181646669e-79
tagln3b	4.36346702569886e-81	0.349189722879559	1	0.294	8.72693405139771e-78
gdi1	4.74371744014047e-81	1.45628898837529	0.995	0.466	9.48743488028094e-78
gapdhs	8.13001983642325e-81	2.13013292345572	1	0.747	1.62600396728465e-77
hsbp1a	1.33060456131663e-80	1.84108854591885	1	0.486	2.66120912263326e-77
shox2	2.53112341932801e-80	0.355214793577166	0.164	0.239	5.06224683865602e-77
kcnip1b	2.62122636645184e-80	0.375784709713229	0.791	0.12	5.24245273290368e-77
si:dkeyp-75h12.5	1.59713922059208e-79	1.62286214642219	0.95	0.484	3.19427844118415e-76
eno1a	6.21248454726703e-79	1.45486618669085	1	0.398	1.24249690945341e-75
prdm8	1.03872907648577e-78	0.282483443579512	0.821	0.126	2.07745815297155e-75
tspan18a	1.41750328722687e-77	1.46769323096085	1	0.503	2.83500657445374e-74
necap1	3.6631792708824e-77	0.841290878102378	0.905	0.231	7.32635854176479e-74
ntrk3b	8.74172081005083e-76	0.263386308735188	0.602	0.061	1.74834416201017e-72
cnrip1a	1.70305073195165e-75	1.42790659774908	0.886	0.211	3.4061014639033e-72
fez1	1.26302244729896e-74	1.33805694405428	0.886	0.29	2.52604489459792e-71
hoxb5a	2.51052681244141e-74	2.0731380647104	1	0.499	5.02105362488281e-71
tmsb2	1.94877408495035e-73	1.81753973086747	0.876	0.3	3.89754816990069e-70
acbd7	9.46524349850368e-73	0.461030273894245	1	0.396	1.89304869970074e-69
tubb2	1.43324032697286e-72	0.4355410768562	0.204	0.095	2.86648065394572e-69
nsg2	3.16037695101313e-72	1.57029654563689	0.9	0.27	6.32075390202626e-69
lhx9	7.77956119495353e-71	0.33185995181413	0.861	0.279	1.55591223899071e-67
phox2bb	2.3669765353116e-70	2.43057306506393	0.905	0.469	4.73395307062319e-67
si:ch211-195b15.8	2.58829009428421e-70	1.4908348961392	1	0.504	5.17658018856843e-67
nptna	5.82046507472802e-70	0.333808737285862	0.791	0.103	1.1640930149456e-66
lrrn1	3.61070132144337e-66	0.602514681235037	0.881	0.214	7.22140264288674e-63
tbx2b	9.26722613873957e-66	0.474368821068726	1	0.424	1.85344522774791e-62
rtn1b	9.29385572168586e-66	1.80765793091357	0.935	0.523	1.85877114433717e-62
atp6v1e1b	5.54453815374524e-65	1.34827888513146	1	0.548	1.10890763074905e-61
zgc:153426	1.51744630125124e-64	2.02637134440306	0.866	0.318	3.03489260250248e-61
nova2	1.87237019863659e-64	0.897315747285494	0.945	0.268	3.74474039727318e-61
sh3gl2a	2.71920900633829e-64	0.567728841233994	0.866	0.302	5.43841801267659e-61
chga	3.82596793373117e-64	0.34435945688658	0.771	0.131	7.65193586746234e-61
cntfr	1.91501564279241e-63	0.660937040741539	1	0.524	3.83003128558482e-60
atp6v1h	3.54064106305673e-63	0.987464038572483	1	0.483	7.08128212611346e-60
wbp2	3.90285312936309e-63	0.567871972993497	1	0.473	7.80570625872618e-60
si:ch1073-190k2.1	3.90456950437982e-62	0.290808649072051	0.811	0.174	7.80913900875964e-59
sult6b1	3.5131510960518e-61	0.702664129914529	1	0.7	7.02630219210361e-58
si:dkeyp-72g9.4	3.51595487427942e-60	0.322164087496547	0.856	0.266	7.03190974855884e-57
tlx2	7.84998877494009e-59	1.48699884250484	0.881	0.403	1.56999775498802e-55
syt11a	1.42499330196422e-58	1.4695292041723	0.821	0.271	2.84998660392844e-55
map1b	1.66926083991433e-55	1.42232036505039	0.791	0.184	3.33852167982865e-52
adcyap1b	2.78866361459054e-55	1.52571100851751	0.826	0.283	5.57732722918108e-52
atp6ap2	5.40147482561775e-54	1.30101354613612	1	0.513	1.08029496512355e-50
pkma	3.9141396301992e-53	0.518450252713214	1	0.502	7.8282792603984e-50
si:dkey-35i13.1	1.21285174905274e-52	0.455250915020668	0.259	0.051	2.42570349810549e-49
adgre10	5.00445980235695e-52	0.308518935229832	0.144	0.063	1.00089196047139e-48
h2afx1	5.52615972031201e-51	0.898053975907222	1	0.923	1.1052319440624e-47
atp6v1b2	1.21280048000396e-50	0.681955848410736	0.776	0.133	2.42560096000792e-47
mlf1	1.67916565963073e-49	0.311812461710542	1	0.493	3.35833131926145e-46
zgc:101840	2.1694337563775e-49	1.35251009922085	0.801	0.208	4.33886751275501e-46
id4	9.79300197203672e-49	1.17732946548053	0.851	0.33	1.95860039440734e-45
marcksl1b	3.23720381345949e-48	0.814742428033131	0.995	0.784	6.47440762691898e-45
flvcr1	2.20731584915602e-47	0.440029118394438	0.786	0.139	4.41463169831205e-44
hoxd4a	3.07981594786334e-46	0.577209278942287	1	0.448	6.15963189572668e-43
sypb	7.58586542795437e-46	0.733050394325662	0.776	0.193	1.51717308559087e-42
tubb2b	1.07566694728228e-44	0.996588552052261	1	0.696	2.15133389456455e-41
atp6v1ba	3.65758861796816e-44	0.472978042521448	1	0.512	7.31517723593631e-41
fxyd1	4.56780370678729e-44	0.668059997031586	1	0.637	9.13560741357458e-41
snap25a	2.2496221818815e-43	1.25117380715514	0.776	0.198	4.499244363763e-40
drgx	1.2074037394772e-42	0.314754877212344	0.254	0.071	2.4148074789544e-39
arhgdig	1.28885739344061e-42	0.332375977951073	0.841	0.315	2.57771478688121e-39
fam84a	2.86668957378192e-42	0.254450770562876	0.796	0.29	5.73337914756385e-39
rab11bb	5.48293613417729e-42	0.806884804060155	0.796	0.242	1.09658722683546e-38
ccka	2.14183948378402e-41	1.12605541246268	0.726	0.114	4.28367896756805e-38
mt-atp6	6.31062583677615e-41	0.931551430856153	1	0.969	1.26212516735523e-37
zgc:165555	8.03542468788259e-41	0.276775697150058	0.746	0.109	1.60708493757652e-37
gpm6ab	1.68766319648981e-40	0.327866437201558	0.94	0.535	3.37532639297961e-37
si:dkey-4p15.3	2.60781670777327e-40	0.63389844045285	1	0.498	5.21563341554655e-37
idh1	9.91073896884146e-40	0.387991263683083	1	0.537	1.98214779376829e-36
tmem59l	6.70228525462901e-39	0.983340128995642	0.811	0.377	1.3404570509258e-35
slc16a9b	2.60750824660455e-38	0.641928592124345	0.925	0.373	5.21501649320911e-35
phlda1	4.96317486521274e-38	0.879208283768386	0.806	0.298	9.92634973042548e-35
msi2b	2.43252471364228e-37	0.407665035321686	0.99	0.429	4.86504942728456e-34
dhrs3b	1.00997450197349e-36	0.32274202248143	1	0.482	2.01994900394698e-33
olfm2a	3.97840647212189e-36	0.568946947586357	0.736	0.168	7.95681294424378e-33
sox11a	1.09458697806866e-35	0.521584651492871	0.995	0.441	2.18917395613732e-32
glud1b	1.68803215768965e-35	0.545746644323341	1	0.548	3.3760643153793e-32
atp6v1g1	7.25028064218812e-35	0.923677016591768	0.94	0.59	1.45005612843762e-31
celf3a	1.07815879225266e-34	1.28109649766058	0.756	0.276	2.15631758450532e-31
atp6v1c1b	2.30435884344862e-34	0.313886616429104	0.826	0.303	4.60871768689724e-31
cited4b	5.7493345065261e-34	0.36536668055415	0.97	0.418	1.14986690130522e-30
arl6ip1	1.83039696703057e-33	0.749779459094755	0.98	0.666	3.66079393406113e-30
atp5if1b	1.95296128513404e-33	0.739109606988807	0.945	0.497	3.90592257026807e-30
mab21l1	2.98079127633495e-33	1.34968271717077	0.826	0.438	5.9615825526699e-30
hoxc3a	9.16720349842723e-33	0.75525230703588	0.891	0.44	1.83344069968545e-29
smdt1a	1.00907370198848e-32	0.266462357135217	0.711	0.166	2.01814740397696e-29
stx1b	3.65632541467148e-32	1.38785435752217	0.731	0.256	7.31265082934297e-29
nell2b	8.29497018919563e-32	0.999956915110867	0.701	0.115	1.65899403783913e-28
si:ch73-119p20.1	9.07269804888963e-32	0.29092654684393	0.721	0.189	1.81453960977793e-28
tpi1b	4.19020506567242e-31	0.88588578777089	0.94	0.501	8.38041013134483e-28
pbx3b	1.28204877972372e-30	0.362864384267565	0.299	0.309	2.56409755944744e-27
hpca	3.63784760105204e-29	0.92637197531354	0.746	0.278	7.27569520210408e-26
anos1a	4.4835628098369e-29	0.436510137000699	0.294	0.13	8.9671256196738e-26
ppp1r14ba	2.59436113725519e-28	0.659536377168844	0.343	0.1	5.18872227451038e-25
atp5mc1	7.97249645263291e-27	0.837318214822117	1	0.705	1.59449929052658e-23
syt12	6.75357801577811e-26	0.382916642432377	0.672	0.117	1.35071560315562e-22
epb41a	1.14263079130905e-25	0.737527559025692	0.761	0.252	2.2852615826181e-22
vat1	1.6256891453756e-24	1.2994619546539	0.781	0.395	3.2513782907512e-21
sall1a	1.18624922653433e-23	0.290290990831259	0.313	0.177	2.37249845306867e-20
pik3ip1	2.48360816162378e-23	0.654541455738818	0.826	0.405	4.96721632324756e-20
hoxb6a	3.45493367124924e-23	0.864020955767956	0.348	0.371	6.90986734249848e-20
tubb4b	4.01215863077431e-23	0.518285020443018	1	0.979	8.02431726154861e-20
clstn3	4.46241627596618e-23	0.421765376558416	0.358	0.16	8.92483255193235e-20
ywhag1	9.07742048073612e-23	0.481377892953708	0.697	0.185	1.81548409614722e-19
si:dkey-56m19.5	2.54395955501834e-22	0.626794171093073	0.831	0.333	5.08791911003667e-19
dpysl3	1.67612834884244e-21	1.18966269911383	0.726	0.311	3.35225669768489e-18
apba2b	2.87926171233867e-20	0.585898528649996	0.383	0.09	5.75852342467734e-17
hoxa3a	7.86470595187854e-20	0.755596473658293	0.816	0.498	1.57294119037571e-16
sh3bp5b	1.84817538443021e-19	0.412960577462942	0.348	0.123	3.69635076886042e-16
irx5a	2.14248605459365e-19	0.253419566915706	0.299	0.106	4.2849721091873e-16
tmsb4x	3.09917483766035e-19	0.448092179818425	1	0.989	6.19834967532069e-16
calm3a.1	3.78129271455162e-19	0.770045330497839	0.851	0.695	7.56258542910325e-16
cadm4	1.54859767686288e-17	0.488663774138705	0.662	0.124	3.09719535372575e-14
pou6f2	2.81135998917682e-17	0.408953416294774	0.627	0.063	5.62271997835363e-14
insm1a	8.66877288618168e-17	0.755514797239303	0.348	0.177	1.73375457723634e-13
cxxc4	8.73611720078715e-17	0.550119505542248	0.353	0.201	1.74722344015743e-13
csdc2a	4.42053026008188e-16	0.979110785829625	0.682	0.21	8.84106052016376e-13
tob1a	6.11050272637639e-16	0.376867820003307	0.816	0.375	1.22210054527528e-12
myt1b	6.55855748254483e-16	1.21998645062862	0.672	0.218	1.31171149650897e-12
khdrbs2	7.31286231494938e-16	0.554089339268591	0.388	0.079	1.46257246298988e-12
cdkn1ca	1.2887052028799e-15	0.523426971810349	0.323	0.182	2.5774104057598e-12
prmt1	1.36010907814121e-15	0.509040993164181	0.965	0.536	2.72021815628242e-12
ckbb	2.30154210558375e-15	0.839487623591765	0.781	0.564	4.6030842111675e-12
UBB	2.49519720262664e-15	0.596489359942674	1	0.843	4.99039440525328e-12
atp6v1aa	3.15838760585871e-15	0.792247482311737	0.711	0.32	6.31677521171742e-12
myt1a	9.30317422435172e-15	0.693712352785524	0.388	0.052	1.86063484487034e-11
tmeff2a	3.08916901353348e-14	0.279878501595944	0.721	0.288	6.17833802706697e-11
cplx2l	3.14911710702443e-14	0.330156533393611	0.388	0.057	6.29823421404886e-11
elmo1	5.2746832876118e-14	0.469735607835537	0.687	0.211	1.05493665752236e-10
FO834825.1	6.77937677052156e-14	0.307800220143838	0.373	0.194	1.35587535410431e-10
ppp1r14ab	6.98290214249728e-14	0.654379239235909	0.642	0.095	1.39658042849946e-10
sox4a.1	9.79833585157235e-14	0.287699846296666	0.935	0.499	1.95966717031447e-10
mpped2	1.21688904209436e-13	0.342953577159038	0.736	0.269	2.43377808418872e-10
eya1	1.96567421145075e-13	0.250271552816551	0.776	0.325	3.9313484229015e-10
syt2a	5.59500801066787e-13	0.593898304514732	0.373	0.251	1.11900160213357e-09
sox11b	5.80725248987951e-13	0.352150288184486	0.741	0.269	1.1614504979759e-09
zfand2a	1.48670489767708e-12	0.370897825384727	0.995	0.69	2.97340979535417e-09
gpm6aa	1.86673094682408e-12	0.789252390862336	0.667	0.299	3.73346189364816e-09
atcaya	1.95892442423608e-12	0.649373925363001	0.657	0.176	3.91784884847217e-09
cox6b1	2.29428460858352e-12	0.262893901430928	0.313	0.236	4.58856921716704e-09
nat8l	3.96801478827359e-12	0.755594515574235	0.677	0.173	7.93602957654718e-09
odc1	8.98055924668815e-12	0.403625267670669	0.856	0.42	1.79611184933763e-08
cd9a	1.24883970806717e-11	0.507280095878029	0.393	0.248	2.49767941613434e-08
zfhx3	2.53077734682378e-11	0.390108659823319	0.682	0.215	5.06155469364757e-08
ppdpfb	2.60579501730665e-11	0.336527545981214	1	0.991	5.21159003461329e-08
zgc:171759	3.30400428748934e-11	0.669952598461884	0.338	0.099	6.60800857497869e-08
tent5ba	4.67601005460632e-11	0.300867640390548	0.796	0.356	9.35202010921264e-08
hsp70.1	2.19973746136149e-10	0.395544220926647	1	0.9	4.39947492272298e-07
si:dkeyp-117h8.2	4.32390636973876e-10	0.541654714806159	0.398	0.264	8.64781273947752e-07
zgc:173587	5.16777946249415e-10	0.471323292728055	0.333	0.123	1.03355589249883e-06
si:ch73-386h18.1	5.22865387279584e-10	0.678590490581397	0.632	0.132	1.04573077455917e-06
golga7ba	2.22549990041901e-09	0.601654902708699	0.637	0.187	4.45099980083803e-06
raraa	2.62202494697338e-09	0.324522604847219	0.701	0.331	5.24404989394676e-06
lmx1bb	5.5145163374228e-09	0.277024714557582	0.607	0.102	1.10290326748456e-05
stxbp1a	8.93922619192235e-09	1.0388469274992	0.627	0.234	1.78784523838447e-05
suclg1	9.48007198783206e-09	0.311188903901949	0.876	0.501	1.89601439756641e-05
mcama	1.1822968842092e-08	0.626058220207859	0.617	0.179	2.3645937684184e-05
slc1a2b	1.52123549022681e-08	0.489103030713627	0.612	0.181	3.04247098045362e-05
ndrg4	4.35913075374419e-08	0.604835865946204	0.413	0.103	8.71826150748838e-05
otpa	4.6175409899684e-08	0.409378497746398	0.498	0.068	9.23508197993681e-05
r3hdm1	4.86946920606311e-08	0.663645841978285	0.627	0.235	9.73893841212622e-05
fzd8b	2.60551465802681e-07	0.257518929108959	0.388	0.094	0.000521102931605362
mdh1aa	5.85510306109591e-07	0.307470208717709	0.731	0.556	0.00117102061221918
isl1	2.27034075158622e-06	0.318802174420115	0.403	0.085	0.00454068150317244
calm2a	2.28009366952368e-06	0.507396085272299	0.786	0.671	0.00456018733904736
cspg5a	4.62773621607396e-06	0.375468816346681	0.418	0.313	0.00925547243214792
si:dkey-23a13.22	8.51446240283802e-06	0.508070587238568	0.547	0.142	0.017028924805676
pou2f2a	8.90033195884541e-06	0.686930490857131	0.577	0.129	0.0178006639176908
zfhx4	1.05791912773032e-05	0.441750124349436	0.632	0.217	0.0211583825546065
histh1l	2.3290843917485e-05	0.308402597618638	1	0.958	0.04658168783497
