gene	p_val	avg_log2FC	pct.1	pct.2	p_val_adj
esrrga	5.49838074231186e-182	0.875790228579469	0.977	0.029	1.09967614846237e-178
si:ch211-113g11.6	1.76885272037073e-162	0.28112253562373	0.942	0.045	3.53770544074146e-159
ntrk3b	3.80705100750029e-157	0.276302143229194	0.965	0.069	7.61410201500058e-154
neflb	3.01751615171984e-151	0.645882620732593	0.988	0.101	6.03503230343969e-148
atp2b3b	1.37382728791854e-121	0.504879924711727	0.988	0.066	2.74765457583709e-118
cbln1	7.23308019543231e-119	0.316707996896662	0.988	0.089	1.44661603908646e-115
prozb	4.49154736839156e-108	0.277447927715546	1	0.156	8.98309473678313e-105
slc2a3a	3.73002740821715e-107	0.973378052850542	0.988	0.128	7.4600548164343e-104
kcnip1b	1.7110335968029e-100	0.307040815518535	0.953	0.136	3.42206719360579e-97
pvalb6	7.91901241643305e-98	0.975083758063487	0.919	0.117	1.58380248328661e-94
si:dkey-175g6.2	1.52847255784638e-97	0.274661944519254	0.942	0.073	3.05694511569275e-94
atp1b1b	5.30070430514799e-94	0.698196073206071	1	0.141	1.0601408610296e-90
chga	1.46375447404179e-91	0.67001530442537	0.977	0.145	2.92750894808359e-88
ajap1	2.49898720438591e-91	0.407914944167615	0.174	0.028	4.99797440877183e-88
si:ch73-119p20.1	6.21540548760453e-91	1.1925790324091	1	0.198	1.24308109752091e-87
cdk5r2a	1.03995419482891e-89	1.30795177600511	0.965	0.138	2.07990838965782e-86
nptna	5.96900591974939e-89	1.57196355238957	0.953	0.12	1.19380118394988e-85
snap25b	1.16250902649155e-88	1.48318158367523	0.953	0.119	2.3250180529831e-85
hpcal4	1.90948773510163e-85	0.645516266840738	0.965	0.154	3.81897547020327e-82
sult4a1	2.77620110926663e-85	1.15650217516231	1	0.2	5.55240221853326e-82
rims2a	3.55875151909818e-85	0.578412710052843	0.919	0.115	7.11750303819636e-82
rab6ba	4.58196570803519e-85	0.436886738764542	0.965	0.198	9.16393141607038e-82
zgc:162989	2.73749466950591e-84	0.263014097101489	0.988	0.193	5.47498933901182e-81
tppp2	4.99696480756323e-83	0.619159343084904	1	0.227	9.99392961512646e-80
si:dkey-7j14.5	1.76801401496451e-82	1.52855342936037	1	0.214	3.53602802992901e-79
vip	1.51892462619245e-80	0.337306661002109	1	0.2	3.0378492523849e-77
prph	3.50541638043242e-78	1.08538405199135	1	0.257	7.01083276086485e-75
slc29a4	2.48520557637376e-73	0.496997392933952	1	0.228	4.97041115274752e-70
syngr3b	5.19039697537269e-73	1.13134597266053	0.977	0.236	1.03807939507454e-69
neurod1	2.29230217529533e-72	0.25992008096157	0.965	0.129	4.58460435059065e-69
scg2b	5.74333699713142e-72	1.29257511358622	1	0.213	1.14866739942628e-68
snap25a	8.07403366038027e-72	3.0969827663914	1	0.21	1.61480673207605e-68
ppp1r14c	1.01268002903767e-70	0.445384280624067	0.895	0.09	2.02536005807534e-67
sox1b	4.41351558316707e-70	0.33251470513966	0.07	0.126	8.82703116633414e-67
calb2b	1.62813502101726e-69	1.69867765412578	0.872	0.098	3.25627004203452e-66
zgc:65851	3.97422911527468e-69	0.318512083059405	0.872	0.092	7.94845823054936e-66
syt1a	7.62847929581223e-68	1.3153686289268	1	0.229	1.52569585916245e-64
plcxd3	4.03087680209722e-67	1.05323013151706	1	0.246	8.06175360419444e-64
syt4	1.2885269218459e-66	1.04330286311004	0.977	0.199	2.57705384369179e-63
nefmb	1.47477589267782e-66	0.953187587783153	0.93	0.095	2.94955178535564e-63
rab6bb	2.76094745144174e-66	1.58675023945663	1	0.279	5.52189490288349e-63
IGLON5	4.06710791706839e-66	0.976917592314531	0.977	0.28	8.13421583413678e-63
fgf13b	7.32698799380507e-66	1.46612825057308	0.965	0.228	1.46539759876101e-62
nsfa	2.52766122025927e-65	1.73811616037296	0.965	0.212	5.05532244051854e-62
stmn4	1.11645656271264e-64	1.60228560783729	0.977	0.249	2.23291312542527e-61
syn2a	3.50956588248263e-63	1.62407294845987	0.988	0.219	7.01913176496525e-60
chodl	4.62167641974961e-62	0.260186563209574	0.907	0.063	9.24335283949922e-59
olfm1b	1.42858716025638e-61	1.9623035360268	1	0.324	2.85717432051276e-58
scg5.1	9.72253347565572e-61	1.28171798965864	0.977	0.223	1.94450669513114e-57
islr2	1.4154658015197e-60	2.86472796705476	1	0.333	2.83093160303939e-57
stmn3	4.48323626917197e-60	0.705788428911181	0.663	0.072	8.96647253834394e-57
oxr1b	4.14275397414003e-59	0.37267234961011	1	0.315	8.28550794828006e-56
smdt1a	7.25965630762396e-59	0.516623294101755	0.93	0.177	1.45193126152479e-55
tuba2	9.64847646311198e-59	1.89355125825212	1	0.311	1.9296952926224e-55
atp6v1b2	1.14466916039351e-58	1.07278529655203	0.942	0.149	2.28933832078701e-55
kcnd3	1.41767265672401e-58	0.293688824869695	0.907	0.207	2.83534531344801e-55
sv2a	1.54051890369552e-58	0.829561623495132	0.872	0.123	3.08103780739105e-55
stmn4l	3.4134120503534e-58	2.50019732753335	1	0.356	6.8268241007068e-55
vgf	1.18126503515886e-57	1.01872444303281	1	0.247	2.36253007031773e-54
nfasca	1.20653986375715e-57	0.846290744078106	0.988	0.188	2.4130797275143e-54
ada	2.1926339061144e-57	0.447116388754475	0.988	0.358	4.38526781222879e-54
khdrbs2	7.64102047931849e-57	0.443402565717846	0.174	0.093	1.5282040958637e-53
si:dkey-184p18.2	4.81336304517915e-56	0.362506705324229	0.116	0.025	9.62672609035829e-53
fndc4b	1.34891677989441e-55	0.435244566955327	0.872	0.128	2.69783355978882e-52
ca10a	2.42828160425329e-54	0.260879847379293	0.105	0.221	4.85656320850657e-51
nsg2	4.44836030103096e-54	2.8309516541735	0.977	0.287	8.89672060206193e-51
hoxc8a	1.40759441009859e-53	0.812898620778841	0.86	0.167	2.81518882019718e-50
stmn2a	2.62816863319197e-53	2.26266295258115	1	0.374	5.25633726638394e-50
gbx2	2.98380954253131e-53	0.702863265943523	0.907	0.137	5.96761908506262e-50
gch1	3.31375009340236e-53	0.605108833380329	1	0.315	6.62750018680472e-50
map1aa	5.17550121777825e-53	2.13572109893168	0.965	0.319	1.03510024355565e-49
lrrn1	1.07752728917675e-51	0.604476854630625	1	0.231	2.1550545783535e-48
rnasekb	1.10381071107977e-51	2.61092372585683	1	0.428	2.20762142215954e-48
elavl4	2.40426690623959e-51	2.59084764267618	1	0.436	4.80853381247918e-48
sypa	3.92860385383622e-51	1.05743094736414	0.872	0.124	7.85720770767245e-48
dgkaa	4.20238160392743e-51	0.667819314089893	1	0.321	8.40476320785486e-48
si:dkey-205h13.1	5.62122294851336e-51	0.465418549704832	1	0.24	1.12424458970267e-47
cplx2	2.01595465482632e-50	1.71659077887013	0.977	0.317	4.03190930965265e-47
etv1	2.14590287964436e-50	0.538678618652846	1	0.312	4.29180575928873e-47
calm1b	7.45533027244763e-50	2.52765218945063	1	0.417	1.49106605448953e-46
pcsk1nl	1.33480831609106e-49	1.4238113371847	0.953	0.282	2.66961663218212e-46
kctd12.1	2.22688448659185e-49	0.284329132448186	0.942	0.278	4.4537689731837e-46
vamp2	5.49794879085754e-49	1.85627953684594	0.977	0.315	1.09958975817151e-45
tbx3a	6.90847491365626e-49	0.350404036713319	1	0.365	1.38169498273125e-45
zgc:65894	8.82369299581821e-49	2.37950615569858	0.977	0.35	1.76473859916364e-45
tspan7b	9.67118498111469e-49	1.57852001432509	0.988	0.232	1.93423699622294e-45
basp1	1.19963176232333e-48	1.5084377419422	0.977	0.303	2.39926352464666e-45
slc35g2a	1.98056791560792e-48	0.845869963011948	0.988	0.335	3.96113583121584e-45
atpv0e2	4.35207898977585e-48	2.2089294104863	0.988	0.327	8.70415797955171e-45
atp6v0cb	5.92966595481956e-48	2.56818735280445	1	0.453	1.18593319096391e-44
rtn1a	2.13216233703105e-47	2.09006773664841	1	0.497	4.26432467406209e-44
elavl3	3.04031526636487e-47	2.19599742623292	1	0.401	6.08063053272975e-44
chrna5	3.92383887867052e-47	1.4767659509088	1	0.371	7.84767775734104e-44
stmn1b	6.32501903975015e-47	2.43521346818438	0.988	0.446	1.26500380795003e-43
gbx1	2.30900156436614e-46	0.293030631683577	0.07	0.103	4.61800312873228e-43
cpe	4.48889058952138e-46	1.61621536889409	1	0.431	8.97778117904276e-43
pou4f1	1.00373301994513e-45	0.604035134651472	0.116	0.05	2.00746603989026e-42
eno2	1.18790714239737e-45	1.7081480838082	0.919	0.308	2.37581428479475e-42
hoxb10a	2.96374347259525e-45	0.703010385025786	0.221	0.078	5.9274869451905e-42
aldocb	4.07371884481208e-45	2.63038899985907	1	0.428	8.14743768962417e-42
nova2	5.04281493029062e-45	1.51368658419894	0.988	0.287	1.00856298605812e-41
tuba1c	2.56153307876041e-44	2.69075510195846	0.977	0.506	5.12306615752083e-41
SMIM18	2.80323402493328e-44	0.317756929090516	0.791	0.065	5.60646804986655e-41
otpb	3.12005588208569e-44	1.61235182250943	0.233	0.015	6.24011176417137e-41
anxa13l	4.9887453866462e-44	0.54303195495183	1	0.421	9.9774907732924e-41
scg3	1.08552303393671e-43	0.897198119974361	1	0.438	2.17104606787341e-40
sod2	6.14303979406105e-43	0.363583595800202	1	0.37	1.22860795881221e-39
gng3	6.63141450228505e-43	2.53041155011918	0.942	0.375	1.32628290045701e-39
gfra1a	8.47115067694844e-43	0.54934741649578	1	0.353	1.69423013538969e-39
stmn2b	9.64118782817965e-43	2.16955616200901	0.953	0.352	1.92823756563593e-39
zgc:103678	9.78286478578788e-43	0.305719916243973	0.791	0.058	1.95657295715758e-39
ret	2.39376396539224e-42	0.495859219688798	1	0.373	4.78752793078449e-39
eno1a	4.56620086814993e-42	2.75372019546595	1	0.416	9.13240173629986e-39
ywhag2	4.80577120315203e-42	2.48567317827501	0.988	0.466	9.61154240630406e-39
ppp1r1b	5.01732161642963e-42	0.255030696116215	0.965	0.336	1.00346432328593e-38
stx1b	1.28863911394148e-41	1.61955073835099	0.895	0.266	2.57727822788297e-38
si:dkeyp-120h9.1	1.63154910322738e-41	0.472637524105483	1	0.322	3.26309820645477e-38
sncb	2.57731439140574e-41	1.51383859760034	0.872	0.157	5.15462878281149e-38
calm3a.1	6.53619413687664e-40	2.22663877809897	0.988	0.697	1.30723882737533e-36
zgc:153426	8.4213295108243e-40	2.04779887109818	0.942	0.333	1.68426590216486e-36
si:dkeyp-75h12.5	1.00528620527252e-39	1.88492195218953	0.953	0.498	2.01057241054504e-36
tagln3b	1.36090372410314e-39	0.917677386965957	1	0.315	2.72180744820628e-36
arpp21	3.24677358952182e-39	0.469630953214138	1	0.394	6.49354717904364e-36
insm1b	3.28392843873886e-39	0.437489055899078	0.977	0.277	6.56785687747772e-36
pknox2	1.16499258426836e-38	0.648695941705705	0.942	0.369	2.32998516853672e-35
golga7ba	1.21843081743378e-38	1.61389885337315	0.884	0.195	2.43686163486756e-35
tmem59l	3.47993525000091e-37	2.02895900890236	0.907	0.388	6.95987050000181e-34
alcama	3.76350884414385e-36	1.38071133294171	1	0.405	7.52701768828769e-33
ywhag1	4.84020796397821e-36	0.837160797654759	0.837	0.197	9.68041592795641e-33
si:dkeyp-72g9.4	6.38320396229375e-36	0.916477660604551	0.86	0.284	1.27664079245875e-32
tuba1a	8.54515606283974e-36	1.91932039803773	0.965	0.444	1.70903121256795e-32
ckbb	1.77484380502874e-35	1.78961503820158	0.988	0.566	3.54968761005749e-32
phox2a	3.4207278701631e-35	0.728938597509283	1	0.474	6.8414557403262e-32
scrt1b	4.55620786172167e-35	0.662321110318684	0.709	0.067	9.11241572344334e-32
maptb	6.25862898929256e-35	1.36685264436391	1	0.477	1.25172579785851e-31
irx2a	6.69316745860065e-35	0.515155987126332	0.198	0.044	1.33863349172013e-31
si:ch211-195b15.8	1.01013591848884e-34	1.6551308441837	1	0.519	2.02027183697769e-31
lhx1a	1.07754293130139e-34	1.44002905955663	0.709	0.034	2.15508586260278e-31
syt12	7.12665153074533e-34	0.354324738435914	0.767	0.132	1.42533030614907e-30
ndufa4	1.05268812701166e-33	1.47226852393071	0.872	0.262	2.10537625402331e-30
gng2	1.12178240747499e-33	1.37926161227881	0.965	0.439	2.24356481494998e-30
zc4h2	1.7317551822246e-33	1.31981989019301	0.988	0.497	3.4635103644492e-30
slc35g2b	1.96917408306048e-33	1.19779868733109	0.849	0.234	3.93834816612095e-30
ppp3cb	3.25796130880809e-33	0.957236193638404	0.814	0.177	6.51592261761618e-30
map1b	3.41384433737559e-33	1.22777028487796	0.849	0.201	6.82768867475117e-30
gap43	5.7445977937669e-33	1.54319057441786	0.977	0.454	1.14891955875338e-29
gapdhs	8.79410857555162e-33	2.36274860823811	1	0.754	1.75882171511032e-29
edil3a	1.22599992174597e-32	0.532284737287938	0.872	0.365	2.45199984349193e-29
atp6v1e1b	1.29200952047094e-32	1.82837799633449	0.965	0.562	2.58401904094188e-29
pgm1	1.65633660179349e-32	0.600986107235818	1	0.36	3.31267320358698e-29
rtn1b	2.42792223153801e-32	1.49257178591731	1	0.533	4.85584446307603e-29
hmx2	5.1915413034621e-32	0.426625232537285	0.93	0.254	1.03830826069242e-28
cnpy1	6.9633927300537e-32	0.322149150639277	0.163	0.367	1.39267854601074e-28
sh3gl2a	1.15425687678097e-31	1.1909502662277	0.86	0.319	2.30851375356194e-28
hoxc6b	1.27451549570436e-31	0.563485926389149	0.233	0.126	2.54903099140872e-28
mdkb	1.97568122256719e-31	1.34767844451135	1	0.531	3.95136244513439e-28
msi2a	4.14948026494217e-31	0.259781118221809	0.826	0.184	8.29896052988434e-28
spegb	4.68757651874999e-31	0.251272197728931	0.698	0.062	9.37515303749998e-28
cplx2l	6.62084467364563e-31	2.21405614321868	0.779	0.058	1.32416893472912e-27
irx1a	6.84563651836306e-31	0.363833704432327	0.174	0.075	1.36912730367261e-27
uncx	1.7335809522157e-30	0.599779000648674	0.209	0.068	3.4671619044314e-27
si:dkey-56f14.4	3.12888894890933e-30	0.310365883569848	0.663	0.045	6.25777789781867e-27
cd9a	7.4233509273777e-30	1.00184360875928	0.826	0.242	1.48467018547554e-26
atp6ap2	1.10821066908385e-29	1.65628703761792	1	0.527	2.2164213381677e-26
camta1b	2.31431252195761e-29	1.46134994823072	0.779	0.141	4.62862504391521e-26
tmsb	2.72959990835484e-29	1.58654171387751	0.895	0.296	5.45919981670967e-26
sall1a	1.34708998827512e-28	0.29456602071286	0.174	0.184	2.69417997655024e-25
cntnap2a	6.78824929076403e-28	0.424939973523567	0.826	0.269	1.35764985815281e-24
tspan18a	7.04807999280078e-28	0.724975965148481	1	0.518	1.40961599856016e-24
tubb2b	2.21633483902611e-27	1.47138979210572	0.977	0.706	4.43266967805222e-24
hoxd12a	2.31660339367002e-27	0.446470127892566	0.849	0.341	4.63320678734004e-24
uchl1	3.15785125655663e-27	0.701153779432907	1	0.457	6.31570251311325e-24
atp6v1h	3.40374880888759e-27	1.06072649996349	1	0.498	6.80749761777518e-24
pkma	4.72303574126724e-27	1.03652278015741	1	0.517	9.44607148253449e-24
ca16b	1.15696624646719e-26	0.344672382551755	0.291	0.101	2.31393249293437e-23
atp6v1ba	1.28301983462376e-26	0.873207230536113	1	0.527	2.56603966924753e-23
en1b	1.71632310778842e-26	0.990781613108527	0.233	0.132	3.43264621557683e-23
necap1	2.85076962913845e-26	1.42740689213977	0.837	0.253	5.70153925827691e-23
mllt11	3.75201696746128e-26	1.90426988264895	0.86	0.358	7.50403393492256e-23
hpca	4.32383006933563e-26	0.908751880129631	0.86	0.289	8.64766013867125e-23
si:dkey-46i9.1	1.12555488757359e-25	0.344100631437223	0.802	0.089	2.25110977514718e-22
vim	1.33861800485789e-25	1.35646253680221	1	0.553	2.67723600971578e-22
ndrg4	1.91367635218771e-25	0.93762665874842	0.767	0.104	3.82735270437541e-22
cntfr	4.23404389338268e-25	1.01712628385016	1	0.538	8.46808778676536e-22
hsbp1a	6.48270469803973e-25	1.2878936106649	0.965	0.502	1.29654093960795e-21
b3gat2	8.57367166103958e-25	0.325920597465578	0.267	0.077	1.71473433220792e-21
irx4a	4.27039835833434e-24	0.820958396012937	0.267	0.036	8.54079671666868e-21
hoxc5a	4.38560111793078e-24	0.323189727966074	0.209	0.227	8.77120223586156e-21
atp5if1b	5.14642683836312e-24	1.24198273120295	0.977	0.509	1.02928536767262e-20
tubb5	6.35325560720919e-24	1.741927054347	0.907	0.362	1.27065112144184e-20
cadm4	6.97091298477592e-24	1.29751502527123	0.756	0.138	1.39418259695518e-20
acbd7	2.8460173808561e-23	1.12563384115853	0.93	0.416	5.69203476171219e-20
NPAS3	3.2743910086051e-23	0.277614662174698	0.756	0.171	6.54878201721021e-20
stxbp1a	6.31444951185013e-23	1.75633829158625	0.802	0.241	1.26288990237003e-19
gng13b	7.59457217437868e-23	0.418338654230032	0.779	0.15	1.51891443487574e-19
msi2b	8.31995781541054e-23	1.01442207624362	0.977	0.446	1.66399156308211e-19
h2afx1	1.71309179340085e-22	0.935554223001652	1	0.925	3.4261835868017e-19
cnrip1a	1.78849388491466e-22	1.44108757207304	0.814	0.233	3.57698776982931e-19
hoxb7a	2.07337225403276e-22	1.29751085901708	0.814	0.28	4.14674450806552e-19
chrnb4	2.34197403225217e-22	0.574908733665063	0.802	0.225	4.68394806450435e-19
atp1a3b	3.82270915029614e-22	0.304631906316336	0.698	0.049	7.64541830059228e-19
arhgdig	2.10241434032786e-21	0.563838622647339	0.837	0.331	4.20482868065571e-18
vsnl1a	2.34084321144671e-21	0.738004189337192	0.686	0.067	4.68168642289342e-18
chchd10	4.21199300146588e-21	0.301924438890804	0.907	0.279	8.42398600293177e-18
pou3f3a	8.19025569956903e-21	0.28371635469064	0.151	0.037	1.63805113991381e-17
smarca2	1.01048721618172e-20	0.351640570651883	0.93	0.414	2.02097443236344e-17
dynll2a	1.29257023045066e-20	0.908774790500361	0.802	0.173	2.58514046090131e-17
idh1	1.98749846689224e-20	0.488790151523711	1	0.551	3.97499693378448e-17
CABZ01102109.1	2.26950917534894e-20	0.386965307786158	0.733	0.216	4.53901835069788e-17
cxcl14	2.37458645912392e-20	0.832094881807232	0.872	0.397	4.74917291824783e-17
csdc2a	1.0687715276225e-19	1.5256981278492	0.779	0.222	2.13754305524501e-16
atp5mc1	3.66339324122865e-19	1.25313671346201	1	0.714	7.3267864824573e-16
rpz2	4.56024049413413e-19	0.308454028508878	1	0.527	9.12048098826826e-16
atcaya	1.32213811057657e-18	1.29736617269763	0.756	0.188	2.64427622115313e-15
rbfox3a	1.70171111090526e-18	1.99990470644385	0.744	0.203	3.40342222181052e-15
fez1	4.63597705621716e-18	1.75943364543764	0.767	0.31	9.27195411243432e-15
zgc:112234.2	5.48051947450056e-18	0.326848393050905	0.151	0.067	1.09610389490011e-14
vat1	6.14131229383573e-18	0.720538742570774	0.93	0.403	1.22826245876715e-14
nme2b.2	1.54003195764255e-17	0.326223713127548	0.256	0.258	3.08006391528511e-14
uncx4.1	1.76155265608483e-17	0.337017984936717	0.267	0.095	3.52310531216965e-14
adcyap1b	3.45211117071117e-17	0.664460237802869	0.779	0.3	6.90422234142234e-14
slc16a9b	6.0030451799323e-17	0.850005388841362	0.895	0.39	1.20060903598646e-13
ckmt1	6.47477665023401e-17	0.991788746926332	0.744	0.252	1.2949553300468e-13
gpm6ab	9.08005930740099e-17	0.752207631032799	0.895	0.548	1.8160118614802e-13
calm2a	1.28353524355746e-16	1.15425931555312	0.942	0.67	2.56707048711492e-13
atp6v1g1	1.36029520975859e-16	1.07128308326857	0.919	0.601	2.72059041951717e-13
ldhba	3.21854027350663e-16	1.14219613472382	0.988	0.693	6.43708054701325e-13
marcksl1b	4.95206638087146e-16	0.646958957736055	1	0.79	9.90413276174292e-13
gpm6aa	5.1546508636499e-16	1.25421509514727	0.767	0.308	1.03093017272998e-12
tmsb2	5.25180027782909e-16	1.83102119101181	0.767	0.32	1.05036005556582e-12
myt1b	8.50197852201205e-16	1.6222935242091	0.744	0.23	1.70039570440241e-12
syt2a	1.65303385858012e-15	1.2416293290414	0.733	0.246	3.30606771716024e-12
nrn1a	1.89350884023179e-15	0.426395369098765	0.267	0.075	3.78701768046358e-12
hoxd9a	2.0160457784699e-15	0.456394086415237	0.221	0.317	4.03209155693979e-12
olfm2a	3.09769307473993e-15	0.510057605187887	0.709	0.186	6.19538614947986e-12
gdi1	4.69870182392319e-15	0.924910363200978	0.86	0.485	9.39740364784639e-12
hoxc3a	4.73792587488625e-15	1.46814281584495	0.872	0.454	9.47585174977249e-12
tpi1b	1.04261855377179e-14	1.35666729151196	0.884	0.515	2.08523710754359e-11
isl2b	1.33121287059167e-14	0.295613919671474	0.233	0.148	2.66242574118335e-11
pik3r3b	1.5163432835884e-14	1.97173709327077	0.744	0.361	3.0326865671768e-11
galnt9	1.69647239465848e-14	0.305864910409073	0.663	0.086	3.39294478931696e-11
tob1a	1.69840688490187e-14	1.16597594357285	0.86	0.387	3.39681376980373e-11
phyhipla	4.98347240475824e-14	0.301370140233863	0.791	0.354	9.96694480951648e-11
rbfox1	6.22546430772905e-14	1.75319876360123	0.791	0.446	1.24509286154581e-10
phlda1	7.01130468335093e-14	0.554288403304995	0.814	0.313	1.40226093667019e-10
mt-atp6	1.40023674865054e-13	0.850771421903273	1	0.97	2.80047349730109e-10
mab21l1	1.5820708883317e-13	0.998205395997493	0.895	0.448	3.1641417766634e-10
si:dkeyp-117h8.2	1.79700022800196e-13	0.962387359437518	0.733	0.26	3.59400045600391e-10
hmx3a	1.89308817160916e-13	0.415789731891228	0.826	0.365	3.78617634321832e-10
meis3	3.74196831224118e-13	0.357534001594336	0.267	0.07	7.48393662448237e-10
raly	4.04918996999738e-13	0.319277309871406	0.326	0.202	8.09837993999476e-10
grin1a	6.51385408963336e-13	0.535607999264821	0.651	0.118	1.30277081792667e-09
hoxc10a	1.20702681401581e-12	1.08625480546163	0.337	0.072	2.41405362803161e-09
hoxb5b	1.33072654785767e-12	1.52935683370735	0.884	0.504	2.66145309571534e-09
jagn1a	1.34008564357194e-12	1.25494668686304	0.721	0.256	2.68017128714388e-09
ppp1r14ba	1.36369752176326e-12	0.432072298718582	0.349	0.108	2.72739504352652e-09
znf385c	2.55905567127787e-12	0.273049522285128	0.326	0.135	5.11811134255574e-09
CABZ01075125.1	2.82287230139522e-12	0.403128016164786	0.291	0.245	5.64574460279043e-09
BX548062.1	3.69419094227237e-12	0.320754734875056	0.349	0.077	7.38838188454474e-09
hoxb8a	3.92521516608294e-12	2.24689510982466	0.756	0.319	7.85043033216587e-09
camk2n1a	5.08650912668508e-12	1.44815864907032	0.744	0.327	1.01730182533702e-08
cspg5a	5.82064378546612e-12	0.979450998305026	0.721	0.309	1.16412875709322e-08
gchfr	1.0676391341346e-11	0.306883940591466	0.779	0.359	2.13527826826919e-08
pou2f2a	1.32913401064698e-11	0.37294516131172	0.326	0.148	2.65826802129396e-08
glud1b	1.74657274190992e-11	0.7088320725627	0.977	0.562	3.49314548381984e-08
onecut1	2.09312037278461e-11	1.07560095930557	0.686	0.058	4.18624074556923e-08
sfrp1b	2.87814479042536e-11	0.327070756910288	0.326	0.192	5.75628958085072e-08
si:dkey-56m19.5	3.82442454413192e-11	1.06672401851215	0.779	0.349	7.64884908826383e-08
pou3f3b	4.43097219001097e-11	0.326799080771462	0.302	0.114	8.86194438002193e-08
lhx5	5.59211238810877e-11	1.27376403139661	0.616	0.037	1.11842247762175e-07
celf3a	1.7568293407537e-10	1.29179559101855	0.709	0.291	3.5136586815074e-07
sox11a	2.18859824441791e-10	1.66679676139052	0.791	0.462	4.37719648883583e-07
cxxc4	3.15795060922886e-10	1.14194765638054	0.686	0.198	6.31590121845772e-07
hoxb6b	3.17015441211245e-10	1.2314644289056	0.326	0.334	6.3403088242249e-07
slc32a1	3.44461130836303e-10	1.72069107508408	0.628	0.04	6.88922261672605e-07
myt1a	4.00534999425146e-10	0.724967824093331	0.349	0.063	8.01069998850292e-07
mdh1aa	5.33162926796913e-10	0.495607730792034	0.907	0.558	1.06632585359383e-06
mab21l2	5.58587210685729e-10	1.62654561302285	0.733	0.252	1.11717442137146e-06
sh3glb2b	7.40330312106933e-10	0.7075380543739	0.756	0.279	1.48066062421387e-06
cdc14b	8.11497147374414e-10	0.283687510340193	0.884	0.391	1.62299429474883e-06
dpysl3	1.33229965931315e-09	1.01877429585673	0.733	0.324	2.6645993186263e-06
prmt1	1.52736879417618e-09	0.442798861764267	0.988	0.548	3.05473758835236e-06
suclg1	2.8636296346838e-09	0.623421502452331	0.907	0.511	5.7272592693676e-06
ppdpfb	4.0874000864542e-09	0.56667230083157	1	0.992	8.1748001729084e-06
robo2.1	6.58645051825289e-09	0.510047109945546	0.337	0.303	1.31729010365058e-05
map1ab	6.83464114566444e-09	1.29943044010043	0.651	0.152	1.36692822913289e-05
hoxb5a	1.31461381510311e-08	1.04250303855755	0.849	0.518	2.62922763020622e-05
spock3	1.36868383133034e-08	0.378538312498941	0.779	0.441	2.73736766266069e-05
anos1a	1.93238211419825e-08	0.525986730162374	0.314	0.135	3.86476422839651e-05
si:dkey-280e21.3	2.32714067961636e-08	0.809102698394126	0.663	0.194	4.65428135923272e-05
aplp1	2.70845879916104e-08	0.7278060788051	0.721	0.317	5.41691759832209e-05
dab1a	2.93056523726775e-08	0.281662803995163	0.686	0.257	5.86113047453549e-05
camk2d2	3.23323002493689e-08	0.585939744647661	0.395	0.091	6.46646004987378e-05
epb41a	4.01755923502578e-08	0.962931846064942	0.709	0.269	8.03511847005156e-05
atp1b3b	1.31867008635038e-07	0.970345852229901	0.709	0.309	0.000263734017270075
ncs1a	2.31592501586182e-07	0.30267576466952	0.384	0.231	0.000463185003172364
zgc:101840	3.24416576539745e-07	1.038099831108	0.674	0.228	0.000648833153079491
atp6v1ab	4.56106670019903e-07	0.344866964508527	0.721	0.299	0.000912213340039807
arl6ip1	4.57867798428665e-07	0.276236525188254	0.919	0.676	0.00091573559685733
slc6a5	5.51535730913988e-07	0.872361866022993	0.535	0.002	0.00110307146182798
zgc:165603	5.96544177130794e-07	0.553717413326001	0.395	0.063	0.00119308835426159
tmem178b	8.61275451679683e-07	0.418957745336222	0.744	0.363	0.00172255090335937
isl1	9.04925208835409e-07	0.844777741789152	0.616	0.09	0.00180985041767082
mafbb	9.89686307817822e-07	0.619613644214781	0.267	0.124	0.00197937261563564
sypb	1.47164342519789e-06	1.01198940291931	0.64	0.213	0.00294328685039578
slc6a1b	2.69110771369343e-06	1.10412228076543	0.395	0.142	0.00538221542738687
nat8l	3.22996823442952e-06	1.10451342706216	0.663	0.188	0.00645993646885904
phyhiplb	4.70966262764063e-06	0.759039684924538	0.395	0.109	0.00941932525528125
auts2b	5.36275910002664e-06	0.505296358549701	0.64	0.187	0.0107255182000533
sncgb	5.81909799418456e-06	0.814045453626489	0.558	0.065	0.0116381959883691
cotl1	6.38912180503195e-06	0.421985155647401	0.802	0.524	0.0127782436100639
nxph1	6.83379868164974e-06	0.995289136973655	0.395	0.214	0.0136675973632995
syt11a	8.11743498955335e-06	1.09565368883337	0.651	0.291	0.0162348699791067
gad2	2.32616940918977e-05	1.16377077125968	0.395	0.074	0.0465233881837954
