gene	p_val	avg_log2FC	pct.1	pct.2	p_val_adj
elavl3	4.43023470138031e-94	2.38954870523193	0.931	0.386	8.86046940276063e-91
phox2a	1.79034808063824e-93	2.60183359320854	0.921	0.462	3.58069616127647e-90
phox2bb	7.37475707914261e-84	2.49459720179941	0.921	0.468	1.47495141582852e-80
elavl4	3.59140013009473e-81	2.38716143833049	0.881	0.424	7.18280026018947e-78
rtn1a	5.09086625333024e-80	2.02463650025858	0.931	0.485	1.01817325066605e-76
gap43	5.02558680192193e-69	2.0721744948459	0.856	0.444	1.00511736038439e-65
tuba1c	7.43515035857455e-68	2.17075544036218	0.896	0.495	1.48703007171491e-64
rnasekb	1.28462428780593e-67	1.65711134660505	0.851	0.418	2.56924857561186e-64
tuba1a	1.19632515835154e-62	2.02955674958378	0.856	0.434	2.39265031670309e-59
zc4h2	1.78083092641416e-57	1.49300026820293	0.851	0.489	3.56166185282833e-54
gapdhs	6.22517844707762e-57	1.63933687078933	0.946	0.75	1.24503568941552e-53
atp6v0cb	7.90374594308542e-57	1.76543832997589	0.807	0.447	1.58074918861708e-53
hoxb5b	6.08141360845864e-56	1.75810160978001	0.837	0.495	1.21628272169173e-52
stmn1b	1.3894336260608e-49	2.24588817827467	0.777	0.44	2.7788672521216e-46
gng2	5.66270606862868e-49	1.68703055987311	0.767	0.433	1.13254121372574e-45
hand2	1.69990592113311e-47	2.21258066506552	0.847	0.649	3.39981184226622e-44
tubb5	2.685971697872e-46	1.96097039518636	0.713	0.355	5.371943395744e-43
nsg2	5.0130756101688e-44	1.43686314087059	0.649	0.283	1.00261512203376e-40
mdkb	1.78250086119786e-43	1.7642366936995	0.817	0.527	3.56500172239572e-40
ywhag2	2.13218099618851e-43	1.77430845394574	0.752	0.462	4.26436199237702e-40
myt1b	4.17557721622583e-43	1.32347993636527	0.579	0.223	8.35115443245165e-40
maptb	2.00251082218631e-41	1.62120373741134	0.728	0.475	4.00502164437261e-38
vamp2	6.64637612449314e-40	1.40803758798781	0.639	0.313	1.32927522489863e-36
vim	1.64356966059889e-39	1.25901657312634	0.812	0.549	3.28713932119778e-36
jagn1a	6.65202884108245e-37	1.1809564199281	0.564	0.25	1.33040576821649e-33
syt1a	7.3249166222531e-37	1.35278181947517	0.53	0.231	1.46498332445062e-33
atpv0e2	7.80846448369988e-37	1.37119608461966	0.624	0.326	1.56169289673998e-33
gng3	2.3492963779898e-36	1.95179543728984	0.649	0.373	4.69859275597961e-33
chrna5	2.54419342086619e-34	1.95658875894602	0.619	0.372	5.08838684173238e-31
tuba2	4.54629536343391e-32	1.49226831360977	0.584	0.312	9.09259072686782e-29
cnrip1a	5.82119155885738e-32	1.16112607412873	0.495	0.232	1.16423831177148e-28
h2afx1	1.12756885608276e-31	0.963000793250365	0.96	0.925	2.25513771216552e-28
cplx2	5.13311561419131e-31	1.39962989830433	0.574	0.318	1.02662312283826e-27
si:dkeyp-75h12.5	1.03516704367371e-29	1.28251954008747	0.703	0.497	2.07033408734742e-26
tlx2	1.06003031037543e-28	1.73254879482487	0.624	0.416	2.12006062075087e-25
tmsb	3.53389938140423e-28	1.78136878228013	0.535	0.297	7.06779876280846e-25
tspan7b	4.54179590119218e-27	0.997538880178955	0.48	0.236	9.08359180238436e-24
nova2	8.83867694841641e-27	1.17006565971011	0.535	0.29	1.76773538968328e-23
atp6ap2	1.23650105354532e-26	0.872450296905213	0.752	0.526	2.47300210709065e-23
zgc:65894	3.3629374161697e-26	1.64282271030836	0.574	0.353	6.7258748323394e-23
zgc:153426	3.56185780082921e-26	1.80810106518769	0.554	0.335	7.12371560165842e-23
si:ch211-222l21.1	3.90175818910648e-26	1.41998452941337	0.926	0.824	7.80351637821296e-23
scg3	4.72144078752912e-26	1.41172026160657	0.614	0.442	9.44288157505823e-23
insm1b	7.65195826811967e-26	1.61636293278918	0.505	0.281	1.53039165362393e-22
aldocb	1.45779224194218e-25	1.29900346193986	0.619	0.431	2.91558448388435e-22
h3f3b.1	3.08538099627461e-25	0.563127812747542	0.985	0.894	6.17076199254922e-22
necap1	7.24837760140498e-25	1.12899712513992	0.475	0.254	1.449675520281e-21
zgc:101840	1.00175996067011e-24	1.23911313059435	0.446	0.227	2.00351992134021e-21
hoxa3a	1.23050214912037e-24	1.34686008882322	0.673	0.505	2.46100429824073e-21
sncb	1.34650206549676e-24	1.22447633030225	0.396	0.16	2.69300413099352e-21
syt11a	2.20469366609842e-24	1.23533869397268	0.515	0.287	4.40938733219684e-21
stmn2a	2.49055102652304e-24	1.82098977218068	0.579	0.378	4.98110205304607e-21
stmn2b	4.23696838611215e-24	1.48171997825758	0.564	0.355	8.4739367722243e-21
eno1a	7.97517178871229e-24	1.29570961487779	0.599	0.42	1.59503435774246e-20
hmx2	8.25438945451608e-24	2.05493325445748	0.46	0.259	1.65087789090322e-20
atp6v1e1b	5.1000485291153e-23	1.06058460364444	0.733	0.562	1.02000970582306e-19
mab21l1	5.97173063945529e-23	1.3044303930455	0.619	0.449	1.19434612789106e-19
hmx3a	1.78805921872616e-22	1.96145011374366	0.535	0.367	3.57611843745232e-19
fez1	3.54383192357268e-22	1.27016427549884	0.505	0.31	7.08766384714535e-19
tubb2b	4.42164633398163e-22	0.774408757517622	0.881	0.702	8.84329266796326e-19
hsbp1a	2.82031088744032e-21	1.23626677788044	0.644	0.506	5.64062177488063e-18
celf3a	4.35156040897732e-21	1.01610346636294	0.485	0.29	8.70312081795465e-18
scg5.1	5.88855954053428e-21	1.06339026098102	0.436	0.229	1.17771190810686e-17
stx1b	6.14978831486679e-21	1.2038283819791	0.475	0.269	1.22995766297336e-17
mllt11	1.10404193402705e-20	1.62425020675544	0.54	0.36	2.2080838680541e-17
mt-atp6	1.36805920681552e-20	0.534553551485317	1	0.969	2.73611841363104e-17
hmga1a	1.57439505649011e-19	0.574814837835189	0.975	0.878	3.14879011298023e-16
scg2b	1.63346793171784e-19	1.69692604997552	0.416	0.22	3.26693586343569e-16
stxbp1a	1.91670999925181e-19	1.1079580318829	0.421	0.245	3.83341999850361e-16
atcaya	1.15281970230047e-18	0.812109569463392	0.366	0.191	2.30563940460095e-15
tspan18a	1.46342976088441e-18	1.86673641128558	0.609	0.524	2.92685952176882e-15
rgs5a	5.44529248300041e-18	1.53840561913893	0.129	0.529	1.08905849660008e-14
snap25a	1.33777695369421e-17	1.37079299036279	0.391	0.219	2.67555390738841e-14
dpysl3	1.87269925701749e-17	1.01318211694638	0.47	0.325	3.74539851403499e-14
atp6v1g1	2.90881741922158e-17	0.934986002951063	0.718	0.602	5.81763483844315e-14
marcksl1b	2.9928830954289e-17	0.627269021396749	0.906	0.789	5.9857661908578e-14
nfasca	4.97779316716532e-17	0.903590556214647	0.361	0.197	9.95558633433064e-14
olfm1b	7.30131035444199e-17	1.38176697073839	0.49	0.33	1.4602620708884e-13
myt1a	9.53201819572653e-17	0.461472954690418	0.183	0.063	1.90640363914531e-13
slc35g2a	1.23245684789656e-16	1.44458546209924	0.475	0.343	2.46491369579312e-13
atp1a3a	1.55661032993693e-16	0.710380436260035	0.228	0.08	3.11322065987386e-13
gdi1	3.12180585876012e-16	0.89442226962389	0.599	0.488	6.24361171752025e-13
csdc2a	4.76013290363749e-16	0.761345289094425	0.347	0.228	9.52026580727497e-13
si:dkey-23a13.22	6.42580413095354e-16	0.564495631485801	0.218	0.159	1.28516082619071e-12
pcsk1nl	1.01298746254371e-15	1.22904671499764	0.446	0.288	2.02597492508742e-12
epb41a	1.12786865984001e-15	0.816503435843321	0.391	0.272	2.25573731968002e-12
zgc:154164	1.16734453506166e-15	0.409088672850488	0.158	0.125	2.33468907012332e-12
rundc3ab	1.52935445665331e-15	0.792846645546773	0.351	0.197	3.05870891330662e-12
apba2b	1.97519239540085e-15	0.686361222094328	0.248	0.097	3.95038479080171e-12
celf4	2.14121823183106e-15	1.04761193414336	0.49	0.373	4.28243646366212e-12
cplx2l	2.15633073056994e-15	1.05240862431333	0.158	0.069	4.31266146113989e-12
si:ch211-195b15.8	2.63134267146244e-15	1.55967416404075	0.604	0.525	5.26268534292488e-12
rtn1b	7.14772594145039e-15	1.00350034902206	0.653	0.538	1.42954518829008e-11
egr4	8.62846991990998e-15	0.709921246100791	0.257	0.182	1.725693983982e-11
tbx2b	1.4587010827856e-14	1.34523642688131	0.525	0.449	2.9174021655712e-11
stmn4l	3.69898869233275e-14	2.019799252743	0.48	0.364	7.3979773846655e-11
ppdpfb	3.94590426201642e-14	0.562471794530317	0.99	0.992	7.89180852403284e-11
si:dkey-280e21.3	4.30713264770085e-14	0.919656717021167	0.347	0.197	8.61426529540171e-11
cited4b	6.05794829887488e-14	1.2967716658003	0.525	0.442	1.21158965977498e-10
rbfox1	1.05052282610119e-13	0.264914185062961	0.099	0.473	2.10104565220237e-10
hoxb5a	1.63873944622366e-13	1.67415173301408	0.574	0.522	3.27747889244732e-10
sox11b	1.65919540701972e-13	0.919410984609731	0.376	0.288	3.31839081403943e-10
vgf	1.91164464133214e-13	1.82666341743767	0.386	0.257	3.82328928266428e-10
fxyd1	2.15700805370861e-13	0.973796532357893	0.723	0.652	4.31401610741722e-10
chrnb4	2.62017826508993e-13	0.977411168389989	0.371	0.231	5.24035653017986e-10
atp5mc1	6.66947807259134e-13	0.640948373247225	0.792	0.716	1.33389561451827e-09
syn2a	1.22280741946953e-12	0.865644071134672	0.356	0.229	2.44561483893905e-09
insm1a	5.24804707765418e-12	0.98242152489284	0.262	0.182	1.04960941553084e-08
slc16a9b	6.61625866729478e-12	0.926172597129235	0.48	0.397	1.32325173345896e-08
nat8l	1.1501482742846e-11	0.915395179177253	0.238	0.197	2.3002965485692e-08
atp6v1aa	1.5296164647479e-11	0.758391159315465	0.411	0.336	3.0592329294958e-08
zgc:173587	2.42121641874802e-11	0.264863384838947	0.124	0.134	4.84243283749603e-08
calm3a.1	2.4510008074941e-11	1.17319928096202	0.728	0.702	4.90200161498819e-08
cdkn1ca	3.89387413029657e-11	0.353167874351195	0.198	0.189	7.78774826059314e-08
tpi1b	4.04818138851929e-11	0.89682828011555	0.579	0.52	8.09636277703858e-08
si:dkey-56m19.5	4.05676327524119e-11	0.516245150877587	0.446	0.354	8.11352655048239e-08
hoxb1b	4.58207585981192e-11	1.246905351452	0.381	0.317	9.16415171962384e-08
atp5if1b	8.12760538663806e-11	0.733502300623117	0.579	0.516	1.62552107732761e-07
sh3glb2b	8.32505905848135e-11	0.350635921228606	0.347	0.286	1.66501181169627e-07
map1aa	1.04870282683132e-10	1.18063906319751	0.421	0.328	2.09740565366265e-07
hsp90aa1.2	1.44568687762978e-10	0.675112570882866	0.98	0.97	2.89137375525957e-07
dgkaa	1.49574319664568e-10	1.17637560218043	0.416	0.332	2.99148639329136e-07
basp1	1.49724690404496e-10	0.963131189252166	0.406	0.313	2.99449380808991e-07
golga7ba	1.69349192585264e-10	0.879406940981051	0.262	0.207	3.38698385170528e-07
cpe	4.29311098746033e-10	1.11094657045678	0.5	0.44	8.58622197492065e-07
plcxd3	5.27864850895803e-10	1.1728053296332	0.371	0.257	1.05572970179161e-06
hoxd4a	6.55088142778356e-10	1.04864885765764	0.52	0.474	1.31017628555671e-06
lhx9	7.15137238520127e-10	0.25899308266923	0.069	0.322	1.43027447704025e-06
hoxb3a	7.18377378475114e-10	0.622004265645012	0.49	0.404	1.43675475695023e-06
lrrn1	7.39388332012797e-10	0.661599952208702	0.297	0.246	1.47877666402559e-06
histh1l	8.45947453629607e-10	0.730969510858217	0.955	0.961	1.69189490725922e-06
si:ch73-386h18.1	8.70621630112218e-10	0.291778576698982	0.129	0.16	1.74124326022444e-06
hspa5	9.45832861333623e-10	0.671813753123988	0.936	0.929	1.89166572266725e-06
si:dkey-4p15.3	4.6402836184499e-09	2.08486979795877	0.54	0.523	9.28056723689979e-06
syt4	7.78759087171037e-09	0.993429931483885	0.312	0.211	1.55751817434207e-05
dlb	1.05126068266243e-08	0.909429020521451	0.248	0.198	2.10252136532486e-05
chchd10	1.22727884103522e-08	0.596779854321593	0.317	0.292	2.45455768207044e-05
prdx1	1.5221239360721e-08	0.741407820161397	0.515	0.495	3.04424787214421e-05
rgs16	1.54441807499562e-08	0.334293657280589	0.069	0.334	3.08883614999125e-05
alcama	1.5556641859602e-08	1.5068650554684	0.45	0.416	3.11132837192039e-05
hoxb2a	1.6624276197391e-08	0.463926159059563	0.228	0.229	3.32485523947821e-05
tmem59l	2.40356936053016e-08	1.24754315640243	0.431	0.397	4.80713872106032e-05
si:dkey-180p18.9	2.89838378711135e-08	0.343170612461695	0.134	0.425	5.79676757422271e-05
camk2d2	3.16167165017585e-08	0.462103523140246	0.178	0.094	6.32334330035169e-05
syt9b	3.59627378898378e-08	0.27610154147536	0.05	0.29	7.19254757796755e-05
fstb	3.61118264408814e-08	0.34716290732331	0.124	0.423	7.22236528817628e-05
nell2b	7.12682623316153e-08	0.653492934112499	0.193	0.142	0.000142536524663231
dpysl5a	7.27944701671361e-08	0.617555379849178	0.267	0.228	0.000145588940334272
map1b	8.14334517907443e-08	0.762714321828647	0.282	0.211	0.000162866903581489
tmsb2	8.67353951789705e-08	1.27664376196106	0.371	0.327	0.000173470790357941
snap25b	8.89536836097722e-08	0.886737894633606	0.223	0.132	0.000177907367219544
etv1	1.18751642442635e-07	1.41148198021177	0.371	0.324	0.00023750328488527
atp6v1h	1.32608688894393e-07	0.67661952859266	0.525	0.508	0.000265217377788785
hes6	1.63047096545239e-07	0.440237524301627	0.243	0.252	0.000326094193090478
ldha	1.70538363679868e-07	0.38143985425041	0.203	0.232	0.000341076727359736
aplp1	1.80592938227089e-07	0.922880950643843	0.381	0.323	0.000361185876454179
ppp1r14ab	1.9775221122493e-07	0.267522445909776	0.119	0.123	0.00039550442244986
bcam	2.4271807414291e-07	1.20883447236387	0.386	0.336	0.00048543614828582
elmo1	2.79227554179157e-07	0.547254817020308	0.218	0.236	0.000558455108358314
nr2f1b	3.13627010329412e-07	0.712241487186941	0.134	0.178	0.000627254020658823
mpped2	3.17865996333822e-07	0.682153521096275	0.297	0.293	0.000635731992667645
calm1b	3.24341478319891e-07	1.30838677873229	0.441	0.429	0.000648682956639783
znf536	5.59538732833218e-07	1.1159661243064	0.465	0.456	0.00111907746566644
vat1	6.43168065244756e-07	0.65510368076195	0.436	0.414	0.00128633613048951
si:dkeyp-120h9.1	6.58354810143682e-07	0.961528868384586	0.347	0.336	0.00131670962028736
nsfa	7.041765379216e-07	0.871350786114553	0.297	0.225	0.0014083530758432
flvcr1	9.61604907619978e-07	0.278197967270265	0.124	0.175	0.00192320981523996
arg2	1.09319733279233e-06	0.292761100648258	0.114	0.361	0.00218639466558467
rergla	1.20273201817937e-06	0.291495860201099	0.054	0.304	0.00240546403635874
arhgdig	1.38998540108318e-06	0.36637647251954	0.089	0.356	0.00277997080216636
dll4	1.55336592535975e-06	0.570019962858948	0.213	0.232	0.0031067318507195
ldhba	2.0015550244411e-06	0.346442200607159	0.733	0.698	0.00400311004888219
mab21l2	2.31960439267868e-06	0.749679504802318	0.233	0.265	0.00463920878535736
wbp2	2.47495624963742e-06	1.11607106803051	0.485	0.501	0.00494991249927484
camk2n1a	2.59543960701657e-06	0.932127930785847	0.337	0.337	0.00519087921403315
msi2b	2.8245235995868e-06	0.873280555285363	0.45	0.458	0.0056490471991736
ndrg4	3.35333593055662e-06	0.347893925106032	0.129	0.118	0.00670667186111324
slc1a4	3.92771468501735e-06	0.786759169921382	0.252	0.272	0.00785542937003469
phex	3.94088070041153e-06	1.64933504183535	0.119	0.367	0.00788176140082307
serpine2	5.99141224054395e-06	1.62372791143737	0.218	0.518	0.0119828244810879
ngfrb	6.73878475512351e-06	0.920425776619886	0.406	0.394	0.013477569510247
jam2a	7.14739698800111e-06	0.365624891949699	0.183	0.462	0.0142947939760022
si:ch211-131k2.3	7.62882187085786e-06	0.926603897269102	0.153	0.219	0.0152576437417157
tubb2	8.95151753274216e-06	0.688248733837034	0.084	0.102	0.0179030350654843
tent5ba	1.06536199882678e-05	0.740299939268893	0.376	0.379	0.0213072399765356
sypa	1.14250545792713e-05	0.537783970434458	0.183	0.138	0.0228501091585426
anxa13l	1.17618354334652e-05	0.339051915578806	0.193	0.447	0.0235236708669305
slc29a4	1.38231293565325e-05	0.81148386006327	0.302	0.242	0.0276462587130651
atp6v1b2	2.04533210467892e-05	0.533671206072186	0.183	0.165	0.0409066420935783
UBB	2.12221578140861e-05	0.775391646207862	0.832	0.852	0.0424443156281723
prdm8b	2.25958214367059e-05	0.447885528233437	0.084	0.304	0.0451916428734117
calcrla	2.40086616509246e-05	0.378723235234722	0.183	0.422	0.0480173233018493
