gene	p_val	avg_log2FC	pct.1	pct.2	p_val_adj
si:ch211-98n17.5	0	1.96468381201462	0.957	0.003	0
pkp3a	4.84192000887063e-202	0.95170682098059	1	0.019	9.68384001774126e-199
s100v1	5.08939691014056e-141	0.669952388509397	0.957	0.024	1.01787938202811e-137
ecrg4b	2.12007757868156e-110	0.406858558145302	1	0.029	4.24015515736312e-107
si:ch1073-443f11.2	2.91867446750921e-77	1.35399653305422	1	0.064	5.83734893501843e-74
tmprss4a	1.4036015869483e-76	0.791030079401346	0.957	0.044	2.8072031738966e-73
chmp4c	8.60766996399787e-73	1.08258834662199	0.87	0.024	1.72153399279957e-69
rassf7b	1.16163820650322e-72	0.715508956892709	1	0.041	2.32327641300644e-69
gpa33a	4.45744134062632e-72	1.08693446067086	1	0.052	8.91488268125265e-69
ap1m2	1.97043883827628e-66	1.06114492721918	1	0.077	3.94087767655257e-63
rassf6	1.97295924477595e-58	0.41364689839137	0.957	0.012	3.9459184895519e-55
spint1a	1.18235775588269e-51	2.4401303240477	1	0.094	2.36471551176537e-48
caspb	3.02314602444285e-51	0.791700705817439	1	0.084	6.0462920488857e-48
tmem54a	6.26376448499171e-51	0.829159290393384	1	0.094	1.25275289699834e-47
hsd11b1la	1.81280078142205e-48	0.420116547481046	1	0.102	3.6256015628441e-45
zgc:193726	2.28721274078699e-48	0.366486416387402	0.957	0.059	4.57442548157399e-45
vamp8	9.57028466847851e-46	1.12452329794055	1	0.057	1.9140569336957e-42
irg1l	8.82849003911702e-43	0.990298067068543	1	0.062	1.7656980078234e-39
anxa1c	2.50578621399187e-42	1.02777546864	0.957	0.024	5.01157242798375e-39
vsig10	5.11210433199826e-42	1.11956610774129	0.957	0.098	1.02242086639965e-38
zgc:174938	3.75264350464541e-41	0.684870890258067	0.826	0.013	7.50528700929081e-38
CABZ01030107.1	1.01751117861513e-39	0.364113867001376	0.13	0.019	2.03502235723027e-36
oclna	1.49594292588319e-39	1.99340215507402	0.957	0.097	2.99188585176638e-36
cldnh	1.71948480150749e-38	3.06310651700058	0.913	0.09	3.43896960301498e-35
gsnb	3.72270171782041e-38	1.1195937115253	1	0.035	7.44540343564083e-35
tjp3	1.08001988821973e-35	1.22265517967253	1	0.088	2.16003977643946e-32
ap1s3b	1.88241696014504e-35	0.483296904955285	1	0.153	3.76483392029008e-32
spaca4l	3.3197065268783e-35	1.15268096991857	1	0.117	6.63941305375659e-32
pycard	6.9998041632307e-35	1.66501614194319	1	0.165	1.39996083264614e-31
stard14	1.46931071995655e-34	1.17655630614057	1	0.11	2.9386214399131e-31
spint2	1.48603310517795e-34	3.1407473423849	1	0.108	2.9720662103559e-31
si:dkeyp-72e1.7	2.28798545241831e-34	0.408851254730427	1	0.12	4.57597090483662e-31
ankrd22	4.63251874516042e-34	0.964154844223674	1	0.134	9.26503749032084e-31
ildr1a	2.40323346244713e-33	1.22305099482197	0.913	0.103	4.80646692489426e-30
si:dkey-184p9.7	3.84519304590067e-33	0.90180555479113	0.913	0.087	7.69038609180133e-30
epdl1	7.58941398185623e-32	1.44934049317998	0.957	0.153	1.51788279637125e-28
cldn7b	1.20129896158339e-30	2.53483357553468	1	0.079	2.40259792316678e-27
hrc	5.29201482047892e-30	0.353190536285844	1	0.17	1.05840296409579e-26
aep1	7.14478670981811e-30	1.89451190485335	1	0.133	1.42895734196362e-26
zgc:193505	5.75087617569405e-29	1.92644419806874	0.957	0.104	1.15017523513881e-25
tmem176l.4	2.85298441090647e-27	2.33694183102337	1	0.16	5.70596882181294e-24
il20ra	6.02101885507486e-27	0.401379343241909	0.913	0.097	1.20420377101497e-23
depdc7a	7.27684002637964e-27	0.309213547999189	1	0.218	1.45536800527593e-23
zgc:92380	1.56961078385836e-26	0.845352075633376	0.913	0.153	3.13922156771672e-23
lsr	1.96525817609259e-26	0.906489482485364	0.87	0.084	3.93051635218518e-23
zgc:153665	3.50251740411234e-26	0.786912697559382	1	0.134	7.00503480822469e-23
cldnc	3.830511430054e-26	1.83161264269909	0.739	0.021	7.661022860108e-23
arhgef18a	4.22502185101974e-26	0.770816330705974	1	0.195	8.45004370203948e-23
abca12	1.04163945676392e-25	1.21709024394274	0.957	0.127	2.08327891352784e-22
mid1ip1a	1.44674187276101e-25	2.52648837576299	1	0.186	2.89348374552201e-22
atp1b1b	2.14769592148699e-25	1.22165385467911	0.957	0.155	4.29539184297399e-22
tnks1bp1	3.22934905836181e-25	1.25073315215356	1	0.222	6.45869811672363e-22
bicdl2	1.34803806077924e-24	0.864073103208933	1	0.217	2.69607612155847e-21
si:ch211-212k18.7	1.88007930790665e-24	0.468484148251516	1	0.243	3.7601586158133e-21
snap23.2	7.67355724813419e-24	0.254701555010662	1	0.176	1.53471144962684e-20
aifm4	1.06789446910618e-23	0.666407398426324	1	0.242	2.13578893821235e-20
pon1	2.29550483035605e-23	0.41910142553644	1	0.26	4.59100966071211e-20
lgals1l1	2.45070157512348e-23	0.662952519202283	1	0.239	4.90140315024695e-20
si:dkey-74k8.3	4.37173624992285e-23	0.317561146413975	1	0.179	8.7434724998457e-20
itm2bb	4.79005319398813e-23	1.48742814064595	1	0.176	9.58010638797626e-20
dnase1l4.1	5.36166134664966e-23	1.32313543831234	0.957	0.212	1.07233226932993e-19
hbegfb	1.02040668330335e-22	1.29224786775457	1	0.189	2.0408133666067e-19
tspan35	2.7031159345962e-22	1.25498669313747	1	0.151	5.4062318691924e-19
icn2	2.97519603100308e-22	2.59757631045586	1	0.231	5.95039206200617e-19
tcnbb	3.01331347250102e-22	1.32404938523532	0.957	0.176	6.02662694500205e-19
cyp1a	7.89690832120216e-22	0.837524353536497	1	0.154	1.57938166424043e-18
serpinb1	1.00648256614863e-21	0.449435292715712	1	0.28	2.01296513229725e-18
gstm.3	4.27138693156226e-21	0.435481924633671	1	0.202	8.54277386312451e-18
fthl30	5.58292316629016e-21	0.338815555396807	0.913	0.178	1.11658463325803e-17
si:ch211-195b11.3	8.30157807373344e-21	3.58741758053974	1	0.238	1.66031561474669e-17
mgst1.2	1.43700906085005e-20	1.43292492811911	1	0.337	2.87401812170011e-17
gpx1b	2.71813076002248e-20	0.463369674264901	1	0.232	5.43626152004495e-17
slc25a21	3.01084461507199e-20	0.276158404479609	1	0.201	6.02168923014398e-17
tagapa	3.14070789674953e-20	0.703978004378027	0.957	0.093	6.28141579349907e-17
dhrs13l1	3.60722719349319e-20	0.682128532746882	1	0.335	7.21445438698638e-17
ifi46	5.12494342109486e-20	0.358144703798575	0.957	0.099	1.02498868421897e-16
arg2	5.47063245072421e-20	1.95114337630702	1	0.344	1.09412649014484e-16
ptgdsb.1	6.73346358873989e-20	0.68390134481046	1	0.206	1.34669271774798e-16
f11r.1	7.3813817561333e-20	2.66388719740847	1	0.329	1.47627635122666e-16
mat2al	7.49535030876924e-20	0.448793449664152	1	0.297	1.49907006175385e-16
si:ch1073-190k2.1	9.75138331608726e-20	0.820905803022026	0.957	0.202	1.95027666321745e-16
cldnb	1.41065023456497e-19	4.00207544520261	1	0.321	2.82130046912994e-16
cyt1l	1.99093874949389e-19	3.06579117223726	1	0.274	3.98187749898777e-16
krt92	2.03308251093855e-19	0.252428489211387	0.13	0.158	4.06616502187709e-16
krt91	2.86416970167153e-19	1.99165537548612	1	0.387	5.72833940334306e-16
itpk1a	2.87727506359437e-19	0.258864848786753	0.957	0.18	5.75455012718874e-16
ppp1r1b	3.05149826549303e-19	1.06231229039296	1	0.346	6.10299653098605e-16
wu:fj16a03	5.41379757363501e-19	2.2878836430575	0.957	0.199	1.082759514727e-15
elovl1a	9.12907041683967e-19	0.798962745704849	0.957	0.177	1.82581408336793e-15
krtt1c19e	9.54079727309656e-19	1.35108953213094	1	0.383	1.90815945461931e-15
rac2	1.15317819638235e-18	0.32265097715875	0.957	0.242	2.3063563927647e-15
tmsb1	1.20077108403131e-18	3.22258270409227	1	0.436	2.40154216806262e-15
cfl1l	1.31742947983285e-18	2.6937995699192	1	0.355	2.6348589596657e-15
pbxip1b	1.55710161962681e-18	0.563471660090268	0.957	0.266	3.11420323925363e-15
hebp2	1.65144264602617e-18	0.960518613719517	1	0.329	3.30288529205235e-15
si:ch211-153b23.5	2.03418175864768e-18	1.21384735422308	0.957	0.219	4.06836351729536e-15
lpcat4	2.14971918904803e-18	0.293128504392646	0.957	0.21	4.29943837809605e-15
cyt1	2.76909453841119e-18	2.03403848040233	1	0.293	5.53818907682237e-15
krt5	3.05053390324778e-18	2.32999498256808	1	0.41	6.10106780649557e-15
tent5bb	3.37862475074609e-18	0.67779649924616	1	0.355	6.75724950149218e-15
zgc:163030	5.06864542498352e-18	0.492436165124238	0.957	0.093	1.0137290849967e-14
sqor	5.28745038537205e-18	0.554625965509681	1	0.398	1.05749007707441e-14
cishb	5.98142477796511e-18	1.07398601561703	1	0.195	1.19628495559302e-14
cd9b	8.42637322591383e-18	2.45851356034186	0.957	0.32	1.68527464518277e-14
hhla2a.1	8.67871356622859e-18	0.289775285054474	0.957	0.26	1.73574271324572e-14
si:dkey-16l2.20	1.37406768849231e-17	0.526394659678052	1	0.336	2.74813537698461e-14
capgb	7.03295581188125e-17	0.948891190193016	1	0.3	1.40659116237625e-13
epcam	7.13358524009917e-17	4.39349113455217	0.957	0.265	1.42671704801983e-13
arhgdig	1.00352887987783e-16	0.657277530215565	1	0.338	2.00705775975567e-13
si:ch73-141c7.1	1.05738388623011e-16	1.17709842714152	0.957	0.196	2.11476777246022e-13
zgc:91890	1.39145884665271e-16	0.320253637021446	0.957	0.218	2.78291769330543e-13
tjp2b	1.5092813012326e-16	0.648597950086196	1	0.29	3.0185626024652e-13
gsto2	1.76968407496421e-16	1.613456611142	1	0.399	3.53936814992843e-13
cnpy1	3.10444883022999e-16	1.47480779575458	1	0.359	6.20889766045998e-13
csrp1a	6.03125187938661e-16	0.507484817263965	1	0.229	1.20625037587732e-12
pmaip1	1.79775580583904e-15	0.634643988688188	1	0.353	3.59551161167808e-12
sik1	2.19802675200838e-15	0.543265558468534	1	0.223	4.39605350401677e-12
nqo1	2.90228580842841e-15	1.28005942033393	1	0.365	5.80457161685682e-12
rida	3.02055568180741e-15	0.477292719794916	1	0.249	6.04111136361482e-12
nr4a3	3.19979341825213e-15	0.716142859677338	1	0.403	6.39958683650425e-12
sqstm1	3.24738290131954e-15	3.02668475163977	1	0.492	6.49476580263908e-12
gcnt4a	3.53427026863674e-15	0.514249262975736	0.957	0.289	7.06854053727349e-12
krt4	5.26735672404155e-15	3.19599304464659	1	0.513	1.05347134480831e-11
ndrg1a	6.43546404980412e-15	1.25404000569769	1	0.294	1.28709280996082e-11
slc25a33	8.33080964690579e-15	0.293238147707545	1	0.229	1.66616192938116e-11
atp6v1c1b	9.02242532436944e-15	0.979937609680079	1	0.326	1.80448506487389e-11
tuba8l2	1.19354395416501e-14	0.811258345885966	1	0.274	2.38708790833002e-11
prr13	1.39383465797649e-14	0.733887823572791	0.913	0.218	2.78766931595298e-11
rbp4	1.68231122494015e-14	1.04273188310282	1	0.443	3.36462244988029e-11
glb1l	3.7663799078057e-14	0.299054821283191	1	0.307	7.5327598156114e-11
gadd45aa	3.97492090547505e-14	0.835162166533498	0.957	0.359	7.94984181095011e-11
pnp5a	5.96436702485718e-14	0.594810013407601	1	0.439	1.19287340497144e-10
tspo	8.33208171097483e-14	1.19698759001361	1	0.465	1.66641634219497e-10
sod2	8.95359192728437e-14	0.810461438198654	1	0.38	1.79071838545687e-10
stm	9.65902553877576e-14	3.89816547725103	0.826	0.111	1.93180510775515e-10
ezrb	1.43505044413548e-13	1.39096334800995	1	0.478	2.87010088827097e-10
lxn	2.01335592813377e-13	0.444434993695388	1	0.429	4.02671185626755e-10
aldh1a3	3.01573879710882e-13	1.55050175553185	0.261	0.085	6.03147759421765e-10
cdh1	3.78621572743892e-13	0.643745460405925	0.913	0.257	7.57243145487784e-10
zgc:92313	4.22788460553306e-13	1.61444115484539	0.826	0.151	8.45576921106613e-10
pvalb6	4.44067987084445e-13	0.344271886588348	0.217	0.134	8.8813597416889e-10
si:dkey-44g23.5	5.97540501111509e-13	0.301853676751392	1	0.291	1.19508100222302e-09
thbs1a	7.76632533314397e-13	0.262986157221102	0.957	0.227	1.55326506662879e-09
stc2a	1.34385856245961e-12	0.776765158416455	0.913	0.237	2.68771712491922e-09
rgs4	1.41602884060515e-12	0.501866953636031	1	0.437	2.8320576812103e-09
nr4a1	3.40389954467998e-12	0.571618883676284	0.957	0.337	6.80779908935996e-09
zgc:101744	3.7469865253505e-12	0.409907376066536	0.13	0.208	7.49397305070099e-09
fthl31	9.3772325075366e-12	0.865880618203003	0.957	0.183	1.87544650150732e-08
atp6v0a1a	9.3939308380834e-12	0.608233107437209	0.957	0.423	1.87878616761668e-08
fthl28	1.20870462379054e-11	0.451960743742662	0.957	0.3	2.41740924758108e-08
id2b	1.63064538159987e-11	0.301521431204687	1	0.24	3.26129076319974e-08
atp5if1b	1.78452011794453e-11	1.36756697753946	1	0.517	3.56904023588906e-08
fbp1a	2.38916298866343e-11	0.354785605332736	1	0.43	4.77832597732686e-08
cbr1l	2.90857161394633e-11	0.729374308499231	1	0.326	5.81714322789265e-08
s100u	3.07721219643038e-11	0.697706794990888	0.913	0.311	6.15442439286075e-08
wnt11	3.57376580923860e-11	0.460445240233173	0.13	0.176	7.14753161847721e-08
pcdh10a	3.85394836463549e-11	0.304103652959373	1	0.363	7.70789672927098e-08
zgc:175088	5.05144707852117e-11	1.22201026633243	1	0.461	1.01028941570423e-07
gsta.1	7.38375015707998e-11	0.721318007122575	1	0.386	1.476750031416e-07
btc	7.66979462265512e-11	0.317682976359413	0.174	0.281	1.53395892453102e-07
tfap2a	7.89634066768213e-11	0.652518102208004	1	0.286	1.57926813353643e-07
cox17	1.05137310187466e-10	0.904213980439215	1	0.423	2.10274620374931e-07
rgs5b	1.18446479149861e-10	1.95157840870213	1	0.438	2.36892958299722e-07
si:ch211-183d5.2	1.2441585534199e-10	0.382203600543213	0.13	0.108	2.4883171068398e-07
tnni2a.1	1.43556656927926e-10	0.431146054674968	0.957	0.325	2.87113313855853e-07
ckba	2.68546854992049e-10	0.346910811406027	1	0.433	5.37093709984097e-07
tpmt.1	2.71994394921873e-10	0.278922057798991	1	0.435	5.43988789843747e-07
naga	3.28210774316105e-10	0.464030064021008	1	0.406	6.56421548632209e-07
chchd10	3.69014875625917e-10	0.250512336534419	1	0.289	7.38029751251833e-07
atp1b3b	6.30201847427998e-10	0.334034997553757	0.957	0.314	1.260403694856e-06
hopx	8.12236570723715e-10	1.0920728239267	0.913	0.448	1.62447314144743e-06
rnaseka	9.35256509058617e-10	1.09413734105266	1	0.483	1.87051301811723e-06
atp6v1aa	1.01509578952924e-09	0.554594206634906	0.957	0.336	2.03019157905848e-06
gstp1	2.24785801275848e-09	1.62806114320597	1	0.755	4.49571602551695e-06
gpx1a	3.34699119515564e-09	0.566127157353341	1	0.403	6.69398239031128e-06
cavin2b	4.5784698356713e-09	0.87490125783302	1	0.538	9.1569396713426e-06
fosb	5.31539298682327e-09	0.411647140759977	1	0.485	1.06307859736465e-05
pfkfb4b	7.95624655577083e-09	0.258002418197993	1	0.262	1.59124931115417e-05
CABZ01032488.1	9.67187916558776e-09	0.496623078933327	1	0.442	1.93437583311755e-05
dusp2	1.07208337769363e-08	0.805497643983685	1	0.373	2.14416675538726e-05
isg15	1.36286120142616e-08	0.384483163506327	0.217	0.224	2.72572240285231e-05
adipor2	1.49831527421994e-08	0.969031529012518	1	0.566	2.99663054843989e-05
s100v2	2.5382147323995e-08	1.09655577075459	0.957	0.502	5.076429464799e-05
col11a1a	2.71187329003765e-08	0.486800905606246	0.957	0.487	5.4237465800753e-05
atp6ap1b	2.9956648830098e-08	0.401281025073215	0.913	0.362	5.99132976601961e-05
abracl	3.00921575816493e-08	0.541654334212362	1	0.362	6.01843151632987e-05
si:dkey-16p21.8	3.1957740730951e-08	0.663210388104636	1	0.383	6.3915481461902e-05
dusp5	6.07245483129461e-08	0.778155642567035	0.957	0.388	0.000121449096625892
fkbp11	7.73578042420431e-08	0.272649800742821	1	0.469	0.000154715608484086
arrdc1a	2.02689054805593e-07	0.693751222610591	0.391	0.017	0.000405378109611186
prr15la	4.32662845926451e-07	1.13667498429216	0.696	0.088	0.000865325691852901
atp6v1h	4.67509792365322e-07	0.378066829276819	1	0.506	0.000935019584730645
ppdpfa	5.19424628716093e-07	0.597456721620222	1	0.57	0.00103884925743219
plcd1a	5.92924123574795e-07	0.342461726168928	0.304	0.133	0.00118584824714959
mos	6.67505400641968e-07	0.304205119995686	0.304	0.063	0.00133501080128394
fosaa	2.02751460917781e-06	0.321642463581258	0.87	0.243	0.00405502921835563
pkma	2.03483634895372e-06	0.308242892620257	0.957	0.525	0.00406967269790745
capns1a	2.79030650395496e-06	0.905535217625125	1	0.634	0.00558061300790993
idh1	3.35972796996065e-06	0.337158169025287	1	0.558	0.00671945593992131
arl5c	3.59517507539874e-06	0.622404918600926	0.826	0.313	0.00719035015079748
cldna	5.1940298150691e-06	0.798236723187433	0.739	0.15	0.0103880596301382
aldob	6.5104181490813e-06	0.599834977809812	1	0.634	0.0130208362981626
il34	6.62125283732467e-06	0.960281851344308	0.304	0.122	0.0132425056746493
apcdd1l	6.83430473974117e-06	0.45664806952366	0.261	0.225	0.0136686094794823
tdh	6.85050418047438e-06	0.585590176983833	1	0.615	0.0137010083609488
pfn1	1.152451559993e-05	0.699951231589671	1	0.61	0.02304903119986
zgc:110796	1.42718692758226e-05	0.271296625016379	0.87	0.251	0.0285437385516453
