gene	p_val	avg_log2FC	pct.1	pct.2	p_val_adj
si:dkey-151g10.6	9.50873928196082e-22	0.706467074650533	1	1	1.90174785639216e-18
npm1a	1.64890789879599e-21	1.89278553212442	0.976	0.478	3.29781579759197e-18
trpm1b	3.07732528941892e-21	1.50037163713865	0.732	0.21	6.15465057883785e-18
tfap2e	1.20192413765265e-19	2.04363377861917	0.878	0.373	2.4038482753053e-16
gpx3	1.62955028119872e-19	1.10901975630337	0.561	0.127	3.25910056239745e-16
pax3a	3.79311568588231e-19	1.21053100277527	0.585	0.129	7.58623137176462e-16
phlda1	2.13096942411662e-18	1.67343927304803	0.805	0.318	4.26193884823325e-15
smim29	2.3620645784816e-18	1.88413717934786	0.927	0.573	4.72412915696321e-15
snu13b	4.91044713122317e-18	1.49293028399593	0.951	0.529	9.82089426244634e-15
gpr143	1.02527990998138e-17	1.21389731342886	0.951	0.488	2.05055981996276e-14
ctsd	1.68344633011023e-17	1.26013376618256	1	0.519	3.36689266022047e-14
eif4ebp3l	1.72967647538862e-17	1.83143752783958	0.927	0.381	3.45935295077723e-14
si:dkey-204f11.64	4.41576319596993e-17	1.58643721245664	0.927	0.553	8.83152639193986e-14
prdx2	8.64100026603006e-17	1.05627070954338	1	0.89	1.72820005320601e-13
abracl	2.10899511449356e-16	1.20988906574365	0.927	0.36	4.21799022898712e-13
fabp3	4.44088753767092e-16	1.23250020167679	1	0.743	8.88177507534185e-13
gpm6ab	2.62818123018427e-14	0.934772134668931	0.927	0.551	5.25636246036853e-11
mgat4b	1.29631078718645e-13	1.28671302996954	0.707	0.321	2.59262157437289e-10
atp6v1g1	1.35149041095444e-13	1.20365569275529	0.976	0.604	2.70298082190888e-10
prmt1	2.73930708508749e-13	1.30500738991641	0.927	0.554	5.47861417017498e-10
nop58	4.73334877149467e-13	1.17900163486624	0.878	0.457	9.46669754298934e-10
ckbb	1.1365800793994e-12	1.22860714016209	0.902	0.572	2.2731601587988e-09
gadd45ga	1.15119317651135e-12	1.31808900331298	0.902	0.432	2.3023863530227e-09
tspan36	1.26010911858529e-12	1.05254128290056	0.854	0.469	2.52021823717058e-09
fbl	1.34587512405138e-12	1.11610158180902	0.854	0.486	2.69175024810276e-09
pcbd1	2.61394606310667e-12	1.40985564395933	0.829	0.454	5.22789212621335e-09
sypl2b	5.98537598328266e-12	1.25726223006804	0.732	0.351	1.19707519665653e-08
atp5if1b	6.09211955145871e-12	0.843305755396875	0.927	0.515	1.21842391029174e-08
mtbl	1.2939698404974e-11	0.322029851513321	0.854	0.563	2.58793968099479e-08
paics	2.48746102958868e-11	1.12448611180487	0.707	0.309	4.97492205917736e-08
zgc:110591	3.78209980767153e-11	1.07530476529483	0.707	0.341	7.56419961534306e-08
ctsla	4.13159422277193e-11	0.901562207954061	1	0.85	8.26318844554385e-08
cst14a.2	4.35311364879694e-11	0.937354162521865	0.951	0.623	8.70622729759388e-08
bloc1s6	4.50883312579328e-11	0.880603509347793	0.854	0.491	9.01766625158656e-08
nop56	5.70713149111123e-11	0.938769529548887	0.927	0.548	1.14142629822225e-07
CPNE8	1.19559357180609e-10	1.04616496681258	0.756	0.476	2.39118714361217e-07
pcdh10a	1.2459577864839e-10	1.04709212339012	0.707	0.363	2.4919155729678e-07
ncl	2.32688814985296e-10	1.0246635561818	0.976	0.755	4.65377629970593e-07
si:dkey-12j5.1	3.08258513192781e-10	0.728176571121	0.585	0.242	6.16517026385563e-07
gm2a	4.08910563659449e-10	0.658432582394742	0.634	0.249	8.17821127318898e-07
ctsba	4.70672734234576e-10	0.883302793616718	0.927	0.596	9.41345468469152e-07
sox10	4.81523200588929e-10	0.84662487676694	0.878	0.599	9.63046401177859e-07
rab7a	4.83210825229279e-10	0.832615309917294	0.878	0.606	9.66421650458557e-07
gstt1a	1.72322936386935e-09	0.682075575734469	0.805	0.44	3.4464587277387e-06
slc3a2a	3.85982356225034e-09	0.995864382252447	0.756	0.481	7.71964712450068e-06
si:dkey-102m7.3	7.30339191106752e-09	0.973207959437323	0.634	0.295	1.4606783822135e-05
spock3	8.84385551899353e-09	0.610425543607946	0.756	0.445	1.76877110379871e-05
atp6v1ab	1.16129171551057e-08	0.817452738031896	0.61	0.305	2.32258343102114e-05
zeb2a	1.23284972368351e-08	1.03326778341418	0.683	0.411	2.46569944736702e-05
rabl6b	3.5849705865847e-08	0.706701227017779	0.683	0.383	7.1699411731694e-05
tuba8l3	6.9901630523386e-08	0.773573188529699	0.902	0.616	0.000139803261046772
rnaseka	7.16941155626899e-08	0.552630737362277	0.805	0.483	0.00014338823112538
iscub	8.86325438460687e-08	0.768100681814234	0.634	0.373	0.000177265087692137
snai2	1.09336761923477e-07	0.757282851485848	0.756	0.468	0.000218673523846953
tyr	1.11762591364608e-07	0.354249778884816	0.268	0.062	0.000223525182729215
atp6v0ca	1.36240416686909e-07	0.276598955135957	0.927	0.571	0.000272480833373818
tfap2a	1.49115964029839e-07	0.789382503641447	0.561	0.287	0.000298231928059677
pgd	1.49451078656727e-07	0.841593361156518	0.61	0.336	0.000298902157313454
sox4a.1	1.72586878034614e-07	1.55517642425795	0.707	0.519	0.000345173756069228
pttg1ipb	1.9659980501879e-07	0.484458883512331	0.756	0.481	0.00039319961003758
sh3glb2b	3.34616657169215e-07	0.487037220627105	0.61	0.286	0.00066923331433843
dtnbp1a	3.42966970184052e-07	0.825134348053671	0.634	0.381	0.000685933940368105
impdh1b	4.03972913557149e-07	0.530098482176603	0.756	0.411	0.000807945827114297
ap3m2	4.58880159612543e-07	0.635081974865193	0.585	0.304	0.000917760319225087
cdh1	4.6654754917821e-07	0.544423894087524	0.537	0.258	0.000933095098356419
ldhba	5.6536592057329e-07	0.616619648255496	0.902	0.698	0.00113073184114658
trim63a	6.74695503301604e-07	2.52610297069039	0.537	0.33	0.00134939100660321
eif4a1a	9.12531271917414e-07	0.618349067108602	0.878	0.55	0.00182506254383483
fthl27	1.17852043105533e-06	0.623023847030338	1	0.971	0.00235704086211066
tmem243b	1.91508270792961e-06	0.822106816737254	0.561	0.332	0.00383016541585922
mlpha	2.33443999315119e-06	1.10246409827048	0.659	0.47	0.00466887998630238
atp6ap2	3.66710719582654e-06	0.397873906102621	0.854	0.534	0.00733421439165307
bhlhe41	4.32368872744556e-06	1.11249988423984	0.585	0.408	0.00864737745489112
cited1	4.6449174756172e-06	0.495224620227057	0.439	0.22	0.00928983495123439
cited4b	7.88383560463423e-06	1.16826650400108	0.61	0.444	0.0157676712092685
si:zfos-943e10.1	8.2382448738371e-06	0.624703070124753	0.659	0.412	0.0164764897476742
atox1	8.85627378706719e-06	0.58714295671914	0.829	0.609	0.0177125475741344
txn	9.14338901845806e-06	1.01087054589155	0.098	0.517	0.0182867780369161
adipor2	1.10084547824869e-05	0.67119068592625	0.756	0.567	0.0220169095649739
gmps	1.52656573435612e-05	0.491821409145213	0.512	0.308	0.0305313146871225
cox17	1.72537395729394e-05	0.710214293751003	0.61	0.424	0.0345074791458789
naga	2.15507699927863e-05	0.764050982847309	0.585	0.408	0.0431015399855727
vamp3	2.27903181886114e-05	0.279853032805196	0.951	0.761	0.0455806363772229
