gene	p_val	avg_log2FC	pct.1	pct.2	p_val_adj
si:ch1073-443f11.2	0	1.27978393160003	0.7	0.003	0
evpla	0	0.862414646024316	0.4	0	0
si:cabz01007794.1	0	2.02170033079252	0.45	0.001	0
plekhf1	0	0.993052086467026	0.55	0.001	0
cldn23a	0	1.79008404014616	0.4	0	0
selenow2b	8.44039145184747e-308	2.29848554858817	0.6	0.002	1.22638887795344e-303
agr1	2.33077700101938e-305	2.69287743382045	0.5	0.001	3.38661898248116e-301
spi1b	2.94579871259056e-304	2.0531305654263	0.4	0	4.28024552939409e-300
si:dkey-247k7.2	2.94579871259056e-304	1.45261507549499	0.4	0	4.28024552939409e-300
ch25hl1.1	1.30326196687713e-299	1.89788378033007	0.35	0	1.89363963787247e-295
si:ch73-347e22.8	1.30326196687713e-299	0.62097033008927	0.35	0	1.89363963787247e-295
si:dkey-87o1.2	6.40730384873448e-280	2.05053618087817	0.6	0.003	9.3098124922112e-276
ctss2.2	1.06335888861646e-273	1.53584778777329	0.4	0.001	1.54506046515971e-269
si:dkey-222n6.2	3.57818009616316e-262	1.4545259923927	0.35	0	5.19909567972508e-258
lcp1	3.90603477456569e-262	1.44799842434855	0.35	0	5.67546852744394e-258
ccr9a	4.26390217390279e-262	1.03851736615192	0.35	0	6.19544985868076e-258
oclnb	4.65452723610273e-262	1.20517627755575	0.35	0	6.76302807405727e-258
itgae.1	4.74598481494814e-257	0.90609286484515	0.3	0	6.89591593611965e-253
si:ch211-125o16.4	4.74598481494814e-257	0.790729770198581	0.3	0	6.89591593611965e-253
rnf183	6.68124833040668e-247	1.10945315228572	0.45	0.001	9.70785382408091e-243
stx11b.1	4.05442852012374e-233	1.08568860870059	0.35	0.001	5.89108463973979e-229
spi1a	4.73812208877873e-233	1.42565860752811	0.35	0.001	6.88449139499549e-229
laptm5	2.21801250998812e-228	2.12239999155635	0.4	0.001	3.22277217701274e-224
si:ch211-79k12.1	3.54025166279953e-228	1.42759512567067	0.4	0.001	5.14398566604772e-224
capn9	1.99317225145085e-220	1.2166381289845	0.3	0	2.89607928135808e-216
dhrs13a.2	2.36662364442661e-220	0.966416600705028	0.3	0	3.43870415535186e-216
ANXA1 (1 of many)	2.8099646005833e-220	0.958465754478907	0.3	0	4.08287856464753e-216
dbnla	2.8099646005833e-220	0.493229021125577	0.3	0	4.08287856464753e-216
abcb5	3.06183585647803e-220	0.83439639029856	0.3	0	4.44884749946258e-216
cybb	3.33625917607674e-220	0.534595564834534	0.3	0	4.8475845828395e-216
tmprss13a	1.66745245628729e-214	0.478196503916456	0.25	0	2.42280841898543e-210
lipia	1.66745245628729e-214	0.279586346981782	0.25	0	2.42280841898543e-210
itm2bb	2.58548503581289e-211	1.94276203504021	0.95	0.014	3.75670975703613e-207
ppl	1.82193554386262e-210	0.996759965968019	0.4	0.001	2.64727234523238e-206
havcr1	6.65758948813818e-210	2.24441707654822	0.35	0.001	9.67347752626478e-206
zgc:64051	7.65990369907487e-210	1.41698778800899	0.35	0.001	1.11298400747558e-205
caspa	1.65595566827093e-209	0.773869065926197	0.35	0.001	2.40610358599766e-205
gdpd3a	2.04323328335611e-209	0.693364644383495	0.35	0.001	2.96881796071643e-205
pycard	4.33451431982594e-206	2.40605609983022	0.8	0.009	6.29804930670709e-202
soul2	1.59106109676918e-203	2.58827293989854	0.5	0.003	2.31181177360561e-199
vamp8	7.85053470807382e-200	1.36379047720454	0.65	0.006	1.14068269308313e-195
znf185	2.20577721822408e-195	1.19047127570832	0.4	0.002	3.20499429807959e-191
zgc:153284	1.41437324566271e-194	2.00692185530358	0.5	0.003	2.05508432594791e-190
scamp2l	1.34764722105277e-192	0.450044277938046	0.3	0.001	1.95813141218968e-188
tprg1	8.76082504719616e-192	1.08051934510693	0.45	0.002	1.2729478793576e-187
zgc:154054	7.50036893722725e-191	1.33998767038713	0.35	0.001	1.08980360657912e-186
eevs	9.6781474971416e-191	1.26184186973095	0.35	0.001	1.40623483133467e-186
scel	1.24873259411143e-190	1.1620686364443	0.35	0.001	1.81440845924391e-186
zgc:100868	8.41381034102046e-179	0.810217895839951	0.25	0	1.22252664255027e-174
cldnf	9.94201966414471e-179	0.559523261513846	0.25	0	1.44457545720023e-174
styk1b	9.94201966414471e-179	0.408797171885602	0.25	0	1.44457545720023e-174
cldne	1.07096500666037e-178	3.17983241878924	0.5	0.004	1.55611215467752e-174
anxa1b	4.75427045373041e-175	2.27808025053306	0.35	0.001	6.90795496927029e-171
ctsl.1	6.00579765353656e-175	2.29574589523673	0.35	0.001	8.72642399058862e-171
si:dkey-19b23.12	7.15593376767864e-175	1.4481067430029	0.35	0.001	1.03975717644371e-170
marco	9.5819788997905e-175	1.27463828095316	0.35	0.001	1.39226153413956e-170
mfap4	1.68817620760387e-171	1.99721512719304	0.3	0.001	2.45292002964842e-167
si:dkey-73p2.3	2.3568344498484e-171	0.980938718488008	0.3	0.001	3.42448045562973e-167
zgc:110333	5.59307079527383e-171	1.75560824595431	0.4	0.002	8.12673186553287e-167
rhbg	8.52065095006601e-165	2.2932558820786	0.45	0.003	1.23805058304459e-160
si:dkey-5n18.1	1.24812530002009e-161	3.84974390062049	0.35	0.002	1.8135260609292e-157
si:ch211-147m6.1	1.39026058209756e-161	3.50982108372281	0.35	0.002	2.02004862578776e-157
dnase1l4.1	2.89029993054442e-159	1.6506242231914	0.65	0.008	4.19960579908104e-155
abca12	4.3711456439104e-156	1.55070130373545	0.55	0.006	6.35127462060181e-152
tmem45b	2.33862026081436e-154	0.917202585719525	0.3	0.001	3.39801523896326e-150
sowahd	4.80571766923932e-154	0.524592457104128	0.3	0.001	6.98270777340473e-150
capn2l	6.48629003746998e-154	0.467326280032969	0.3	0.001	9.42457942444388e-150
si:ch73-31d8.2	2.9057991450465e-153	0.864112063465145	0.25	0.001	4.22212615775256e-149
ano9b	3.12112902651011e-153	0.38603235959016	0.25	0.001	4.53500047551918e-149
ctss2.1	2.11795423469688e-152	3.61637904183782	0.4	0.003	3.07738750301457e-148
anxa1c	3.1613233485626e-152	2.31853416095056	0.4	0.003	4.59340282546146e-148
pkp3a	9.18863667353112e-152	0.884944560142793	0.4	0.003	1.33510890866407e-147
si:ch211-98n17.5	6.16443019303257e-144	1.11982846705954	0.4	0.003	8.95691707047632e-140
si:ch211-202f5.3	2.6377011622278e-139	0.786947178223189	0.35	0.002	3.83257978871699e-135
svopl	1.33743148576536e-137	0.341038967817468	0.2	0	1.94328794881707e-133
fcer1gl	2.71916559049971e-137	3.3494408126916	0.4	0.003	3.95094760299607e-133
zgc:92313	2.29103443866022e-134	1.2054106786992	0.65	0.01	3.3288730393733e-130
slc25a15a	3.92299281308981e-134	0.590271025127019	0.25	0.001	5.7001085574195e-130
hmha1b	3.92299281308981e-134	0.735108692675003	0.25	0.001	5.7001085574195e-130
slc7a7	6.72212703685698e-131	1.05386479234888	0.35	0.002	9.76725058455319e-127
ccl34b.1	1.4177876111899e-128	2.92077094220743	0.3	0.002	2.06004539905893e-124
parvg	2.27921582394081e-128	0.634496155755203	0.3	0.002	3.31170059218599e-124
tmem30b	4.53301648609849e-123	0.679077676084761	0.35	0.003	6.58647295430111e-119
vsig10	5.51195077653486e-123	0.834263495324257	0.45	0.005	8.00886447830516e-119
tmem176l.4	2.70509312744388e-119	2.60808605709972	0.6	0.01	3.93050031417595e-115
anxa3a	3.16134105236317e-119	0.548555828733638	0.25	0.001	4.59342854908368e-115
caspb	4.09844531244373e-119	1.53749723459389	0.4	0.004	5.95504103898074e-115
si:zfos-464b6.2	4.17296838670202e-119	0.523678481560982	0.25	0.001	6.06332306587804e-115
cyp17a1	4.41115610873471e-119	0.446527642237459	0.25	0.001	6.40940982599153e-115
CABZ01078737.1	1.44616661403697e-118	0.832572080996042	0.3	0.002	2.10128009019572e-114
galnt6	1.69937585682354e-118	0.412346843982919	0.3	0.002	2.4691931199646e-114
esrp1	1.99683374078394e-118	0.61546784441769	0.3	0.002	2.90139942535906e-114
si:ch211-194m7.3	7.1870995211271e-117	3.71164525640249	0.35	0.003	1.04428556041977e-112
TSTA3 (1 of many)	7.99357391192674e-115	0.525314448701922	0.2	0.001	1.16146628940296e-110
golph3l	9.76435199780332e-115	0.425811769847713	0.2	0.001	1.41876034528082e-110
DSG2	9.76435199780332e-115	0.332955802847851	0.2	0.001	1.41876034528082e-110
pglyrp5	1.54161402534868e-113	1.67233470275893	0.4	0.004	2.23996517883164e-109
chmp4c	2.49143963157853e-110	0.854026948225706	0.35	0.003	3.6200617846836e-106
tcnbb	3.50195047361364e-110	5.74098905856025	0.5	0.007	5.08833403816063e-106
epas1a	7.23481801784583e-110	0.717581571055858	0.35	0.003	1.051219057993e-105
degs2	3.10666575059611e-107	0.566095097804368	0.25	0.001	4.51398533561615e-103
sh3yl1	3.79342729910595e-107	0.348059616571581	0.25	0.001	5.51184986560095e-103
gsnb	7.40879096192055e-105	1.3643581320246	0.45	0.006	1.07649732676706e-100
zgc:193505	2.57590671449984e-102	5.12028892960172	0.5	0.008	3.74279245616826e-98
coro1a	7.14238139367009e-102	1.85552309866779	0.45	0.006	1.03778801650026e-97
spaca4l	7.27428948818735e-102	3.00989686987465	0.5	0.008	1.05695426263362e-97
s100v1	3.14565663504837e-101	1.62004433131265	0.4	0.005	4.57063909072528e-97
si:dkey-184p9.7	4.90140479324067e-101	1.8197558052844	0.4	0.005	7.1217411645787e-97
grap2b	1.15390624068642e-100	0.938872996121493	0.4	0.005	1.67662576771736e-96
fam83e	2.11700177665149e-98	0.32387086937885	0.2	0.001	3.07600358147461e-94
nrros	1.40747541108832e-97	0.70341314118042	0.25	0.002	2.04506177231132e-93
sft2d2a	1.54122742478666e-97	0.753347235920095	0.25	0.002	2.23940344821502e-93
foxi3b	2.73766960969085e-97	0.595978307974239	0.15	0	3.9778339428808e-93
arl11	2.95116533162832e-97	0.277943416741136	0.15	0	4.28804322685595e-93
zbtb7b	2.95116533162832e-97	0.297778341807326	0.15	0	4.28804322685595e-93
bicdl2l	2.95116533162832e-97	0.501604559203957	0.15	0	4.28804322685595e-93
gbgt1l4	4.32541108438769e-96	0.75161058394136	0.3	0.003	6.28482230561531e-92
il1b	9.99811038154059e-91	1.53494251520084	0.3	0.003	1.45272543843785e-86
epdl1	5.24782395623791e-87	2.15582349111064	0.6	0.015	7.62508820841368e-83
fut9b	6.4437160888004e-87	0.334803350507317	0.1	0	9.36271947702698e-83
hepacam2	6.4437160888004e-87	0.414156945839727	0.1	0	9.36271947702698e-83
tmem54a	1.63883391360922e-86	1.28945339482961	0.45	0.008	2.3812256764742e-82
wasb	3.4530188714559e-86	0.779460680215159	0.2	0.001	5.01723642022542e-82
slc43a2b	3.62989338269134e-86	0.511046930068767	0.2	0.001	5.27423508505051e-82
si:dkeyp-86h10.3	3.62989338269134e-86	0.32072976581618	0.2	0.001	5.27423508505051e-82
si:ch1073-340i21.2	4.01120971874062e-86	0.517121100934814	0.2	0.001	5.82828772133012e-82
ankrd22	7.13886039300165e-80	1.20676950643956	0.4	0.007	1.03727641510314e-75
mgst1.2	4.97302438798064e-79	3.08468839707509	0.65	0.02	7.22580443573587e-75
vsir	3.37718106648589e-78	1.6592583461277	0.4	0.007	4.907044089604e-74
si:ch211-243a20.4	5.52796544901894e-78	0.361302924649123	0.15	0.001	8.03213379742452e-74
zgc:56622	5.52796544901894e-78	0.416617221956725	0.15	0.001	8.03213379742452e-74
snx20	6.61849853082776e-78	0.293526586887655	0.15	0.001	9.61667836529274e-74
irf5	3.57667123410596e-77	0.546445150388721	0.35	0.005	5.19690330315596e-73
ly6m2	9.59277643437991e-77	2.22169280091663	0.2	0.001	1.3938304159154e-72
echdc2	5.46405026571435e-75	1.02161282254438	0.6	0.017	7.93926503608296e-71
ildr1a	1.13949635683132e-74	1.09037128269614	0.35	0.005	1.65568820647591e-70
si:ch211-195b11.3	1.9505518397173e-74	7.03473556564566	0.6	0.018	2.83415182310924e-70
lygl1	7.66960216890656e-74	3.18683080906666	0.45	0.01	1.11439319514212e-69
ccl35.1	8.59466793523038e-74	2.5077581440556	0.3	0.004	1.24880525098897e-69
grap2a	2.61078237664003e-73	0.745131997520544	0.3	0.004	3.79346679325796e-69
si:dkey-33i11.9	3.37207362855221e-73	0.809891713068517	0.3	0.004	4.89962298228636e-69
rassf6	6.47882244303556e-73	0.524966743036104	0.3	0.004	9.41372900973066e-69
cd9b	1.53343092099213e-72	3.24305911720673	0.75	0.03	2.22807512820156e-68
spint1a	1.93888152515668e-71	1.37869526634894	0.45	0.01	2.81719485605265e-67
cldn7b	2.59265740800553e-71	1.78841900649088	0.5	0.013	3.76713121383204e-67
hcls1	8.9800406587055e-70	0.652804191962163	0.3	0.004	1.30479990770991e-65
arhgef16	7.10203220503729e-69	0.287454539514473	0.2	0.002	1.03192527939192e-64
MFAP4 (1 of many).2	4.73747100254104e-68	5.20279911077396	0.35	0.006	6.88354536669214e-64
spint2	1.47902307270984e-67	2.31208097815365	0.55	0.017	2.1490205246474e-63
si:ch211-102c2.4	2.18919334501392e-67	0.908317594823915	0.35	0.006	3.18089793030523e-63
tmsb1	2.6614183363696e-67	4.01118967998361	1	0.062	3.86704084274503e-63
wu:fj05g07	3.58700125306538e-65	0.551412656560968	0.15	0.001	5.211912820704e-61
si:ch211-270g19.5	4.38108243256096e-65	0.447434558589887	0.15	0.001	6.36571277451107e-61
traf4b	4.84154727385291e-65	0.407235042535894	0.15	0.001	7.03476818890828e-61
baiap2l1a	5.3502260468543e-65	0.258139139107832	0.15	0.001	7.7738784460793e-61
acp5a	3.7251628893213e-64	1.57284371292885	0.3	0.005	5.41266167818384e-60
si:dkey-192g7.3	7.10516071787209e-64	0.568755117929238	0.3	0.005	1.03237985230681e-59
tjp3	4.77504631839717e-63	0.906258496742261	0.45	0.012	6.93814230063108e-59
cyp2y3	1.13637747057551e-62	0.319580189762794	0.2	0.002	1.65115646474622e-58
icn2	3.40679681036277e-61	7.15947578847869	0.55	0.019	4.9500757654571e-57
stard14	6.37847011017064e-61	1.89523214168741	0.4	0.009	9.26791707007794e-57
aep1	6.72690679371254e-61	3.28470496223953	0.4	0.009	9.77419557126431e-57
tnfaip8l2b	8.2440341278047e-61	0.762153149868502	0.35	0.007	1.19785815877002e-56
si:ch211-212k18.7	1.6557408683445e-60	1.97562495453122	0.55	0.019	2.40579148170456e-56
oclna	3.41983150016414e-60	1.07493743863855	0.4	0.009	4.96901516973849e-56
ncf1	1.68361767054314e-59	2.04597430159344	0.3	0.005	2.44629647529918e-55
arhgdig	5.54235615248896e-59	1.88414930562186	0.85	0.048	8.05304348956645e-55
mgst2	7.47184124529039e-59	0.459605723686613	0.3	0.005	1.08565853294069e-54
ptgis	1.80339833257063e-57	0.438984324085837	0.2	0.002	2.62033777722512e-53
krt17	1.04674079164933e-56	2.75987146425851	0.25	0.004	1.52091437026647e-52
rac2	1.18128585480605e-56	1.84883598931573	0.55	0.02	1.71640834703319e-52
crp3	5.60614652741024e-56	0.724174479949736	0.15	0.001	8.14573090432708e-52
si:dkey-193p11.2	6.10757366665621e-56	1.83701640198478	0.15	0.001	8.87430453765148e-52
ca15a	6.65365538420652e-56	2.13982976897107	0.15	0.001	9.66776127325208e-52
f11r.1	1.98483010642681e-55	1.85987861722272	0.85	0.051	2.88395814463815e-51
hsd11b1la	8.69387564621041e-55	0.566025923240608	0.3	0.006	1.26322013139437e-50
fam49ba	2.19240625659422e-53	0.854512887145269	0.35	0.008	3.18556629083141e-49
sult1st6	4.83614492847024e-53	0.402187677916725	0.2	0.002	7.02691858106725e-49
itgb2	4.98642280346916e-53	0.580745683426626	0.2	0.002	7.24527233344069e-49
stoml3b	2.81974158054544e-51	1.98334885722974	0.25	0.004	4.09708451653252e-47
mid1ip1a	1.10023651929839e-49	3.04810034183632	0.5	0.019	1.59864366254055e-45
gpa33a	3.33351669646071e-49	0.988084864650771	0.45	0.015	4.84359975995742e-45
ceacam1	4.44582759002733e-49	2.42291875879868	0.15	0.001	6.45978748830971e-45
csf3b	5.16425797668456e-49	0.530716149674657	0.15	0.001	7.50366684012267e-45
eps8l1b	5.16425797668456e-49	0.585440474121602	0.15	0.001	7.50366684012267e-45
esrp2	6.22679661993893e-49	0.416704782421211	0.15	0.001	9.04753548877126e-45
ccdc88b	6.710393253898e-49	0.357820230002653	0.15	0.001	9.7502013979138e-45
si:ch211-136m16.8	1.25065195326362e-46	0.687779567907659	0.25	0.005	1.81719728809205e-42
zgc:174938	4.20133807376015e-46	0.762816350262934	0.2	0.003	6.1045442211735e-42
si:dkey-248g15.3	5.8022012159964e-46	3.55543076051042	0.35	0.01	8.43059836684277e-42
tnfb	5.75288745265823e-45	1.19527523752523	0.35	0.01	8.35894546871241e-41
tnk1	1.24339742661382e-44	0.686122896789111	0.25	0.005	1.80665646086988e-40
sgk2a	1.26973681070829e-43	0.694525101427995	0.15	0.002	1.84492758595915e-39
ftcd	1.65629186913867e-43	0.255292418720334	0.15	0.002	2.40659208585849e-39
ccl38.1	1.76997861967451e-43	0.259651329329015	0.15	0.002	2.57177893438707e-39
capgb	8.44996800835247e-41	2.36003109788887	0.85	0.073	1.22778035161361e-36
smcr8b	1.39970945689648e-40	0.324265386741535	0.2	0.003	2.03377784087059e-36
slc22a21	1.19874143734372e-39	1.50778089560543	0.3	0.008	1.74177130846042e-35
sh3gl1a	2.86778341285837e-39	0.341438739017041	0.15	0.002	4.16688929888321e-35
f2rl1.1	2.86778341285837e-39	0.346666290002335	0.15	0.002	4.16688929888321e-35
tmprss4a	1.7663909160638e-38	0.541343220126053	0.2	0.004	2.56656600104071e-34
psme1	2.06116483857126e-38	0.421220265691933	0.2	0.004	2.99487251044405e-34
ap1s3b	4.1916600208095e-38	0.651714736367617	0.3	0.009	6.09048201023621e-34
zgc:153665	4.3814537714563e-38	1.04674135569318	0.3	0.009	6.366252329926e-34
cavin2a	6.81810480018608e-38	0.452815947191709	0.3	0.009	9.90670627467038e-34
crb3b	2.61617792752528e-36	0.346775056128279	0.2	0.004	3.80130652869423e-32
mfsd6a	1.00374891793628e-35	0.5202895123738	0.25	0.006	1.45844717776142e-31
pvalb8	2.13162080472937e-35	2.41331475387761	0.1	0.001	3.09724502927178e-31
ponzr6	2.13162080472937e-35	0.627050540489541	0.1	0.001	3.09724502927178e-31
si:ch73-14h1.2	2.40338269283274e-35	0.389718280715317	0.1	0.001	3.49211505268598e-31
tmem79b	1.43404965653446e-34	0.368271527390867	0.2	0.004	2.08367415094457e-30
arhgap12a	2.46099532416353e-34	0.293158000514293	0.25	0.007	3.5758262060096e-30
ptpn6	6.7796943872134e-33	0.57348982649366	0.15	0.002	9.85089594462108e-29
dmrt2a	7.67760636948205e-33	0.793683810831948	0.15	0.002	1.11555620548574e-28
si:rp71-1h20.9	7.67760636948205e-33	0.42345132294253	0.15	0.002	1.11555620548574e-28
slc2a3b	8.48018231429837e-33	0.441110353054423	0.15	0.002	1.23217049026755e-28
pkp1b	9.10611204126164e-33	0.288781266163831	0.2	0.004	1.32311807959532e-28
capn2b	2.82674214975785e-32	0.509565919798795	0.3	0.01	4.10725634359815e-28
cfl1l	3.5539340535074e-32	3.32147590458195	0.65	0.055	5.16386617974625e-28
prrg2	6.44149731528341e-32	0.755638873567918	0.3	0.011	9.3594955991068e-28
FO704661.1	6.52124968975971e-32	1.31352525909606	0.3	0.011	9.47537579922086e-28
tnks1bp1	4.61943984883165e-31	1.0846444899309	0.4	0.02	6.71204610035238e-27
si:dkey-206d17.12	9.02787699787028e-31	0.487347364643203	0.35	0.015	1.31175052779055e-26
bik	2.45127839250853e-30	0.542642648621557	0.15	0.003	3.56170750431489e-26
trpv1	4.84579352462609e-30	0.307059976274186	0.2	0.005	7.0409379912817e-26
cldnh	5.70254824827015e-30	2.43392672917301	0.25	0.008	8.28580260473652e-26
irf8	1.13527600772545e-29	1.68631421720652	0.35	0.016	1.64955603922508e-25
kcnj1a.1	1.17592670938159e-29	0.945934246495557	0.1	0.001	1.70862150873144e-25
elf3	1.95192805954722e-28	1.15934426831204	0.35	0.017	2.83615147052211e-24
si:ch73-359m17.5	2.39727948891719e-28	2.65829316393841	0.15	0.003	3.48324709739668e-24
wu:fb18f06	3.29961791479205e-28	0.356607802898179	0.15	0.003	4.79434483019286e-24
si:dkey-25e12.3	1.4386199242666e-27	0.991248248592416	0.4	0.023	2.09031474995937e-23
srgn	3.77233484860509e-27	1.86844678304749	0.4	0.024	5.4812025350232e-23
zgc:92380	9.8633277741088e-27	1.63698286762637	0.2	0.006	1.43314152557801e-22
aifm4	1.23792705021029e-26	0.60195547383224	0.35	0.018	1.79870800395556e-22
enosf1	1.54748488475507e-26	1.02312751195715	0.55	0.044	2.24849553754912e-22
rnf128a	1.76239235513067e-26	1.6341114869956	0.65	0.065	2.56075609200487e-22
adrb2a	2.6602456079933e-26	0.289741846917678	0.15	0.003	3.86533686841427e-22
apodb	3.26164844402298e-26	0.840879287387206	0.4	0.024	4.7391751891654e-22
si:ch211-284e13.6	7.20185576992025e-26	0.387194324494704	0.25	0.009	1.04642964336941e-21
tspan37	7.9765036527982e-26	0.737391816593353	0.3	0.014	1.15898598075158e-21
cxcl19	9.81383226684814e-26	2.89608550842628	0.3	0.014	1.42594982837303e-21
tmem238a	2.37364433522459e-25	0.900871644884069	0.35	0.019	3.44890521908133e-21
mpp1	2.58667353152245e-25	1.10809232298345	0.45	0.032	3.75843664130211e-21
ugt1a7	3.60712221473651e-25	0.371770689915396	0.25	0.009	5.24114857801215e-21
skap2	6.0236216877447e-25	0.605883456523286	0.25	0.01	8.75232231229305e-21
alox12	1.00276065068628e-24	0.450617310067811	0.2	0.006	1.45701122544717e-20
arhgef18a	1.37099673630811e-24	1.12496548174232	0.3	0.014	1.99205825785568e-20
cebpa	1.79693863645401e-24	1.85792319573814	0.6	0.059	2.61095183876768e-20
cyt1l	1.86158320930037e-24	7.55526524685728	0.55	0.052	2.70488040311343e-20
samsn1a	1.29076251107651e-23	1.78076150453166	0.3	0.015	1.87547792859417e-19
zgc:113054	1.97823279849002e-23	0.667005184747348	0.4	0.027	2.87437225620599e-19
hmox1a	2.47346061612607e-23	1.71010991068467	0.25	0.01	3.59393827523119e-19
myh9a	2.67018092224961e-23	0.633014013639543	0.35	0.02	3.87977288002868e-19
ptgr2	3.72085988095787e-23	0.30662922993727	0.3	0.015	5.40640940703178e-19
il21r.1	5.02835699282608e-23	0.375628029319576	0.2	0.007	7.30620271057629e-19
si:ch211-132p1.3	5.0945996373299e-23	0.594068762061397	0.2	0.007	7.40245327304035e-19
cxcr4b	6.56937821343928e-23	1.5616714588209	0.35	0.022	9.54530654412727e-19
sqor	1.46551766868007e-22	0.864367957875787	0.4	0.028	2.12939717259215e-18
krtt1c19e	2.57932283013741e-22	5.67607312554637	0.5	0.047	3.74775607218966e-18
zgc:110182	3.02337067443348e-22	0.408494627521647	0.2	0.007	4.39295758995184e-18
cldnb	6.03297351338365e-22	2.72447468763924	0.55	0.057	8.76591051494645e-18
rbm47	1.00761220223828e-21	0.370118914763033	0.2	0.007	1.46406052985222e-17
sqstm1	2.13085611433731e-21	2.62702896028685	0.9	0.157	3.09613393413212e-17
cyba	3.83556367199076e-21	0.877668808514416	0.5	0.046	5.57307401540257e-17
cyb5r2	6.10634844407216e-21	0.556797605192792	0.15	0.004	8.87252428923685e-17
cdc34a	8.93551912447989e-21	0.921379411641917	0.55	0.055	1.29833092878693e-16
glod5	1.04649641660185e-20	1.06699412627021	0.75	0.101	1.52055929332249e-16
si:ch211-191a24.4	1.81876631050102e-20	0.445430156239648	0.25	0.012	2.64266744915798e-16
hrc	3.94682103703767e-20	1.86661885631456	0.35	0.025	5.73473096681573e-16
hsd17b14	3.97543337972861e-20	0.822467905731715	0.3	0.018	5.77630470074567e-16
rab11fip4b	5.12347211302596e-20	0.278614261291632	0.1	0.002	7.44440498022672e-16
si:ch211-105c13.3	5.37652434752726e-20	2.0209003313547	0.4	0.033	7.81208987695711e-16
galcb	6.84169715976616e-20	0.428496810665054	0.3	0.018	9.94098597314023e-16
krt5	7.97074762091179e-20	3.91537505750906	0.55	0.063	1.15814962931848e-15
dennd2da	8.43095904945238e-20	0.271139772491374	0.15	0.004	1.22501834988543e-15
lsr	2.97684239984292e-19	0.500608812384474	0.2	0.008	4.32535200697176e-15
elovl7a	3.50382966191474e-19	0.605793209168159	0.2	0.008	5.09106449876211e-15
fgl2a	4.4716077133512e-19	0.301371972622378	0.2	0.008	6.49724600749929e-15
nadka.1	8.31244648903727e-19	0.438347146239476	0.2	0.008	1.20779847485712e-14
mhc1zba	1.59907197598579e-18	0.947194735791014	0.7	0.096	2.32345158110736e-14
rassf7b	3.42045338333486e-18	0.471298951660872	0.15	0.005	4.96991876598554e-14
numb	4.72343718657723e-18	0.284223218539854	0.15	0.005	6.86315423209671e-14
irf7	5.56997000031892e-18	0.698394265051054	0.25	0.014	8.09316641046339e-14
ftr83	6.82393805670201e-18	0.929515736452867	0.45	0.043	9.91518199638801e-14
mapre1a	8.17604890932804e-18	1.27622080511387	0.65	0.096	1.18797990652536e-13
gsto2	1.89242807223281e-17	1.68426775074046	0.65	0.095	2.74969798895427e-13
krt91	3.98020421091786e-17	5.21976654582148	0.4	0.039	5.78323671846365e-13
zgc:163030	4.33109477723173e-17	2.29662472870263	0.35	0.03	6.29308071131771e-13
si:dkey-262k9.2	5.67815973325767e-17	0.466800403807528	0.25	0.015	8.25036609242339e-13
fuca1.1	6.71868362590538e-17	1.28649428806892	0.8	0.154	9.76224730844052e-13
klf5l	1.02293691781103e-16	0.330790744986482	0.15	0.005	1.48632734157942e-12
pnp5a	1.1242883200705e-16	1.50178548641021	0.6	0.081	1.63359092906243e-12
prr13	1.27510823395281e-16	1.27801576804059	0.3	0.022	1.85273226393343e-12
sar1ab	1.29261213010584e-16	0.391062456274206	0.15	0.005	1.87816542504379e-12
tlcd1	1.34779253028875e-16	0.373808357769312	0.25	0.015	1.95834254650955e-12
lect2l	1.44684457634951e-16	0.944621873214875	0.1	0.002	2.10226516943584e-12
si:ch73-281k2.5	1.47961478887537e-16	0.401706236203567	0.15	0.005	2.14988028823591e-12
stxbp2	1.54496488507578e-16	0.63291449455474	0.55	0.067	2.24483397801511e-12
rnaset2	1.8988142661132e-16	1.51674856898997	0.8	0.149	2.75897712866247e-12
tspo	1.9600925678096e-16	1.64092975455485	0.7	0.123	2.84801450102735e-12
slc9a8	2.55505810919471e-16	0.460505904612295	0.3	0.022	3.71249943265991e-12
grna	2.82883700688582e-16	0.723828511045925	0.2	0.01	4.1103001710051e-12
tagapa	3.36678007667168e-16	1.10978833225628	0.25	0.016	4.89193145140396e-12
znrf2b	3.87935587891995e-16	0.492886238450902	0.3	0.022	5.63670409207068e-12
crip1	6.05192539758342e-16	1.85505184735727	0.5	0.064	8.79344760268870e-12
fthl30	6.40064471195144e-16	1.40969430454811	0.2	0.01	9.30013676646544e-12
phkg1a	6.62444339698037e-16	0.402902213024615	0.15	0.006	9.62531625581248e-12
epcam	9.47330932138064e-16	3.55013589758934	0.6	0.1	1.37647184439661e-11
lpcat4	9.48698960159678e-16	0.563022857869812	0.25	0.016	1.37845958911201e-11
tuba8l2	9.95110699403508e-16	1.27105577313306	0.6	0.089	1.4458958462333e-11
pof1b	1.18517185311658e-15	0.634176274151124	0.3	0.023	1.72205470257838e-11
cap1	1.21098933942839e-15	1.00948376335862	0.55	0.074	1.75956751018946e-11
si:dkey-262k9.4	1.33579857876578e-15	0.964370168345603	0.25	0.016	1.94091533494667e-11
hebp2	1.55810519267461e-15	0.933437453483472	0.3	0.023	2.2639268449562e-11
tmem106a	1.73226164340267e-15	0.774791557699619	0.45	0.051	2.51697616786408e-11
cox17	2.29376155154303e-15	1.90630902254336	0.85	0.192	3.33283553439202e-11
il20ra	2.79842367970991e-15	0.260132326563745	0.15	0.006	4.0661096066185e-11
si:dkey-27i16.2	4.24316603134865e-15	2.31431673267173	0.25	0.017	6.16532024354959e-11
s100u	4.66007275581525e-15	0.890687047821659	0.45	0.052	6.77108571419956e-11
pfn1	5.54829211698971e-15	3.51700566607104	1	0.375	8.06166844598605e-11
hsd17b12a	6.35927933841671e-15	0.550904213261087	0.25	0.017	9.24003287871948e-11
slc27a6	6.74947606752583e-15	0.291127106822956	0.2	0.011	9.80698872611504e-11
traf1	8.74039257065994e-15	0.25081961204681	0.15	0.006	1.26997904051689e-10
mboat1	9.33029194665071e-15	0.301807086195226	0.15	0.006	1.35569141984835e-10
irf6	1.1983467677086e-14	0.384109966989319	0.2	0.011	1.74119785348059e-10
nfe2l2a	1.44062274255513e-14	1.63856315982948	0.8	0.172	2.0932248449326e-10
sult2st1	2.01621462010205e-14	0.985269978287788	0.4	0.043	2.92955984300828e-10
krt97	2.36399451238523e-14	1.33681738330242	0.15	0.006	3.43488402649574e-10
slc1a5	2.50323835193301e-14	0.361810739315281	0.25	0.017	3.63720532535866e-10
fybb	3.49360254430818e-14	0.484237882428509	0.2	0.012	5.07620449687978e-10
si:cabz01102082.1	3.78795641868134e-14	0.394622019448775	0.25	0.018	5.50390067634399e-10
serpinb1	5.46554222400846e-14	0.7096638678523	0.3	0.026	7.94143285148429e-10
st14a	9.52294688120363e-14	0.349551505107939	0.2	0.012	1.38368418183889e-09
adipor1b	1.0626494373837e-13	0.47147763503924	0.35	0.034	1.54402963251851e-09
rel	1.58738819692262e-13	0.37623835622643	0.25	0.018	2.30647505012857e-09
si:cabz01101003.1	1.73382430925287e-13	0.380234762499224	0.2	0.012	2.51924672134442e-09
mpzl2b	2.36431131406726e-13	0.292329981776568	0.15	0.007	3.43534433933974e-09
hopx	2.41890234740434e-13	1.24453247984842	0.6	0.103	3.5146651107785e-09
si:dkey-16l2.20	2.48355174558902e-13	0.742033791540455	0.35	0.035	3.60860068634085e-09
dnase1l1	2.59548327458469e-13	0.353943390440885	0.25	0.019	3.77123719797155e-09
tspan35	2.7815607318276e-13	1.16191453830007	0.2	0.013	4.04160774334551e-09
spice1	3.27384133743104e-13	0.507117394319422	0.2	0.012	4.7568914632873e-09
cyt1	4.04864112900973e-13	7.22858666440656	0.45	0.065	5.88267556045114e-09
rab7b	4.49050293248712e-13	0.344730976202467	0.25	0.019	6.52470076090378e-09
rp2	4.99472116420854e-13	0.62752203239867	0.4	0.047	7.25732985159501e-09
abhd4	5.18571923052163e-13	0.618132605068927	0.45	0.057	7.53485004194792e-09
asah1b	5.29393275007104e-13	1.25409076524821	0.5	0.072	7.69208428585321e-09
si:ch1073-190k2.1	5.51150762599712e-13	2.05601463987675	0.2	0.013	8.00822058057381e-09
pon1	6.30035394811389e-13	0.364943524341881	0.25	0.019	9.15441428660949e-09
zgc:153993	7.80371854169295e-13	0.813479788783298	0.55	0.088	1.13388030410799e-08
tcima	9.32201220952366e-13	2.22695521136613	0.65	0.133	1.35448837404379e-08
tcirg1b	9.42629243417107e-13	1.25324311069615	0.4	0.051	1.36964029068506e-08
ppifb	1.00043111664555e-12	1.11444178379314	0.55	0.089	1.45362641248599e-08
sort1b	1.04241535905154e-12	0.336218077451697	0.2	0.013	1.51462951670188e-08
bach1b	1.04763638957071e-12	0.505677890970011	0.3	0.028	1.52221567404625e-08
pmaip1	1.4055611170901e-12	1.44494105464058	0.45	0.065	2.04228030313192e-08
naga	1.55612164092037e-12	1.21833115285564	0.7	0.143	2.2610447442573e-08
dspa	1.6185685391115e-12	0.640633917412298	0.25	0.02	2.35178008732901e-08
slc25a35	1.74288284131996e-12	0.291163317710901	0.15	0.007	2.5324087684379e-08
tbc1d14	1.91939398789494e-12	0.295598092905415	0.2	0.013	2.78887946441134e-08
ifi45	2.33863536244262e-12	0.424733732688858	0.2	0.013	3.39803718162912e-08
uevld	2.46836353760955e-12	0.451903951043824	0.25	0.02	3.58653222014667e-08
arrdc1a	2.69847321602693e-12	0.517116642290627	0.1	0.003	3.92088158288714e-08
dnajb9b	3.19237359127156e-12	0.502119042563789	0.3	0.029	4.63851882811757e-08
nfkbiaa	3.3882752938526e-12	1.77553818970217	0.5	0.078	4.92316400196782e-08
ap1m2	3.68628350660705e-12	0.31719200102062	0.15	0.008	5.35616993510004e-08
si:ch211-153b23.7	3.90132798965607e-12	0.836595244338969	0.2	0.014	5.66862956897027e-08
stk10	4.63946246462216e-12	0.25894596723289	0.15	0.008	6.741138961096e-08
abhd12	8.23186739966352e-12	0.364586912407635	0.25	0.021	1.19609033317111e-07
rdh12l	8.37431349876368e-12	0.266017359856264	0.3	0.029	1.21678775137036e-07
cnpy1	1.24104542348734e-11	0.743489296200223	0.5	0.08	1.80323900032711e-07
gstp1	1.24955952359203e-11	2.11336901660101	1	0.516	1.81560998777922e-07
zgc:193726	1.25958166674094e-11	0.832899816978825	0.1	0.004	1.83017216177458e-07
eef2l2	1.55245833993884e-11	0.386547275239848	0.15	0.008	2.25572196793113e-07
hhla2a.1	1.66493873128659e-11	0.48909125941782	0.3	0.031	2.41915597655942e-07
padi2	2.01066690115483e-11	0.274571681955908	0.15	0.008	2.92149900737797e-07
elf1	2.40817318439344e-11	0.667186942274053	0.35	0.043	3.49907563692367e-07
ttc3	2.59324372279959e-11	0.443331249797289	0.2	0.015	3.76798312922781e-07
rhogb	2.61324508741308e-11	0.573645746432093	0.3	0.032	3.79704511201121e-07
cxcl8a	2.9618177249972e-11	0.741363319657832	0.25	0.023	4.30352115442093e-07
selenow1	3.66133364509104e-11	3.35711442633403	1	0.548	5.31991778631728e-07
dhrs9	4.16146290791145e-11	0.868706438508878	0.3	0.033	6.04660560519534e-07
cyb5b	4.23741920580897e-11	0.59069534597497	0.4	0.055	6.15697010604043e-07
arhgap29b	4.4953157033866e-11	0.312626331175119	0.25	0.023	6.53169371702072e-07
si:dkey-33i11.4	5.22938733385345e-11	4.21772788521256	0.3	0.034	7.59829979608906e-07
galk1	5.28867047891382e-11	0.453895262883743	0.25	0.023	7.68443820586177e-07
ctsc	5.87144700914953e-11	0.961605299113387	0.4	0.058	8.53121250429427e-07
fam45a	6.14036256235083e-11	0.374777921824539	0.25	0.023	8.92194680309576e-07
foxb1b	6.72822036015343e-11	0.295991322273412	0.1	0.004	9.77610418330293e-07
stap2b	7.12997137258509e-11	0.266020651422684	0.1	0.004	1.03598484043661e-06
zgc:92481	7.20402636856745e-11	0.754399204052714	0.3	0.034	1.04674503135285e-06
bdh1	1.08864115881695e-10	0.30546767419212	0.25	0.023	1.58179560376104e-06
msrb1a	1.19992714029727e-10	0.449500218108782	0.15	0.009	1.74349413485194e-06
nr4a1	1.20123905082019e-10	1.02647261586187	0.35	0.045	1.74540034084174e-06
dhrs13l1	1.20607391195907e-10	0.757594631678401	0.25	0.024	1.75242539407652e-06
si:ch211-166a6.5	1.45291339211414e-10	0.744960912771621	0.45	0.072	2.11108315874184e-06
wu:fj16a03	1.61125355055327e-10	3.22711690421116	0.3	0.036	2.3411514089539e-06
htatip2	2.13875482363137e-10	0.578934652650893	0.45	0.071	3.10761075873637e-06
mafbb	2.31223860976443e-10	2.24684159593759	0.35	0.05	3.35968269998772e-06
glo1	2.42585043111033e-10	1.21727085421579	1	0.494	3.52476067640331e-06
gm2a	2.62175411054413e-10	0.80224959784611	0.6	0.123	3.80940872262062e-06
nqo1	2.99242116690662e-10	2.06879254598049	0.5	0.097	4.34798795551531e-06
efhd2	4.04596469599011e-10	0.560673712051294	0.35	0.047	5.87878670327363e-06
zgc:91890	4.12155903553308e-10	0.721650325117498	0.25	0.026	5.98862527862957e-06
plcd1b	5.08399049639072e-10	0.330632618795047	0.15	0.009	7.38703819125572e-06
waslb	5.28190878529378e-10	0.565007608777133	0.45	0.074	7.67461346503186e-06
rplp2	5.72993123841598e-10	0.944779096236616	1	0.997	8.32559008941842e-06
BX908782.2	7.111126370562e-10	3.43486353206215	0.1	0.004	1.03324666164266e-05
csrp1a	8.33466155110672e-10	0.616326771380354	0.5	0.088	1.21102632337581e-05
b3gnt5a	8.80883173440144e-10	0.689080090011807	0.3	0.037	1.27992325100853e-05
gadd45aa	9.9727922120618e-10	0.723297163594555	0.35	0.049	1.44904670841258e-05
CABZ01020840.1	1.18979372833162e-09	0.94815756861857	0.3	0.039	1.72877028726585e-05
slc35c1	1.39536413996981e-09	0.284070357413548	0.15	0.01	2.02746409537614e-05
plekho1b	1.40582699053211e-09	0.371893483394733	0.3	0.036	2.04266661724316e-05
zgc:101562	1.4411361603982e-09	0.320249957565822	0.25	0.026	2.09397084105858e-05
trim16	1.51563380009078e-09	0.258467114894722	0.15	0.01	2.2022159115319e-05
fam49bb	2.297958164836e-09	0.537679402806328	0.3	0.038	3.3389332135067e-05
serpinc1	2.30641384136042e-09	0.367050305733714	0.1	0.005	3.35121931149669e-05
hunk	2.30903586304101e-09	0.330686238172167	0.15	0.01	3.35502910899859e-05
fuca2	3.3833703562214e-09	1.09963774883562	0.5	0.106	4.91603712758969e-05
sgpl1	3.4266504997263e-09	0.859964372879034	0.3	0.039	4.97892317610232e-05
dhdhl	4.34370615311338e-09	0.444912301262721	0.3	0.039	6.31140504047375e-05
cyp3c1	4.45415774837645e-09	0.734773970587976	0.45	0.08	6.47189120839098e-05
icn	4.73097912097388e-09	2.20692101253131	0.95	0.346	6.87411266277505e-05
atp5if1b	5.01217432088478e-09	1.66694466707469	0.9	0.304	7.28268928824558e-05
irf2	5.07971603254493e-09	0.582420105056928	0.35	0.052	7.38082739528778e-05
nccrp1	6.89225975678181e-09	1.80154421219631	0.7	0.189	0.00010014453426604
zgc:63831	7.95385032810693e-09	0.577147717622657	0.4	0.067	0.000115569445267394
man2b1	1.16484537512855e-08	0.343051330375524	0.35	0.052	0.000169252033006178
ctns	1.34787076408455e-08	0.542766660469431	0.3	0.04	0.000195845622021485
adipor2	1.40104931586209e-08	1.23791616100615	0.75	0.255	0.000203572465594761
GCA	1.41212439855453e-08	0.968096096963215	0.95	0.407	0.000205181675109973
trib1	1.49455217626325e-08	0.364735991640023	0.2	0.019	0.00021715843121105
gsr	1.74079269486949e-08	0.703366017978857	0.4	0.073	0.000252937178564536
slc38a7	1.79045965074823e-08	0.429298998591939	0.3	0.041	0.000260153787253718
abracl	2.15149952956035e-08	0.482440845228786	0.9	0.278	0.000312612881645118
sh3d21	2.39817249564744e-08	0.483486035286055	0.25	0.03	0.000348454463617573
alas1	2.530613369971e-08	1.63837420012304	0.75	0.268	0.000367698122656786
txn	2.98120254714299e-08	0.685719865435771	0.55	0.125	0.000433168730099876
lxn	3.19310442660061e-08	0.922323894647994	0.45	0.088	0.000463958073185069
krt4	3.6236406073021e-08	6.66442121878738	0.6	0.203	0.000526514980240996
pi4kb	3.94295995461308e-08	0.345141295830165	0.3	0.043	0.000572912081405281
wbp2nl	4.25484090686224e-08	0.761507060370511	0.7	0.187	0.000618228383767084
ctsz	4.46910123976053e-08	1.85763707652007	0.55	0.138	0.000649360410137205
etnk1	4.85605268278223e-08	0.360565908367946	0.3	0.043	0.000705584454808258
cyfip1	5.11770115513289e-08	0.55004693202511	0.55	0.122	0.000743601977840809
kdm7aa	5.79505496473805e-08	0.321944077588181	0.25	0.031	0.000842021486376438
eno1b	5.9640317359857e-08	0.313397456918095	0.15	0.012	0.000866573811238722
march8	6.41099534122699e-08	0.319052493791442	0.25	0.031	0.000931517623080281
sigmar1	6.71255823386928e-08	0.476112310950696	0.55	0.122	0.000975334711381207
cfp	6.97222912863859e-08	0.393765263014452	0.2	0.022	0.00101306489239119
clcn7	7.25938290242083e-08	0.353285063683418	0.3	0.044	0.00105478833572175
atp6v1c1b	7.84855316471267e-08	1.6189245275835	0.45	0.092	0.00114039477483275
fahd2a	8.46416795683351e-08	0.387126786733808	0.3	0.044	0.00122984360412791
cx30.3	9.72786961528558e-08	0.370901601645715	0.15	0.013	0.001413459455101
gb:bc139872	9.93422266615662e-08	1.15572840362533	0.55	0.135	0.00144344255339256
tmem59	1.01808933048197e-07	0.92595835938406	0.75	0.244	0.0014792837971903
tmem131	1.07595362597118e-07	0.427281269769097	0.4	0.073	0.00156336061853612
si:dkey-74k8.3	1.10313814079606e-07	0.82357005786619	0.2	0.022	0.00160285971857668
fbp1a	1.11044976504195e-07	0.58274248919628	0.5	0.109	0.00161348350860595
chmp2bb	1.39689843266561e-07	1.02324269758522	0.75	0.251	0.00202969342266313
si:rp71-46j2.7	1.43646714593499e-07	0.31479449880756	0.2	0.022	0.00208718676304353
pard6a	1.76407676702453e-07	0.290419405572229	0.15	0.013	0.00256320354248665
pdxdc1	1.76671879129924e-07	0.353799460442817	0.2	0.022	0.00256704240375779
irak3	2.11440775535232e-07	0.565769101579453	0.2	0.023	0.00307223446852693
fam169aa	2.20269013276505e-07	0.322639258216448	0.2	0.022	0.00320050876290762
lacc1	2.29510483221146e-07	0.30620115557289	0.1	0.006	0.00333478732120326
pdcd6ip	2.33930398944627e-07	0.70396204702367	0.6	0.153	0.00339900869666543
gpx1a	2.4363660853823e-07	1.81047885234294	0.6	0.203	0.00354003992206049
cdh1	2.94931511000436e-07	0.502904503352767	0.4	0.076	0.00428535485483634
spag1a	3.29982292876774e-07	0.573499990367575	0.4	0.081	0.00479464271549953
vps4b	3.32505559341264e-07	0.805262653337765	0.8	0.291	0.00483130577722856
gfer	3.58352619194721e-07	0.357447539273244	0.35	0.062	0.00520686355689929
gipc2	3.81080459128809e-07	0.318188076302348	0.2	0.023	0.00553709907114159
slc25a33	4.00262484528049e-07	0.387333943445764	0.35	0.063	0.00581581390019255
hccsa.1	4.11941591605871e-07	0.423813694267141	0.3	0.049	0.00598551132603331
mob1bb	4.59206501655146e-07	0.37071566636386	0.25	0.035	0.00667227046904928
zgc:175088	4.81811881320478e-07	3.58800713306759	0.65	0.218	0.00700072663558654
smdt1b	5.14628808205367e-07	1.10636259200146	0.85	0.427	0.00747755658322398
zgc:112255	5.29050230197556e-07	0.462487011923924	0.4	0.082	0.00768709984477049
zgc:162698	5.33263036407858e-07	0.486811872094683	0.45	0.099	0.00774831191900618
per2	5.63960097059539e-07	0.425257270699563	0.25	0.036	0.00819434021027511
cbr1l	5.69576994735263e-07	0.83791825557432	0.6	0.177	0.00827595373350337
tspan15	5.78221278134616e-07	0.255417402142778	0.15	0.014	0.00840155517129597
zgc:174863	6.14472177378586e-07	0.413797699402017	0.25	0.036	0.00892828073731086
rnf144b	6.58918743575045e-07	0.417078223379775	0.25	0.036	0.00957408934414541
pitpnaa	6.61876251959971e-07	0.675177258845899	0.6	0.174	0.00961706194097837
nfkbie	6.8187657775942e-07	0.848058336965468	0.5	0.129	0.00990766667484438
ezrb	7.96236584514099e-07	0.983607716100021	0.55	0.151	0.0115693175729899
snap23.1	8.76180187952469e-07	0.532049087795781	0.5	0.121	0.0127308981309494
atp1b1b	1.02713238989683e-06	2.43795955757943	0.15	0.015	0.0149242336252009
si:dkeyp-72e1.7	1.07172612415372e-06	0.576351362890305	0.1	0.007	0.0155721805839535
npc2	1.13185541495033e-06	1.45707212545464	0.85	0.444	0.0164458591792283
sema4ab	1.15984617349832e-06	0.276728571130386	0.15	0.015	0.0168525649009305
tbk1	1.20935016652224e-06	0.368929214530377	0.35	0.066	0.0175718579195682
sec23b	1.24409964093131e-06	0.642665340461125	0.6	0.167	0.0180767677827319
clic1	1.24969183328699e-06	0.705929513516901	0.4	0.092	0.0181580223376599
isg15	1.2525315812752e-06	0.258068601829249	0.15	0.015	0.0181992838759286
trim35-28	1.25910333784856e-06	0.260118357572846	0.25	0.037	0.0182947714989395
hexb	1.30658876886724e-06	0.631793506517926	0.45	0.104	0.018984734811641
arpin	1.31440131153362e-06	0.375911881008068	0.25	0.038	0.0190982510565835
actr2a	1.70560440101799e-06	0.696700200369192	0.55	0.159	0.0247824319467914
wipf1b	1.70718254963155e-06	0.274260083428378	0.35	0.066	0.0248053624461464
npl	1.70829215995965e-06	1.03020975458227	0.3	0.057	0.0248214850842137
si:ch211-195e19.1	1.7232005227509e-06	0.605478452981334	0.2	0.027	0.0250381035955705
s100w	1.92540394439592e-06	1.30097645920536	0.3	0.058	0.0279761193120727
si:ch1073-80i24.3	1.9495839723011e-06	0.26259519820521	0.1	0.007	0.028327455117535
hdlbpa	2.4058741246977e-06	1.56266321359766	0.85	0.338	0.0349573510318576
tmem206	2.60765786880984e-06	0.376452370932042	0.25	0.04	0.037889268833807
si:dkey-112a7.4	2.80521682068745e-06	0.342986905906256	0.35	0.068	0.0407598004045886
dsc2l	2.86164335521124e-06	0.267738312371258	0.1	0.007	0.0415796779512193
flvcr2b	2.9788701742896e-06	0.299450583459226	0.2	0.027	0.0432829836324279
serpinb1l3	3.00188182189957e-06	0.355646649698766	0.4	0.086	0.0436173428722008
arg2	3.14286599143311e-06	2.11724840419221	0.2	0.028	0.045665842855523
si:ch211-153b23.5	3.16253365308816e-06	2.07511524758394	0.2	0.028	0.045951613979371
capns1a	3.35824174700536e-06	1.33091835967383	0.75	0.339	0.0487952525839879
