gene	p_val	avg_log2FC	pct.1	pct.2	p_val_adj
col1a2	2.09628231408021e-185	2.39331381944868	0.957	0.247	3.04589820235855e-181
mxra8b	1.79771968000258e-163	1.8995636077126	0.668	0.103	2.61208669504376e-159
col1a1b	1.2811667598979e-159	1.82175165804695	0.714	0.125	1.86153530213165e-155
ccdc3b	4.667479099711e-157	1.91331788143455	0.514	0.057	6.78184713188009e-153
col6a1	3.00849177004942e-153	1.93187725647282	0.579	0.08	4.37133854188181e-149
col6a3	1.00982221709667e-152	1.44587431666653	0.393	0.028	1.46727168144146e-148
zgc:153704	1.05743234541461e-140	2.04686378459806	0.475	0.052	1.53644919788743e-136
mfap2	2.72250114123434e-140	2.16487342176364	0.989	0.473	3.95579415821349e-136
si:ch211-106h4.12	1.60276434197202e-127	3.69435564918412	0.35	0.028	2.32881658888534e-123
col6a2	1.47663124373469e-121	1.31318729529629	0.411	0.045	2.1455451971465e-117
olfml3b	6.7384012545113e-115	1.23661030007609	0.425	0.053	9.79089702280492e-111
efna2a	4.93731572547813e-114	1.74596323359765	0.482	0.075	7.17391974911972e-110
serpinf1	1.62366272411131e-111	1.76289237538575	0.446	0.063	2.35918193813373e-107
cd81a	1.57709226205499e-107	1.55983737721568	0.996	0.868	2.2915150567659e-103
foxf2a	1.60088541515452e-107	2.08025972326331	0.582	0.123	2.32608650821952e-103
mamdc2b	1.38082017844244e-105	1.118373464938	0.239	0.013	2.00633171927686e-101
thbs4b	2.74656091154178e-105	2.29051193230737	0.379	0.045	3.9907530044702e-101
col5a2a	1.81448110962452e-103	1.08956891557668	0.411	0.053	2.63644105228442e-99
col1a1a	3.86104804278765e-102	1.08849882573398	0.793	0.263	5.61010280617046e-98
fosab	6.40541303177701e-102	2.27457182431843	0.989	0.847	9.30706513517199e-98
fstl1b	1.79219788202088e-100	1.68904317574276	0.871	0.413	2.60406352257633e-96
rgs5a	1.90957611562091e-98	1.69052776749041	0.525	0.098	2.77461409599718e-94
dcn	7.27200693481303e-95	1.7037547825163	0.539	0.116	1.05662260762833e-90
lum	4.12555593690362e-94	2.25329142628286	0.446	0.074	5.99443277632096e-90
si:ch211-106j24.1	4.68188156187607e-94	1.1424540373022	0.243	0.017	6.80277390940593e-90
col5a1	1.93898476350226e-93	1.64779887877139	0.7	0.22	2.81734486136879e-89
colec12	9.20687507927843e-88	1.49017324215354	0.614	0.174	1.33775894901916e-83
wnt11r	4.59121448760287e-87	1.99588922889898	0.443	0.079	6.67103465048697e-83
pmp22a	1.84395820953475e-86	1.68854155835369	0.975	0.619	2.679271278454e-82
cdh11	7.85824757279629e-86	1.75634908061936	0.714	0.256	1.1418033723273e-81
jdp2b	4.72695690422582e-84	2.30748073414636	0.914	0.565	6.86826838184012e-80
selenop	5.69022416589843e-83	2.01426674403813	0.507	0.116	8.26789571305042e-79
entpd1	2.24217532911968e-81	1.39856000076253	0.511	0.123	3.25788075321089e-77
lrrc17	8.66451864353568e-81	1.78526614025478	0.614	0.187	1.25895455890573e-76
ifitm1	1.53708793894376e-79	2.39732517055642	0.279	0.031	2.23338877528528e-75
jun	5.58561735177028e-78	1.71672753343028	0.964	0.83	8.11590201212222e-74
hsp70.2	1.0931328543611e-76	1.64980585878425	0.989	0.862	1.58832203738668e-72
sparc	6.80020733705724e-76	1.39140518365959	0.979	0.667	9.88070126074417e-72
s100v2	5.12619338277016e-73	1.48531822724949	0.6	0.193	7.44835898516504e-69
hspa12b	1.41441190626697e-72	0.921363767168604	0.289	0.038	2.05514049980591e-68
zfp36l2	2.53528125629467e-72	1.63806671435769	0.561	0.17	3.68376366539616e-68
si:ch211-212k18.8	9.29746014592019e-71	1.2417790091825	0.479	0.119	1.3509209592022e-66
wls	2.95978794498287e-70	1.37549728105651	0.775	0.386	4.30057188406011e-66
col6a4a	6.93477845689104e-69	0.670661757113377	0.179	0.012	1.00762330978627e-64
si:ch1073-459j12.1	5.74989364115732e-68	1.32422408254596	0.336	0.057	8.35459546060158e-64
dpt	7.14063482322632e-68	0.808490561293529	0.125	0.004	1.03753423981479e-63
twist2	4.08041598627612e-66	1.2608162241411	0.404	0.086	5.92884442805921e-62
gsc	4.65114934208832e-66	2.4276983355721	0.546	0.171	6.75811999405433e-62
flot1b	7.67978400239334e-66	1.42663370191901	0.889	0.622	1.11587261554775e-61
cyp1c1	6.86822673367754e-65	1.91143348318696	0.311	0.05	9.97953344403346e-61
si:ch1073-291c23.2	2.93084718866161e-64	1.21584050694217	0.579	0.198	4.25852096512532e-60
hsp70.1	9.46177344427942e-64	1.71709876406859	0.961	0.803	1.3747956814538e-59
steap4	3.67037295421481e-62	0.88057017497672	0.221	0.025	5.33305190247412e-58
sfrp2	3.09820492410709e-61	2.31904767681916	0.511	0.154	4.5016917547276e-57
socs3a	1.03385956694311e-60	1.70201728341877	0.764	0.39	1.50219795076834e-56
hsp70.3	1.49912416237071e-59	1.2214339842892	1	0.943	2.17822740792464e-55
aoc2	3.98573452715764e-59	1.57912550136344	0.293	0.05	5.79127226796005e-55
socs3b	5.21626201600832e-59	1.57986457409028	0.9	0.643	7.57922870926008e-55
si:ch73-335l21.4	2.70992772092239e-58	1.85674282860565	0.893	0.683	3.93752497850023e-54
si:ch211-43f4.1	2.911863006666e-58	0.792982553028692	0.171	0.015	4.2309369486857e-54
junba	3.2091970703083e-58	1.37883103609584	0.957	0.766	4.66296334315796e-54
pcdh18b	1.32053052307359e-57	1.23602469911906	0.479	0.142	1.91873085002593e-53
ecm2	1.43165881102046e-57	0.454889261914247	0.139	0.009	2.08020025241273e-53
hsp70l	4.78638792935266e-57	1.33980980678702	0.957	0.758	6.95462166134942e-53
dnajb1b	1.66457140670964e-56	1.44969847395917	0.939	0.698	2.4186222539491e-52
fmoda	2.66250046539992e-55	1.8877223217461	0.561	0.199	3.86861317622608e-51
crispld1a	4.04332483397532e-55	0.690063757913507	0.168	0.015	5.87495098376615e-51
scube2	7.26681867744888e-54	1.09505371158396	0.271	0.047	1.05586875383332e-49
hgd	1.13276718948725e-52	0.895247399875367	0.393	0.1	1.64591072632497e-48
pcolcea	2.11519914067327e-52	1.2505039096919	0.329	0.07	3.07338435139827e-48
cyp2ad3	4.25498922157921e-52	1.37531704325815	0.414	0.116	6.18249933895459e-48
ms4a17a.9	8.74657293969776e-52	1.47443655290135	0.571	0.219	1.27087704813808e-47
hpgd	9.95995876550246e-51	1.22840409420201	0.325	0.069	1.44718200862751e-46
pdgfrl	2.62778867229133e-50	0.895682154625775	0.182	0.021	3.8181769408393e-46
col4a2	5.3129551327926e-50	0.719644413313157	0.221	0.032	7.71972380794765e-46
apln	3.94890053605332e-49	1.21903312692849	0.393	0.108	5.73775247888547e-45
ednraa	3.43579796141972e-48	1.11863743269452	0.35	0.089	4.99221443794285e-44
plpp3	2.13635818620181e-47	1.38425595776232	0.439	0.142	3.10412844455123e-43
bmp16	6.71731448432101e-47	0.949697542440064	0.189	0.025	9.76025794571843e-43
si:ch211-195o20.7	8.22269005775276e-47	0.448838315803764	0.132	0.01	1.19475686539148e-42
mmp14a	1.42722741569738e-46	1.03437608715358	0.439	0.141	2.0737614350083e-42
dkk3b	2.02632341854195e-46	1.06750330515837	0.236	0.04	2.94424792714145e-42
mcl1b	3.74421449742872e-46	1.48272547059481	0.764	0.488	5.44034366476393e-42
ociad2	5.95621486486287e-46	1.00970447885041	0.404	0.119	8.65438019864575e-42
jund	6.06872005914076e-46	1.36877010221858	0.625	0.298	8.81785024593153e-42
ntd5	7.84908407443735e-46	0.896999098794239	0.318	0.074	1.14047191601575e-41
ctsk	9.73118043673271e-46	0.9252656409211	0.425	0.13	1.41394051745726e-41
h3f3c	1.7381527264214e-45	0.736710366373226	0.993	0.966	2.5255359114903e-41
foxq1a	1.05589861769987e-44	0.850117327715391	0.179	0.023	1.53422069151792e-40
hhip	1.10518125764475e-44	0.856865461606528	0.25	0.047	1.60582836735782e-40
cxcl12a	1.31627945568283e-44	2.48200148489366	0.536	0.225	1.91255404910716e-40
enpp2	6.98892716804078e-44	0.6955400669983	0.214	0.035	1.01549111751633e-39
meis1b	2.28372966115366e-43	1.14520877520555	0.736	0.408	3.31825919765627e-39
ripor3	3.02836306459218e-43	0.533543402410039	0.168	0.02	4.40021153285244e-39
thbs3a	4.67471112702149e-43	1.05265326791199	0.275	0.058	6.79235526756223e-39
fgfr2	5.35394797540162e-43	1.15160384402471	0.389	0.122	7.77928640825855e-39
fbln5	5.74313170199699e-43	0.879144969508022	0.296	0.069	8.34477036300163e-39
ier2a	1.52342921060168e-42	1.20646687969546	0.918	0.732	2.21354264300425e-38
kazald3	1.59249201655859e-42	0.686905669752275	0.168	0.021	2.31389090005963e-38
rbfox1	2.85748090446802e-42	0.749333182752175	0.421	0.125	4.15191975419203e-38
cd248a	4.41750950279004e-42	1.07282097564713	0.357	0.1	6.41864130755393e-38
si:ch211-251b21.1	2.22952756487973e-41	0.784730573626797	0.389	0.113	3.23950355177024e-37
ppdpfb	2.35531540677777e-41	0.673694358275839	1	0.966	3.4222732860481e-37
zgc:162730	2.84576255181531e-41	1.38659960297302	0.904	0.676	4.13489298778765e-37
ms4a17a.11	8.07763952450876e-41	1.0877027507093	0.561	0.244	1.17368102291112e-36
spon1b	8.31884559048851e-41	0.689354641084173	0.204	0.033	1.20872826429798e-36
zgc:56585	1.35926838429498e-40	0.748732316263866	0.218	0.039	1.97501696238061e-36
si:ch211-160j14.3	1.94134656705741e-40	0.484791865223386	0.114	0.009	2.82077656193441e-36
crabp1b	2.30567603354097e-40	2.0731974074404	0.311	0.079	3.35014727673503e-36
ecrg4a	5.35355581834514e-40	1.32876132778351	0.411	0.128	7.77871660405548e-36
rbp5	9.41360972975271e-40	1.07855683106857	0.6	0.264	1.36779749373307e-35
fosb	1.36710435495195e-39	1.55443177520134	0.35	0.103	1.98640262774518e-35
zgc:195173	2.51873817757713e-39	1.92475409079132	0.182	0.028	3.65972657201956e-35
efemp2a	2.67756261052407e-39	1.04967187541173	0.279	0.066	3.89049847309148e-35
nsa2	4.59754389204932e-39	0.682142093398726	0.971	0.929	6.68023127514766e-35
btg2	7.24311930519925e-39	1.42909575381976	0.804	0.621	1.05242523504545e-34
si:ch211-212k18.9	1.42178377197924e-38	0.878512976548972	0.336	0.097	2.06585182068584e-34
s1pr5a	1.68091198784186e-38	0.914194799345311	0.275	0.065	2.44236511833423e-34
osr1	3.05343629001706e-37	1.19561822900381	0.239	0.052	4.43664292939479e-33
rbp4	5.14853257273815e-37	1.17254280453963	0.243	0.053	7.48081782818853e-33
rnd3b	7.13541710811039e-37	0.919437228774755	0.343	0.102	1.03677610580844e-32
cebpd	1.15748469758615e-36	1.81619785234458	0.782	0.579	1.68182526559268e-32
ubb	3.26180650332181e-36	1.45375388834485	0.843	0.687	4.7394048493266e-32
ackr3b	4.50661369847775e-36	1.53970602939366	0.436	0.166	6.54810970388818e-32
cyr61	7.89568145688817e-36	1.50315432403897	0.654	0.369	1.14724251568585e-31
vwde	8.43044857824905e-36	1.36715231227937	0.15	0.02	1.22494417841959e-31
rspo3	1.94228839749539e-35	1.03154965722598	0.271	0.069	2.82214504156081e-31
si:dkey-7j14.6	2.09479273215768e-35	0.829271710128213	0.768	0.503	3.04373383982511e-31
RAMP1	2.56561618130372e-35	1.10864120195691	0.25	0.058	3.7278403114343e-31
klf2a	1.34387239906487e-34	1.32090777512731	0.293	0.079	1.95264659584126e-30
ugt1b5	1.65331025110246e-34	1.19454332151609	0.454	0.182	2.40225979485187e-30
igfbp5b	1.770549311111e-34	1.33304890134506	0.361	0.122	2.57260814904428e-30
tspan4b	1.83081451277079e-34	0.727431866258137	0.275	0.072	2.66017348705595e-30
cldn11a	3.92118022044407e-34	0.799836487996431	0.154	0.022	5.69747486030524e-30
cyp1d1	4.80863822001919e-34	0.499147028233154	0.168	0.027	6.98695133368789e-30
rerglb	5.83025146546512e-34	0.602730094324633	0.129	0.015	8.47135537932082e-30
loxa	6.54853354999957e-34	0.726276522165722	0.125	0.014	9.51501924814937e-30
wnt4a	6.93416176861961e-34	0.563992336210251	0.111	0.011	1.00753370498043e-29
meis2a.1	8.62684859715735e-34	0.93182426006754	0.521	0.215	1.25348110116696e-29
mmp2	1.96505854317724e-33	0.953016345530718	0.661	0.337	2.85523006323653e-29
gulp1a	4.2301879133518e-33	0.837261173131771	0.343	0.107	6.14646303810017e-29
sostdc1a	5.27298964250251e-33	1.05695459024766	0.125	0.015	7.66165395055614e-29
yap1	2.03815364211388e-32	0.851821743028899	0.686	0.415	2.96143724199147e-28
rsrp1	2.83219606509193e-32	1.08019609937553	0.836	0.69	4.11518088257857e-28
glipr2l	5.89793066117117e-32	1.04851225700412	0.321	0.1	8.56969325068171e-28
ebf1b	4.73094582370651e-31	0.491752234760886	0.143	0.021	6.87406428184556e-27
cpne1	1.38878200092444e-30	0.870362020138791	0.604	0.351	2.01790024734321e-26
aspn	1.47443245301033e-30	0.801239834721877	0.157	0.026	2.14235035422402e-26
fzd2	3.28387178592282e-30	0.919911109143775	0.354	0.13	4.77146570494586e-26
foxl1	1.06692670783832e-29	0.861363165258607	0.214	0.05	1.55024450648908e-25
cebpb	1.36402637285285e-29	1.26062944072604	0.786	0.545	1.98193031975519e-25
grb10b	2.37899460518865e-29	0.96329873539717	0.343	0.123	3.45667916133911e-25
bmp4	3.1495740356546e-29	0.954395116108997	0.264	0.076	4.57633107380614e-25
ntf3	3.74676064836737e-29	0.475400350411925	0.132	0.02	5.44404322207779e-25
zgc:174904	6.34711024894836e-29	0.716943662885394	0.146	0.024	9.22235119172197e-25
svild	7.44868116151737e-29	0.790679799121057	0.279	0.084	1.08229337276847e-24
sdc4	1.14518192355045e-28	0.75853231689415	0.968	0.846	1.6639493349188e-24
cd82a	1.77105488635614e-28	0.579586108500837	0.732	0.473	2.57334274987548e-24
serpine1	2.60454918140394e-28	1.15693831350027	0.614	0.35	3.78440996057992e-24
fstl3	2.69525764266445e-28	1.04355645838995	0.25	0.067	3.91620935479144e-24
tgm2b	2.82191510828739e-28	0.748319149348018	0.2	0.046	4.10024265234158e-24
arrdc2	3.47287806385972e-28	1.45541586729842	0.521	0.28	5.04609182678817e-24
egfl7	4.71444917491586e-28	0.610954133149613	0.168	0.033	6.85009465115275e-24
fzd7b	4.81289147400132e-28	0.947123265530705	0.414	0.183	6.99313131172392e-24
lgals9l3	7.09978390058891e-28	0.544563604308382	0.186	0.04	1.03159860075557e-23
tsc22d3	7.41827283198299e-28	1.18090090580851	0.579	0.337	1.07787504248713e-23
bdnf	1.46974168603982e-27	0.710586020410562	0.179	0.038	2.13553466981586e-23
myl9b	1.54364490887111e-27	0.789097567098104	0.743	0.49	2.24291605258973e-23
si:ch211-286o17.1	1.58561097662388e-27	1.19607807745456	0.6	0.354	2.3038927490345e-23
cxcl12b	2.44655388178712e-27	1.43515734143641	0.214	0.053	3.55484279023669e-23
rpz5	3.21571718183626e-27	1.10847231802529	0.261	0.075	4.67243706520809e-23
tril	3.22037690989925e-27	0.847371015876633	0.218	0.057	4.67920765008362e-23
shox2	3.9470083379144e-27	0.42583209664433	0.114	0.015	5.73500311498962e-23
tnfsf10	8.22106231462911e-27	0.822599848609295	0.246	0.07	1.19452035431561e-22
col4a1	1.03659742845513e-26	0.470820131401024	0.132	0.021	1.50617606354531e-22
tmem176	2.93879980142809e-26	0.994752579108942	0.586	0.344	4.27007611147501e-22
angptl1a	4.68513954409682e-26	0.740140624121002	0.179	0.04	6.80750775757268e-22
arrdc3b	5.27461359347085e-26	0.976791031790989	0.739	0.565	7.66401355131315e-22
sema3aa	6.17400430133433e-26	0.465014951906661	0.132	0.022	8.97082824983878e-22
boc	6.71316535539878e-26	1.03968568103972	0.539	0.298	9.75422926139442e-22
cilp	1.23011692914633e-25	0.49014344499173	0.125	0.02	1.78735989804961e-21
irx1b	1.45934848126589e-25	0.623049540684673	0.129	0.021	2.12043334327934e-21
admb	1.86540557552775e-25	1.16678400685472	0.143	0.026	2.71043430124181e-21
sema3fa	2.13134509412792e-25	0.768721932348528	0.2	0.051	3.09684442176787e-21
plscr3b	2.40542722536775e-25	0.854973239640739	0.664	0.442	3.49508575845934e-21
ngfb	2.97871679662931e-25	0.50611867665847	0.154	0.03	4.32807550550239e-21
serpinh1b	7.05813499003595e-25	0.866566637966815	0.946	0.802	1.02554701405222e-20
ggt5a	1.31860129890383e-24	0.610720237795179	0.207	0.056	1.91592768730726e-20
ramp2	1.78429940106104e-24	1.05297825305062	0.336	0.133	2.59258702974169e-20
bmp5	1.98508840520368e-24	0.90410886160946	0.364	0.15	2.88433345276094e-20
her6	3.48968358153217e-24	1.22416595416711	0.75	0.563	5.07051024396625e-20
lxn	4.14154739514664e-24	0.915021115459299	0.246	0.078	6.01766836514807e-20
f3b	7.47788383604715e-24	1.41994673947451	0.546	0.32	1.08653652137765e-19
phldb2b	9.95181762825081e-24	0.710992957727798	0.257	0.084	1.44599910138484e-19
rhoab	5.5199357580402e-23	0.841817889837233	0.843	0.722	8.02046665643241e-19
foxf2b	9.34076287616802e-23	0.599156118852618	0.186	0.048	1.35721284590721e-18
timp2a	1.69625187869635e-22	0.773802592416314	0.407	0.191	2.46465397974579e-18
il11ra	1.76537740549923e-22	0.318929027216969	0.111	0.018	2.56509337019038e-18
inhbaa	2.69326626414992e-22	1.0316306451578	0.261	0.086	3.91331588180983e-18
eef1da	2.72705471581714e-22	0.607471815735372	0.914	0.802	3.96241050208231e-18
sec61g	4.23622680682147e-22	0.459760000898111	0.993	0.982	6.15523755031159e-18
rgs4	4.66409718150976e-22	0.916095624991691	0.229	0.07	6.77693320473368e-18
prrx1b	5.27181122966775e-22	0.926059722543192	0.429	0.208	7.65994171670725e-18
pbx3b	5.84527252017001e-22	0.581448503743226	0.271	0.096	8.49318097180702e-18
hsd11b2	5.9236736713046e-22	0.712745428665379	0.2	0.056	8.60709784440559e-18
htra1b	6.35744204457324e-22	0.470360847371406	0.129	0.024	9.23736329076492e-18
rarga	6.38102700570044e-22	0.850941770971765	0.561	0.355	9.27163223928274e-18
ponzr1	6.57731006498526e-22	0.536737990558116	0.136	0.027	9.55683152442358e-18
igf2b	9.60147980131162e-22	0.934577633289978	0.4	0.191	1.39509501513058e-17
pigr	1.35517853586621e-21	0.428324725872549	0.111	0.019	1.96907441261361e-17
cox4i2	3.46091361992431e-21	0.758583737729222	0.282	0.103	5.02870748975002e-17
tmem119b	3.92075333230088e-21	0.840082528948903	0.357	0.165	5.69685459183318e-17
klf6a	5.79096779989645e-21	1.03902759295878	0.811	0.686	8.41427621324955e-17
fzd7a	6.88768440643372e-21	0.917364127368562	0.486	0.279	1.00078054425482e-16
agtr2	1.07759134182174e-20	0.763514924704336	0.246	0.083	1.56574021966699e-16
slc25a5	1.60693332899525e-20	0.270998076608179	1	1	2.3348741270301e-16
calcrla	1.66665023872446e-20	0.683176872332814	0.193	0.056	2.42164279686664e-16
pdgfra	1.75748470453778e-20	0.563325388957714	0.261	0.095	2.55362527569339e-16
s100u	1.87961689296485e-20	0.566722283793009	0.171	0.045	2.73108334547793e-16
loxl2b	2.12639000378745e-20	0.867065379737046	0.357	0.163	3.08964467550317e-16
mgst1.1	2.95035725450101e-20	0.730987502042691	0.286	0.115	4.28686909078996e-16
add3a	2.97328060023157e-20	0.78820856397273	0.364	0.172	4.32017671213647e-16
col27a1b	3.26698693856839e-20	0.412370547697964	0.132	0.028	4.74693202173987e-16
ism1	5.1012894257344e-20	0.735018221335102	0.207	0.064	7.41217353559209e-16
CU459056.1	1.08539051233861e-19	0.538769008607667	0.207	0.065	1.577072414428e-15
tfpia	1.75136591013893e-19	0.691651729833407	0.186	0.054	2.54473466743187e-15
foxf1	1.86152457908651e-19	0.473251605284128	0.15	0.037	2.7047952134127e-15
vstm4a	2.2600900537409e-19	0.618217320816376	0.225	0.075	3.28391084808552e-15
cyp3c1	4.54605968752979e-19	0.638590252634514	0.218	0.071	6.60542472598078e-15
zgc:162612	4.59787518291614e-19	0.634911037036177	0.15	0.037	6.68071264077715e-15
dusp2	5.33299270687724e-19	0.794016849024258	0.382	0.187	7.74883840309263e-15
rhoq	5.46338156086623e-19	0.585713761696451	0.221	0.075	7.93829340793864e-15
sulf1	6.87330123208157e-19	0.719057395311983	0.2	0.064	9.98690669021453e-15
gstt1b	8.57024894849399e-19	0.724301529708029	0.396	0.207	1.24525717221618e-14
mgst3b	1.00112654091593e-18	0.622937072973019	0.768	0.653	1.45463686395085e-14
ttc36	1.02758815832487e-18	0.412666558472221	0.111	0.021	1.49308559404603e-14
pnrc2	1.28031502715403e-18	0.507021511913518	0.946	0.94	1.8602977344548e-14
nkd1	1.35503217850977e-18	0.538082566314194	0.25	0.092	1.9688617553747e-14
krt94	1.54301374465521e-18	0.82532797881045	0.107	0.02	2.24199897098402e-14
zcchc24	3.33292368218087e-18	0.525042751322659	0.218	0.075	4.84273811020881e-14
ogna	5.86866369288246e-18	1.65315745663922	0.189	0.057	8.52716834575821e-14
prrx1a	5.99285659556416e-18	0.833948459911131	0.475	0.262	8.70762063335472e-14
mcl1a	7.05840182859635e-18	1.10084891493732	0.882	0.828	1.02558578569505e-13
cavin2b	9.0192179747573e-18	0.800748792700129	0.343	0.15	1.31049237173224e-13
zfp36l1b	9.18008516116678e-18	0.68821445824222	0.632	0.428	1.33386637391753e-13
lhfpl6	9.81144342659486e-18	0.609787699946473	0.311	0.134	1.42560272988423e-13
sept2	1.47617973762144e-17	0.830051306470905	0.632	0.49	2.14488915876395e-13
srpx	1.56753611455658e-17	0.753408031480477	0.243	0.092	2.27762997445071e-13
mknk2b	2.49980313472709e-17	0.830874425705707	0.732	0.629	3.63221395475846e-13
twist1b	6.65694666885742e-17	0.959161658900535	0.468	0.27	9.67254350984983e-13
col4a6	1.02748705588192e-16	0.461629950325036	0.132	0.033	1.49293869219643e-12
hoxb6a	1.33368869961111e-16	0.936850017749313	0.286	0.123	1.93784968053495e-12
foxp4	1.53463170582605e-16	0.988989505423581	0.546	0.369	2.22981986856526e-12
bhmt	1.79092953696354e-16	0.776158782663485	0.482	0.289	2.60222061720802e-12
egr1	2.28888979839137e-16	0.777499874318673	0.446	0.257	3.32575687706267e-12
ssuh2rs1	3.02949010521802e-16	0.63231794198833	0.525	0.349	4.40184912288178e-12
nfia	3.54141211319759e-16	0.497797843706185	0.193	0.065	5.14567180047609e-12
abi3bpb	3.7414360997593e-16	0.583500847863866	0.121	0.029	5.43630665295027e-12
wfdc2	4.2511256011257e-16	0.94539271491953	0.171	0.053	6.17688549843564e-12
pard3bb	5.91359690408327e-16	0.54158334040853	0.246	0.1	8.59245630163299e-12
rplp2	6.10310584253885e-16	0.274129575253277	1	0.997	8.86781278920894e-12
UBB	6.92521968349648e-16	1.20652081443929	0.771	0.722	1.00623442001204e-11
cpxm1a	6.99969375231849e-16	0.609666242020852	0.168	0.052	1.01705550221188e-11
inka1a	8.2572256348222e-16	0.914476886522465	0.268	0.117	1.19977488473967e-11
sult6b1	8.91240798198829e-16	0.337871615017123	0.607	0.417	1.2949728797829e-11
barx1	9.54529352855642e-16	0.893940056715376	0.254	0.102	1.38693114969925e-11
lpl	1.18604645871537e-15	0.840560636369879	0.279	0.126	1.72332550451344e-11
hspb1	1.61652092379251e-15	1.0826120724182	0.689	0.497	2.34880490227052e-11
calhm2	2.2910622111494e-15	0.327466365568609	0.107	0.024	3.32891339280008e-11
capns1a	2.37617323731314e-15	0.665693908217014	0.5	0.328	3.45257971381599e-11
sesn1	2.48401991903459e-15	1.12372333983664	0.507	0.338	3.60928094235726e-11
hsp90aa1.2	2.81694006401438e-15	0.658971204895638	0.986	0.946	4.0930139130129e-11
acsf2	3.08011041313894e-15	0.49894498858137	0.189	0.067	4.47540043029088e-11
FQ323119.1	4.18583938084448e-15	0.534437742077038	0.139	0.04	6.08202462036703e-11
htra1a	5.37478883717652e-15	0.540786266482373	0.114	0.028	7.80956818041748e-11
tpm4b	5.40856850440737e-15	0.646257265511452	0.207	0.078	7.8586500369039e-11
fbxl7	8.4731948475283e-15	0.3658178289529	0.121	0.032	1.23115521134586e-10
foxd2	9.60534465157234e-15	0.490181308603496	0.132	0.037	1.39565657787346e-10
fibinb	1.22879854492021e-14	0.573699697427147	0.139	0.041	1.78544428576906e-10
gstm.3	1.26865033292109e-14	0.47091691304534	0.1	0.022	1.84334893373435e-10
sfrp1a	1.27633803280687e-14	0.610842781203169	0.179	0.062	1.85451916166839e-10
slc25a48	1.6212001283747e-14	0.41725860231029	0.104	0.024	2.35560378652844e-10
SERP1	2.51831411446383e-14	0.439305954440619	0.85	0.79	3.65911040831595e-10
dusp1	2.52696579897786e-14	1.15891408212008	0.407	0.254	3.67168130591483e-10
col11a1b	2.54249439824708e-14	0.537235384845245	0.229	0.093	3.694244360653e-10
sept10	2.67868018550351e-14	0.758074950574444	0.557	0.436	3.8921223095366e-10
zgc:174895	2.81041127070707e-14	0.321201038224113	0.114	0.029	4.08352757633737e-10
ms4a17a.7	3.08422953993455e-14	0.411245256688046	0.15	0.047	4.4813855215249e-10
foxd1	3.10588716060032e-14	0.738080683691221	0.182	0.066	4.51285404435227e-10
fibina	5.18180919594771e-14	0.685637211754372	0.346	0.188	7.52916876171203e-10
marcksl1a	6.50890616360106e-14	0.743857034324064	0.475	0.31	9.45744065571233e-10
ctnnb1	8.80109110065357e-14	0.501288825945812	0.825	0.726	1.27879853692496e-09
f10	9.72220373399492e-14	0.57670993759055	0.271	0.129	1.41263620254946e-09
sdc2	1.06343235795506e-13	0.523306157419331	0.211	0.086	1.54516721610870e-09
sntb2	1.11248022431923e-13	0.508679975475167	0.264	0.122	1.61643376593584e-09
zgc:162939	1.31058299602686e-13	0.821644290898626	0.268	0.125	1.90427709322703e-09
zgc:66433	1.5414740770423e-13	0.593875154703009	0.289	0.143	2.23976183394246e-09
eif1b	1.68156323724859e-13	0.395345287951322	0.971	0.959	2.4433113837222e-09
b2ml	1.7158680227078e-13	0.670684079371427	0.379	0.222	2.49315623699443e-09
ror2	1.7902301525883e-13	0.515915261714434	0.2	0.079	2.60120441171079e-09
LO018188.1	1.90163073119876e-13	0.722668466567086	0.261	0.123	2.76306945243179e-09
pon3.2.1	1.90988677386127e-13	0.480520897873539	0.182	0.067	2.77506548242042e-09
ehd2b	1.94051129455088e-13	0.472127754042435	0.186	0.067	2.81956291098243e-09
serpina10a	2.11338546940006e-13	0.468532381494594	0.221	0.091	3.07074908703829e-09
ptgs2a	2.17812012664608e-13	1.14282284768406	0.171	0.06	3.16480854401676e-09
rap1b	2.37572933339399e-13	0.552061878094233	0.604	0.471	3.45193472142147e-09
fam69c	3.33922919422415e-13	0.475414278507911	0.114	0.031	4.85190001920768e-09
slc16a10	3.83498849658555e-13	0.458807258504636	0.175	0.063	5.5722382855388e-09
arrdc3a	3.91224436269106e-13	0.778616059918071	0.532	0.396	5.68449105899011e-09
sri	5.09006780443484e-13	0.68714751119979	0.554	0.426	7.39586851984383e-09
si:dkey-16l2.20	5.3742892793845e-13	0.418611908788144	0.114	0.031	7.80884232294568e-09
si:rp71-36a1.2	5.80070795759311e-13	0.379032836531178	0.1	0.025	8.42842866238278e-09
zfyve21	1.28887070891662e-12	0.575886294777752	0.286	0.147	1.87272914005585e-08
irf2bpl	1.56044682143081e-12	0.836115421351783	0.489	0.351	2.26732923153897e-08
anxa11b	1.76327525960121e-12	0.546085994544441	0.636	0.51	2.56203895220055e-08
si:dkey-85k7.7	1.82518234624808e-12	0.515131274906261	0.143	0.047	2.65198994909846e-08
lhx8a	2.64267724899023e-12	0.491483162177919	0.125	0.038	3.8398100427828e-08
fxyd6l	3.94447092173940e-12	0.456635478144405	0.761	0.645	5.73131624928736e-08
ckap4	4.06879467951807e-12	0.508260617456362	0.475	0.297	5.91195866933976e-08
ier2b	4.76126268567667e-12	0.764430285560298	0.629	0.507	6.91811468228819e-08
ets2	7.25226077101337e-12	0.839369342752968	0.489	0.364	1.05375349002824e-07
zgc:158343	7.32541939954997e-12	0.369957322360454	0.711	0.552	1.06438343875461e-07
fam198a	9.45933255476438e-12	0.521970601471013	0.239	0.112	1.37444102020726e-07
zgc:153372	1.10213938158234e-11	0.459502888820703	0.175	0.069	1.60140852143915e-07
fkbp10b	1.43513954890707e-11	0.446670034426332	0.3	0.159	2.08525776456198e-07
rhag	1.64414618952492e-11	1.48464929053974	0.261	0.126	2.38894441337971e-07
tppp3	2.01477949774107e-11	0.923126610428381	0.161	0.061	2.92747461021777e-07
mycb	2.03562360362786e-11	0.688784165680535	0.529	0.386	2.95776109607128e-07
oser1	2.69662847428449e-11	0.611021041038284	0.646	0.563	3.91820117313537e-07
abhd14b	2.83465394373323e-11	0.309736202517539	0.125	0.041	4.11875218024438e-07
pdia3	3.02666184081095e-11	0.457798598692215	0.836	0.765	4.39773965469831e-07
znf362b	3.25992979876367e-11	0.339645992924558	0.139	0.049	4.73667799760362e-07
artnb	4.09406033540152e-11	0.408280021333533	0.111	0.033	5.9486696673384e-07
aldh1a2	5.48402689912324e-11	1.14991241312012	0.189	0.08	7.96829108442607e-07
si:dkey-12l12.1	7.71288158116779e-11	0.713528228601528	0.129	0.043	1.12068169374368e-06
pim2	7.93005593533983e-11	0.728578874811338	0.393	0.256	1.15223712740488e-06
tox	1.29563847751077e-10	0.66879436543779	0.364	0.23	1.88256270782314e-06
bckdhbl	1.41320305856896e-10	0.397316459866534	0.164	0.066	2.0533840441007e-06
lhx6	1.89366350417264e-10	0.470726334100842	0.204	0.093	2.75149307156285e-06
fgf10a	2.03902252947728e-10	0.59728927272572	0.146	0.056	2.96269973533049e-06
tnfrsf19	2.68905629887183e-10	0.340173691105283	0.1	0.03	3.90719880226077e-06
krt18b	2.95010796899892e-10	0.522327918034324	0.361	0.216	4.28650687895544e-06
tmeff2a	3.61478745689377e-10	0.721958094225692	0.157	0.064	5.25228617486665e-06
meis1a	4.41644697323697e-10	0.536934927673684	0.336	0.202	6.41709745211331e-06
pdk2b	6.23733656297381e-10	0.46802641621785	0.354	0.206	9.06285002600095e-06
dusp8a	7.8476430279767e-10	0.662529081147751	0.204	0.098	1.14026253196501e-05
emp2	8.29323679771118e-10	0.347820523637809	0.157	0.064	1.20500730670743e-05
romo1	9.1695655600604e-10	0.410150617065896	0.796	0.774	1.33233787587678e-05
tpm4a	9.54665631174055e-10	0.300842939397627	0.739	0.56	1.3871291620959e-05
twist1a	9.84858457277126e-10	0.703444909176081	0.543	0.393	1.43099933842366e-05
nid1b	9.91631492463918e-10	0.459800510494796	0.189	0.086	1.44084055855007e-05
twsg1a	1.08704758958923e-09	0.36710362746983	0.182	0.081	1.57948014767316e-05
CT030188.1	1.09487982982434e-09	0.363731145076596	0.157	0.065	1.59086039273476e-05
anxa4	1.39254693384326e-09	0.424559578851027	0.471	0.335	2.02337069487425e-05
rybpb	1.39588177825122e-09	0.471195432808485	0.243	0.127	2.02821622379902e-05
rbpms2a	1.54138129631215e-09	0.305457121495888	0.1	0.031	2.23962702354156e-05
ppap2d	1.70833710463625e-09	0.398489454423953	0.161	0.068	2.48221381303647e-05
calua	1.76358298509435e-09	0.474518599885398	0.543	0.403	2.56248607734209e-05
glud1a	1.78475653285815e-09	0.462133227034472	0.307	0.181	2.5932512422429e-05
ccl25b	2.49368219738944e-09	1.71707019934311	0.125	0.046	3.62332023280685e-05
calub	2.70125405132376e-09	0.537893194223301	0.375	0.255	3.92492213657343e-05
dnmt3ab	3.21059747391854e-09	0.443629598637015	0.246	0.131	4.66499812960364e-05
vasna	3.32510179016539e-09	0.397628124987204	0.168	0.075	4.83137290111031e-05
fkbp9	3.3585002166462e-09	0.537550165827716	0.536	0.41	4.87990081478693e-05
hvcn1	4.80095561463015e-09	0.428609073870348	0.3	0.179	6.97578850805761e-05
hoxb5a	5.48321332926881e-09	0.414129260750512	0.346	0.209	7.96710896742759e-05
ctdspla	5.80295400120991e-09	0.551528336221136	0.318	0.2	8.43169216375801e-05
si:ch211-133n4.4	1.07285254914417e-08	0.518907143481375	0.493	0.399	0.000155885475390648
ppp1r13l	1.08411311589605e-08	0.357753860136618	0.157	0.069	0.000157521635739696
tmtc1	1.69130134184415e-08	0.355618583134643	0.1	0.034	0.000245746084969956
atoh8	1.69234254661808e-08	0.444515429350863	0.275	0.158	0.000245897372023607
col12a1a	1.83146382804721e-08	0.561791970918667	0.246	0.139	0.00026611169421526
CTBP1	1.845999643022e-08	0.415018534008298	0.296	0.18	0.000268223748131097
serinc2	1.91488119994724e-08	0.451922945869755	0.314	0.196	0.000278232238352333
fthl27	2.18420518193087e-08	0.346828341660411	0.986	0.96	0.000317365012934556
bambib	2.3214212140451e-08	0.601980064184352	0.182	0.088	0.000337302502400753
six1a	2.41529618075097e-08	0.673057112897108	0.293	0.18	0.000350942535063116
ahnak	2.78403541686436e-08	0.381467388915429	0.336	0.215	0.000404520346070391
si:ch211-161c3.6	2.82838558315e-08	0.290626204708027	0.132	0.053	0.000410964425231695
trabd2b	2.96129284337965e-08	0.318219488379888	0.107	0.039	0.000430275850143063
snai2	3.0763178400852e-08	0.67123860044469	0.336	0.216	0.00044698898216438
agmo	3.11362064577466e-08	0.327368580759591	0.146	0.062	0.000452409079831058
lgals3b	3.42307675616118e-08	0.57276011664001	0.318	0.208	0.000497373052670219
clk4a	4.11542177869975e-08	0.54794869577293	0.536	0.455	0.000597970784445074
selenow1	5.64827694035119e-08	0.397592928090067	0.621	0.544	0.000820694639433028
ahr2	7.5522707902794e-08	0.36591548928512	0.171	0.083	0.0010973449458276
ctgfa	8.67199529430505e-08	0.92912172857276	0.429	0.306	0.00126004091626252
si:dkeyp-44a8.4	9.43273495453503e-08	0.627861945869703	0.175	0.087	0.00137057638889394
vasnb	1.00498850871658e-07	0.334053721176161	0.139	0.06	0.00146024830316519
homer3b	1.27010344854688e-07	0.428249546086539	0.25	0.148	0.00184546031073861
xirp2a	1.30140538339537e-07	0.333202705566263	0.171	0.083	0.00189094202207348
mmp14b	1.54560034182243e-07	0.425512646953668	0.196	0.104	0.002245757296668
shc1	1.65650025836099e-07	0.311680390338115	0.118	0.048	0.00240689487539852
CABZ01080568.1	1.75805945473932e-07	0.545552267427038	0.568	0.478	0.00255446038773623
sgce	1.84992343208755e-07	0.453577642968879	0.379	0.272	0.00268793874682321
twist3	1.8595438802363e-07	0.702220403576989	0.179	0.092	0.00270191725798334
micu2	1.90331368906427e-07	0.292147717170407	0.114	0.046	0.00276551479021038
anxa11a	1.9463359763737e-07	0.388423033362165	0.486	0.381	0.00282802617367098
nr1d2b	2.11926646236422e-07	0.306332919718695	0.125	0.053	0.00307929416981522
lbx2	2.29344809366694e-07	0.613821342019664	0.121	0.051	0.00333238008009806
mhc1zba	2.40129535255246e-07	0.390719668237531	0.182	0.093	0.00348908214725873
errfi1a	2.8178151373585e-07	0.54922726406422	0.218	0.123	0.0040942853945819
spry2	3.64750570281452e-07	0.491606858321822	0.368	0.264	0.0052998257861895
socs1a	3.92349064688493e-07	0.40533171087544	0.136	0.061	0.0057008319099238
hspa12a	3.92906662034057e-07	0.27982347078463	0.114	0.047	0.00570893379935484
atf3	3.98003352716671e-07	0.818284785840065	0.736	0.689	0.00578298871497324
sgcd	4.36499732685228e-07	0.362347274662214	0.171	0.087	0.00634234111591637
si:ch211-204a13.2	5.21414465448388e-07	0.386110683966408	0.136	0.062	0.00757615218296508
proza	5.25089495378486e-07	0.399469689649981	0.3	0.197	0.00762955036784941
creg2	5.70886884374606e-07	0.435515898266442	0.261	0.163	0.00829498642996303
gadd45bb	6.35648584107542e-07	0.987704997325052	0.504	0.436	0.00923597392708258
rasl11b	7.52109783654306e-07	0.386171366114724	0.111	0.046	0.0109281551564971
gadd45ba	7.61273203044151e-07	0.573414292736101	0.643	0.598	0.0110612996402315
isl2a	7.77161440722854e-07	0.458894249619431	0.1	0.04	0.0112921557337031
wu:fc21g02	9.05498128636327e-07	0.457185849263771	0.307	0.209	0.0131568878090858
dicer1	9.071966073609e-07	0.378577433259086	0.15	0.074	0.0131815667049539
mfge8a	1.21164333167295e-06	0.290494274612236	0.1	0.04	0.017605177609208
hspbp1	1.29697239264474e-06	0.861121342889879	0.511	0.426	0.0188450088651281
sult1st1	1.4981780170173e-06	0.378163055934207	0.211	0.122	0.0217685265872614
pik3r3a	1.68264559951828e-06	0.400746337046564	0.193	0.109	0.0244488405610007
zgc:153867	1.90789779866174e-06	0.389087330765548	0.889	0.84	0.0277217550145551
nck1a	1.93109245250035e-06	0.495974944814736	0.293	0.199	0.0280587733348301
msx3	2.04596096848858e-06	0.416905922828307	0.15	0.073	0.0297278128721391
rnd3a	2.37856481250112e-06	0.538882819118178	0.425	0.326	0.0345605467256413
tnfaip6	2.64917325873916e-06	0.594328211047976	0.207	0.118	0.03849248744948
prelid3b	2.77431712429455e-06	0.403606115275445	0.646	0.638	0.0403108278159998
znf395b	2.95272308059186e-06	0.329622742615829	0.207	0.118	0.0429030663609998
ctbp2a	3.13949832372386e-06	0.383761729062215	0.279	0.188	0.0456169106437076
