gene	p_val	avg_log2FC	pct.1	pct.2	p_val_adj
dut	4.16676033777606e-51	1.53451967765391	0.877	0.264	6.05430277078862e-47
mcm5	3.79289415569235e-45	1.06450036728325	0.698	0.168	5.51107520822098e-41
mcm6	4.36453859729152e-43	1.1637549390461	0.736	0.203	6.34167458186457e-39
hoxa2b	1.70199722533999e-41	0.867101433501335	0.481	0.087	2.473001968419e-37
stmn1a	2.53751042505524e-39	1.296478988381	0.953	0.395	3.68700264760526e-35
mcm2	4.58114462637411e-38	1.10409161168501	0.726	0.211	6.65640314212158e-34
cirbpa	5.85389807728996e-37	1.12684038603478	0.991	0.941	8.5057139063023e-33
mcm3	1.09000475546957e-36	0.956822276927158	0.604	0.146	1.58377690969728e-32
pcna	1.35293357268154e-36	1.58653375556302	0.877	0.381	1.96581248110628e-32
cdca7a	5.85298836537843e-36	1.17899735648255	0.613	0.161	8.50439209489486e-32
mcm4	1.39060633792197e-35	0.993970599254835	0.774	0.243	2.02055100900062e-31
rpa3	2.61581256780925e-34	1.02458573832589	0.84	0.296	3.80077566102683e-30
hmgb2b	4.16524191395802e-34	1.30315325617942	1	0.802	6.052096500981e-30
hells	6.06812949251322e-34	0.676033739030192	0.434	0.082	8.81699215262171e-30
snrpg	1.05503280725243e-33	1.13498228741053	0.962	0.551	1.53296266893778e-29
gins2	1.80549560331278e-33	0.583540119245414	0.491	0.102	2.62338511161347e-29
si:ch211-222l21.1	4.61237599654708e-33	1.23013077509007	1	0.828	6.70178232298291e-29
TXN	8.00695717979324e-33	0.919556821692141	1	0.916	1.16341087822396e-28
ran	9.666694129715e-31	0.838432047634293	1	0.967	1.40457065704759e-26
rps3a	2.26439811294997e-30	0.575004844715254	1	0.998	3.29017045811631e-26
lig1	1.34393090833427e-29	0.99293967478257	0.708	0.231	1.95273160980969e-25
rpa2	1.76804264622545e-29	1.00394140196327	0.755	0.262	2.56896596496557e-25
prrx1b	2.87045577180712e-29	1.11319390636787	0.67	0.211	4.17077223643574e-25
hmgb2a	3.70486575510858e-29	1.18999909489114	0.991	0.903	5.38316994217276e-25
cdc6	6.85529067997586e-29	0.568556241209601	0.396	0.08	9.96073735800492e-25
hnrnpabb	8.04751228844739e-29	1.02430590250828	0.981	0.794	1.16930353551141e-24
snrpd2	1.05079219136899e-28	0.960025702359654	0.981	0.651	1.52680105405914e-24
nasp	1.38893138136646e-28	1.04436131737932	0.708	0.252	2.01811729712547e-24
snrpb	1.63309313527104e-28	0.95765844265213	0.981	0.732	2.37288432554882e-24
pa2g4a	3.89514674047143e-28	0.999477075484761	0.821	0.361	5.65964821390499e-24
rrm2.1	4.12539675673009e-28	0.991250930444357	0.632	0.187	5.99420148752882e-24
c1qbp	6.83361936402463e-28	0.746262758746099	0.651	0.202	9.92924893592779e-24
hmga1a	7.13096787784677e-28	1.06224708001846	1	0.884	1.03612963265114e-23
tma7	9.83086860698813e-28	0.989337508243191	0.972	0.72	1.42842520859538e-23
slbp	1.26939951514268e-27	0.796572734621304	0.557	0.154	1.84443749550231e-23
fen1	2.4206372441173e-27	0.921667981270186	0.679	0.222	3.51718591570243e-23
asf1ba	2.96090046803552e-27	0.771252867504965	0.528	0.142	4.30218838005561e-23
sumo3b	3.70692390924515e-27	1.06479265363751	0.906	0.523	5.3861604401332e-23
ssrp1a	4.9203885649724e-27	0.896832120508288	0.708	0.258	7.1493245849049e-23
hnrnpa0l	5.98119112333405e-27	0.824815796022597	1	0.936	8.69067070220438e-23
rpl13a	8.54063413279455e-27	0.6110447789089	1	0.996	1.24095413949505e-22
h2afvb	1.91209010976946e-26	0.904553526210318	1	0.892	2.77826692949502e-22
rps9	2.89059485531077e-26	0.507278887486271	1	0.999	4.20003432476655e-22
rps27a	4.03907233631338e-26	0.513291443784341	1	0.998	5.86877210466335e-22
khdrbs1a	4.17208506684505e-26	0.824250150040276	0.991	0.924	6.06203960212586e-22
tuba8l4	7.01048880467681e-26	1.13883022025665	0.962	0.661	1.01862402331954e-21
sub1a	7.25598138071102e-26	0.973745618123608	0.953	0.698	1.05429409461731e-21
rpl21	1.47406009426877e-25	0.534423214413223	1	0.998	2.14180931697253e-21
eif5a2	5.64418051331628e-25	0.865731190309668	0.962	0.841	8.20099428584856e-21
snrpd1	6.15188720676994e-25	0.925232480865738	0.943	0.574	8.93869211143672e-21
rpl17	6.75497692399427e-25	0.523737689588226	1	0.998	9.81498147056368e-21
rpl23	6.8999458573889e-25	0.507345547599999	1	0.999	1.00256213307861e-20
cirbpb	7.23402633591822e-25	0.741578643817671	1	0.986	1.05110402660892e-20
rps8a	9.45757477329643e-25	0.474230039398705	1	0.998	1.37418561455997e-20
rps23	1.36132450463552e-24	0.517522163590243	1	0.996	1.97800450523541e-20
gar1	2.30847832135873e-24	0.831200951463847	0.679	0.256	3.35421900093423e-20
si:ch73-281n10.2	2.69936423382107e-24	0.983115457377019	0.991	0.849	3.92217623174202e-20
rpl9	3.27562294308073e-24	0.482885708227133	1	0.998	4.75948013629631e-20
rpl26	3.41940111008806e-24	0.636602804599498	0.66	0.213	4.96838981295795e-20
snu13b	4.26973831458096e-24	1.07308887682893	0.858	0.453	6.20392977108613e-20
rps14	6.97289392190853e-24	0.516691671590878	1	0.998	1.01316148685331e-19
rpl23a	8.35705524343096e-24	0.544628198733407	1	0.995	1.21428012687052e-19
hmgn2	1.03143340927916e-23	0.951879015658698	1	0.958	1.49867274368261e-19
twist1b	1.11144211027486e-23	0.907379781353273	0.726	0.272	1.61492538622938e-19
ddx39ab	6.37094974452188e-23	0.862240877021922	0.943	0.607	9.2569899787903e-19
rps11	7.28531226450582e-23	0.487290593929107	1	0.998	1.0585558720327e-18
cyyr1	9.41651411696346e-23	0.761970304440427	0.632	0.22	1.36821950119479e-18
rpl10a	9.49906500165049e-23	0.482750230488748	1	0.997	1.38021414473982e-18
setb	1.04185667940139e-22	0.95040042290098	0.953	0.769	1.51381775517022e-18
si:dkey-16p21.8	1.10806558737275e-22	0.800827520521887	0.726	0.294	1.6100192984526e-18
srsf2a	1.64628008463272e-22	0.903064664056282	0.943	0.578	2.39204496297135e-18
rplp2l	1.64850144434872e-22	0.455991021082658	1	0.998	2.39527259863868e-18
rpl5b	2.38727964889492e-22	0.568240044123143	1	0.973	3.46871732984433e-18
rpl4	2.98744771836136e-22	0.537100548971408	1	0.989	4.34076153477905e-18
rps3	3.14422198784508e-22	0.511556955186606	1	0.997	4.5685545483389e-18
si:ch211-156b7.4	3.68014327639291e-22	0.799289766120063	0.575	0.187	5.3472481805989e-18
rrm2	3.68544912790964e-22	0.800850939387949	0.557	0.177	5.3549575828527e-18
taf15	6.36752117175994e-22	0.870944016300693	0.906	0.538	9.25200826256719e-18
fibina	7.77281197878117e-22	0.643437381734841	0.585	0.189	1.1293895805169e-17
rps7	8.90080575431954e-22	0.421671368046904	1	0.998	1.29328707610263e-17
rps10	8.91953907259371e-22	0.4878193656422	1	0.996	1.29600902724787e-17
inip	9.2668350805692e-22	0.634359195785495	0.689	0.251	1.3464711372067e-17
rbbp4	1.0676820743143e-21	0.942041896460966	0.83	0.408	1.55134205397868e-17
rfc2	1.25234904818851e-21	0.539082411985048	0.472	0.132	1.81966316701791e-17
ahcy	3.0962292394388e-21	0.829696454419929	0.953	0.592	4.49882108490458e-17
pclaf	3.33281806634564e-21	0.820101378616919	0.509	0.158	4.84258465040021e-17
rrm1	4.56756742648481e-21	0.626642023547637	0.642	0.223	6.63667547068243e-17
lsm8	4.84115799796387e-21	0.780536069752774	0.849	0.407	7.0342025710415e-17
abcf1	5.44477803751856e-21	0.887952412268892	0.783	0.383	7.91126248851447e-17
rpl13	6.39450322806455e-21	0.486065554225694	1	0.996	9.29121319037779e-17
rnaseh2b	8.89658331948524e-21	0.462707342794298	0.377	0.092	1.29267355632121e-16
rps4x	1.14509053298069e-20	0.42156379655058	1	0.998	1.66381654442095e-16
snrpf	1.3650082760054e-20	0.849828605978887	0.953	0.607	1.98335702503585e-16
parp1	1.51108426143365e-20	0.621727475925802	0.491	0.146	2.19560543186309e-16
rps24	2.10018029847459e-20	0.439133960181338	1	0.998	3.05156197368358e-16
pmp22a	2.15972139809682e-20	0.966468839526752	0.981	0.635	3.13807519143467e-16
eny2	2.49730194516787e-20	0.7618694037756	0.83	0.389	3.62857972632891e-16
meis1a	2.95529290974603e-20	0.72122901422479	0.575	0.202	4.29404059786098e-16
ccnd1	2.98310743040992e-20	0.818371531121749	0.792	0.356	4.33445509638561e-16
foxd1	3.34126539985945e-20	0.360936369722548	0.311	0.067	4.85485862599578e-16
chaf1a	6.73355884788545e-20	0.735894580649233	0.604	0.211	9.78386100597756e-16
rpa1	6.82649134301247e-20	0.631366881458422	0.679	0.252	9.91889192139711e-16
ybx1	9.57472808007158e-20	0.462259071969791	1	0.998	1.3912079900344e-15
ranbp1	1.07230173518303e-19	0.816070811736588	0.877	0.53	1.55805442122094e-15
dnajc9	1.09955603889581e-19	0.661943477705663	0.585	0.204	1.59765492451562e-15
rpl38	1.50292621605951e-19	0.510214208182116	0.991	0.988	2.18375179193447e-15
uhrf1	1.98967395462256e-19	0.514189823719364	0.472	0.143	2.89099625606658e-15
orc6	3.97904212438533e-19	0.418953539572373	0.387	0.102	5.78154820673188e-15
nucks1a	4.284043308439e-19	0.836535590315223	0.962	0.721	6.22471492716187e-15
smad6a	5.21124964437475e-19	0.585472184401431	0.396	0.111	7.57194573327652e-15
pa2g4b	6.98276251131682e-19	0.712768373755644	0.849	0.445	1.01459539289433e-14
hmgn6	9.53548698753845e-19	0.619545824313808	0.991	0.857	1.38550625928934e-14
atic	9.6855823387508e-19	0.393982147261612	0.358	0.091	1.40731511382049e-14
apex1	1.30554320209465e-18	0.754764597925134	0.755	0.353	1.89695427264353e-14
rpl10	1.38285651551734e-18	0.346408863981606	1	0.999	2.00929051704669e-14
rps25	1.74920069181519e-18	0.456748097623906	1	0.996	2.54158860520747e-14
seta	4.31333573060959e-18	0.808735508518608	0.962	0.77	6.26727681657573e-14
ccne2	4.5959761104731e-18	0.31789962612241	0.217	0.039	6.67795328851741e-14
sae1	5.96087843354685e-18	0.744657361719389	0.632	0.274	8.66115636394357e-14
ppm1g	6.4690307862587e-18	0.694369207758131	0.698	0.302	9.3995017324339e-14
rps13	7.58656145389302e-18	0.372606188515327	1	0.999	1.10232737925066e-13
rpl15	8.27366281456929e-18	0.366989070438728	1	0.999	1.20216320695692e-13
atp5mc3a	9.82827578499137e-18	0.802583471307099	0.915	0.669	1.42804847155925e-13
si:dkey-102m7.3	1.10771108324788e-17	0.663960990644678	0.585	0.221	1.60950420395917e-13
h3f3b.1	1.16438746529755e-17	0.645006991515066	0.991	0.896	1.69185498707735e-13
rpl24	1.29670237711245e-17	0.38012452727615	1	0.999	1.88410855394439e-13
ptges3b	1.58026687020165e-17	0.73468242351485	0.877	0.518	2.29612776240299e-13
fbl	1.62400464064165e-17	0.797251661798062	0.774	0.382	2.35967874285231e-13
txnipa	1.6886869636172e-17	0.786836363171802	0.774	0.376	2.45366215813579e-13
rcc1	1.71671224873256e-17	0.479514560758155	0.396	0.115	2.49438289740841e-13
snrpe	1.95789381051892e-17	0.705248982201294	0.934	0.615	2.84481970668398e-13
anp32b	2.03236246782307e-17	0.763011234904354	0.896	0.577	2.95302266574693e-13
zgc:162816	2.14328083215549e-17	0.325112961942995	0.264	0.057	3.11418704912193e-13
ppa1b	2.80179802324447e-17	0.687904266154449	0.906	0.545	4.07101252777421e-13
snrpa1	3.72148076336827e-17	0.731646109854551	0.726	0.347	5.4073115491741e-13
supt16h	3.77064939769144e-17	0.610260648094477	0.575	0.213	5.47875357484567e-13
itpa	4.26800351390151e-17	0.511908361546842	0.538	0.19	6.20140910569889e-13
rps6	4.36340996346473e-17	0.340001132258672	1	0.999	6.34003467691426e-13
rps26l	5.21246713009821e-17	0.429049691224491	1	0.995	7.57371474003269e-13
polr2h	5.68880936105736e-17	0.471211591171221	0.509	0.172	8.26584000161634e-13
rpl18a	5.75212997252921e-17	0.334735435279119	1	1	8.35784485008494e-13
nop56	7.65508150602849e-17	0.777766539658007	0.821	0.453	1.11228334282594e-12
ppih	7.82848745030409e-17	0.570506810220351	0.642	0.262	1.13747922652918e-12
tnc	9.8064209740047e-17	0.534086984286616	0.415	0.123	1.42487296752288e-12
junbb	1.16666528679381e-16	0.751631417995822	0.745	0.367	1.69516466171141e-12
hnrnpa1b	1.41190098015805e-16	0.716438078886327	0.906	0.622	2.05149212416965e-12
rps15	1.44016929747536e-16	0.342096281542748	1	0.998	2.0925659892317e-12
rpl30	1.53933145450545e-16	0.393941835047625	1	0.996	2.23664860339642e-12
mab21l2	1.57038870519454e-16	0.301216215355309	0.632	0.249	2.28177478864767e-12
rpl12	1.58189275294929e-16	0.473786754119742	1	0.997	2.29849017003531e-12
rplp0	1.83388961570462e-16	0.356460536875751	0.991	1	2.66464161161881e-12
mcmbp	2.20684992985772e-16	0.372593598900083	0.34	0.092	3.20655294808326e-12
rpl5a	2.22760390164958e-16	0.479354504657042	0.991	0.964	3.23670846909684e-12
srsf1a	2.73299231562032e-16	0.710160195789165	0.792	0.401	3.97103783459632e-12
rps15a	3.23410073467934e-16	0.342200346506258	1	0.999	4.69914836748908e-12
pold2	3.68291782448431e-16	0.352383731048592	0.255	0.057	5.3512795989757e-12
nutf2l	3.86477431797337e-16	0.712155884608639	0.755	0.367	5.61551708401531e-12
dkc1	3.96525592045159e-16	0.626233594372886	0.689	0.289	5.76151685241616e-12
rpl7a	4.7617909579724e-16	0.335464673730647	1	1	6.91888226193389e-12
snrpc	5.37747909321648e-16	0.648565000281528	0.849	0.467	7.81347712244354e-12
si:dkey-239h2.3	7.78940319606242e-16	0.494486561519426	0.604	0.233	1.13180028438787e-11
lsm7	7.81269123201136e-16	0.68170886850512	0.877	0.541	1.13518403601125e-11
atp5if1a	9.25878507052675e-16	0.674953360784828	0.877	0.516	1.34530147074754e-11
cx43.4	1.26802593058358e-15	0.699934144735734	0.745	0.34	1.84244167713794e-11
six1b	1.85311458732104e-15	0.664172974686238	0.443	0.15	2.69257549537746e-11
adgre10	1.94358689694425e-15	0.713345129563753	0.16	0.027	2.82403176126e-11
rpe	2.25204039992198e-15	0.550649835796175	0.632	0.269	3.27221470108664e-11
prrx1a	2.67969193603068e-15	0.401880066375485	0.67	0.267	3.89359238305258e-11
twist1a	3.06001727788052e-15	0.367419530633144	0.83	0.392	4.44620510476039e-11
magoh	3.41384287458669e-15	0.709065316017724	0.811	0.437	4.96031369677446e-11
h2afva	3.94476453890231e-15	0.631524320447416	0.943	0.679	5.73174287502506e-11
rfc3	5.72358375121681e-15	0.482301690175548	0.472	0.169	8.31636719051802e-11
rps12	5.9399586531647e-15	0.342712066532129	1	0.999	8.63075992304831e-11
faua	6.23764458110299e-15	0.325983887906356	1	0.997	9.06329757634264e-11
bysl	7.42389444546073e-15	0.502730588748795	0.594	0.236	1.07869186292544e-10
sf3b5	7.68255705011755e-15	0.640328513117019	0.783	0.444	1.11627553938208e-10
phf5a	8.97414253974146e-15	0.637897736804341	0.755	0.378	1.30394291102443e-10
dlx2a	1.00530603593008e-14	0.668656850031926	0.406	0.134	1.4607096702064e-10
rpl14	1.08411240792508e-14	0.470563518553045	0.991	0.966	1.57521532871515e-10
rplp1	1.09314200408546e-14	0.303280047832811	1	0.999	1.58833533193618e-10
rpl18	1.09912534973753e-14	0.296253044475128	0.991	0.999	1.59702913316863e-10
gpatch4	1.22586764100792e-14	0.274097597393993	0.302	0.079	1.78118568238451e-10
znf503	1.54476738789725e-14	0.344309212170826	0.34	0.097	2.24454701461471e-10
rpl36a	1.63737002087929e-14	0.366374294724299	1	0.998	2.3790986403376e-10
eif2s1a	1.70458681290313e-14	0.58935854002315	0.689	0.313	2.47676463914826e-10
cad	1.74105254676372e-14	0.307710097303939	0.236	0.055	2.52974935044769e-10
rpl11	1.89335168249625e-14	0.368160749634868	1	0.999	2.75103999466704e-10
prim2	2.2352805112315e-14	0.426259425362458	0.406	0.134	3.24786258281938e-10
rpl28	2.54183246455214e-14	0.351520652932243	1	0.998	3.69328257099426e-10
eef1b2	2.65368532596774e-14	0.400361890071515	1	0.996	3.85580477863112e-10
uba52	2.70099902072537e-14	0.457575623919293	1	0.982	3.92455157711396e-10
lta4h	3.12358260780884e-14	0.438695683062328	0.358	0.115	4.53856552914624e-10
rpl31	4.07660852446027e-14	0.442597736405669	1	0.993	5.92331218604078e-10
cdca7b	4.2050877003286e-14	0.508560325085422	0.491	0.18	6.10999242857746e-10
khsrp	4.39373933050282e-14	0.759606966406779	0.774	0.436	6.3841032472206e-10
rpl27	4.67099892315209e-14	0.366632350177504	1	0.997	6.78696143533998e-10
zgc:56699	5.10520722040525e-14	0.459957807232511	0.321	0.096	7.41786609124883e-10
eef1akmt1	5.50739639586456e-14	0.362748893474773	0.311	0.089	8.00224696319121e-10
fkbp3	5.70037282658629e-14	0.587359547876975	0.943	0.573	8.28264171702988e-10
psma3	6.54825969595347e-14	0.622992745738084	0.925	0.644	9.51462133822039e-10
six1a	7.22151698869163e-14	0.587296966875865	0.481	0.18	1.04928641845689e-09
rps18	7.90234182544985e-14	0.330480700464165	1	0.997	1.14821026723786e-09
hdac1	9.38992479165316e-14	0.578119234144302	0.962	0.762	1.3643560722272e-09
si:ch211-131k2.3	9.44593835631113e-14	0.984115094733266	0.368	0.121	1.37249484317201e-09
ilf2	9.88544440214046e-14	0.634819668007177	0.915	0.707	1.43635507163101e-09
rcc2	1.05820201412869e-13	0.607948295017419	0.745	0.391	1.53756752652899e-09
npm3	1.10245010881192e-13	0.53709130265041	0.66	0.299	1.60186000810371e-09
polr2f	1.42674888561952e-13	0.565475703976909	0.764	0.38	2.07306613080517e-09
rpl22l1	1.70478942266011e-13	0.457117129825804	0.991	0.953	2.47705903112513e-09
si:ch211-284b7.3	1.87539961578884e-13	0.504059254590605	0.642	0.284	2.72495564174118e-09
rps16	1.97849058268346e-13	0.291111183858225	1	0.999	2.87474681663906e-09
mt-nd5	1.9816803591824e-13	0.572456935921614	0.519	0.206	2.87938156189203e-09
hsd11b2	2.17341810112782e-13	0.36573106019663	0.245	0.061	3.15797650093873e-09
serbp1a	2.19151484228182e-13	0.533102304942456	0.991	0.924	3.18427106583549e-09
rps29	2.2259939519154e-13	0.366107978456889	1	0.995	3.23436921213307e-09
hnrnpl	2.27477646632155e-13	0.581894369283807	0.84	0.487	3.30525020556521e-09
si:ch211-114n24.6	2.40641241361092e-13	0.549907653456265	0.292	0.087	3.49651723697666e-09
rps5	2.41390029623792e-13	0.315900654179546	1	0.998	3.50739713043369e-09
lsm3	2.64036229188273e-13	0.591529945257468	0.783	0.433	3.8364464101056e-09
shmt1	2.8920450410509e-13	0.477724093165269	0.443	0.164	4.20214144464696e-09
hnrnpaba	3.46451669448582e-13	0.481131396313064	1	0.922	5.0339427570879e-09
adssl	3.5912092314858e-13	0.591286238314361	0.557	0.243	5.21802701334886e-09
tsr2	4.15917425965969e-13	0.382272245875601	0.462	0.17	6.04328019928554e-09
rpl8	4.30046509691971e-13	0.281691147718554	1	1	6.24857578582433e-09
exosc5	4.51444293789868e-13	0.365318832842628	0.396	0.133	6.55948558876679e-09
chrac1	5.22871594612169e-13	0.471603624262732	0.66	0.286	7.59732426971482e-09
sephs1	5.86017957642479e-13	0.417788050748004	0.491	0.187	8.51484092454521e-09
prpf39	7.70525384669156e-13	0.539946794858435	0.679	0.316	1.11957338392428e-08
orc4	7.7813756148372e-13	0.548978981647518	0.377	0.133	1.13063387683584e-08
si:ch211-288g17.3	7.9336647395368e-13	0.540880226140152	0.972	0.689	1.1527614866547e-08
msh2	8.17609193579922e-13	0.354965674000513	0.321	0.098	1.18798615827163e-08
cct3	8.59922286423343e-13	0.541680936166216	0.953	0.72	1.24946708217312e-08
hat1	1.19759672504947e-12	0.358231860590044	0.406	0.141	1.74010804149688e-08
asf1bb	1.19845347649737e-12	0.475765481425624	0.538	0.216	1.74135290135067e-08
mrps25	1.22249495469452e-12	0.532086375161532	0.689	0.324	1.77628516917113e-08
npm1a	1.24843940831874e-12	0.698027668230921	0.736	0.411	1.81398246028713e-08
hirip3	1.30264244743273e-12	0.44283135757843	0.481	0.187	1.89273947611975e-08
mettl1	1.39148442807319e-12	0.288370694365679	0.245	0.065	2.02182687399035e-08
chchd4a	1.40946856275499e-12	0.300627089907999	0.236	0.061	2.047957821683e-08
rnaseh2a	1.46050268612825e-12	0.441091945692608	0.472	0.183	2.12211040294434e-08
ubr7	1.65533241479851e-12	0.430360552484729	0.519	0.207	2.40519799870223e-08
six4a	1.69570966970847e-12	0.298049600127306	0.34	0.105	2.4638661500864e-08
nop16	1.72301539493337e-12	0.373831162685677	0.462	0.172	2.50354136883819e-08
uchl5	1.84837828495304e-12	0.478482556549898	0.575	0.254	2.68569364803677e-08
nop58	1.93252578964278e-12	0.614714355699914	0.698	0.373	2.80795997235096e-08
ppp1r3b	1.95638671616215e-12	0.391687316397401	0.274	0.079	2.8426298985836e-08
hnrnpub	1.95769422575867e-12	0.56699351340375	0.802	0.458	2.84452971002735e-08
fosab	2.15708545176568e-12	0.291981948468782	0.981	0.853	3.13424516141554e-08
nucks1b	2.2531560194462e-12	0.441684927253009	0.774	0.377	3.27383569625532e-08
pole4	2.39900577834168e-12	0.488141967830201	0.604	0.269	3.48575539593046e-08
nhp2	2.84337293462693e-12	0.534738461966629	0.651	0.307	4.13142087401293e-08
rfc4	3.16199969179948e-12	0.563606749390208	0.519	0.22	4.59438555218465e-08
tubb2b	3.71060809178393e-12	0.552085544535122	0.953	0.707	5.39151355736205e-08
LO018188.1	4.2709778490203e-12	0.44721051418654	0.368	0.126	6.20573081462649e-08
hnrnpa0b	5.28288424285636e-12	0.589031810630775	0.981	0.832	7.67603080487028e-08
sf3b4	5.41427194300672e-12	0.517176074742662	0.66	0.317	7.86693713318876e-08
bop1	6.1852537366296e-12	0.302455489981681	0.236	0.063	8.98717367932281e-08
pin4	6.27067132416684e-12	0.439754015395934	0.491	0.194	9.11128543401442e-08
rbm4.3	6.44072695492919e-12	0.557860047554433	0.953	0.749	9.35837626551211e-08
rbb4l	6.95899843350819e-12	0.526364521788685	0.689	0.348	1.01114247238874e-07
zgc:56676	8.95744111710904e-12	0.561037388815904	0.764	0.44	1.30151619431594e-07
polr2i	9.07095381800222e-12	0.540497892520885	0.566	0.258	1.31800958975572e-07
rpl35	9.09747878779734e-12	0.308525440230157	1	0.999	1.32186366786695e-07
bxdc2	9.30061945332185e-12	0.497878359528167	0.5	0.209	1.35138000656766e-07
anp32a	9.35002886138767e-12	0.554462695401117	0.962	0.751	1.35855919355963e-07
prpf19	9.65910940007269e-12	0.490027994781747	0.528	0.22	1.40346859583056e-07
rps19	1.07797859375123e-11	0.285846727749201	1	0.999	1.56630289672053e-07
cbx5	1.17786275627352e-11	0.618011293503792	0.896	0.608	1.71143458486542e-07
tomm40l	1.26564995061638e-11	0.49729306709427	0.481	0.195	1.83898937824559e-07
nup93	1.28264333136671e-11	0.400048654627367	0.481	0.191	1.86368076047583e-07
rpl7	1.28426297950213e-11	0.280191316617164	1	0.999	1.86603410921659e-07
bzw1b	1.31848645197635e-11	0.523753425183996	0.821	0.483	1.91576081472164e-07
tomm20a	1.32752293673965e-11	0.425435411440933	0.585	0.254	1.92889082708272e-07
atp5mc3b	1.36763907811121e-11	0.420900307548876	0.972	0.947	1.98717958049559e-07
nudt21	1.42074162482219e-11	0.403432168258611	0.698	0.321	2.06433758086665e-07
hnrnph1l	1.43622064514372e-11	0.56501897778375	0.774	0.501	2.08682859739383e-07
prmt1	1.51871260011422e-11	0.779455557730218	0.764	0.485	2.20668940796596e-07
gins4	1.84676168849748e-11	0.301309987215436	0.283	0.086	2.68334473338683e-07
zc3h13	2.10595194367375e-11	0.302339869254733	0.462	0.173	3.05994817415797e-07
mrpl18	2.23684017063012e-11	0.420865378410093	0.5	0.212	3.25012876792556e-07
rpl6	2.38042825900645e-11	0.309500135813198	1	0.999	3.45876226033637e-07
tuba1b	2.55251565873726e-11	0.373619682977193	0.538	0.228	3.70880525214524e-07
psma5	2.98188732119468e-11	0.569859504189131	0.84	0.577	4.33268227769587e-07
prdx2	3.06888313288448e-11	0.251552248685265	0.981	0.875	4.45908719208115e-07
pomp	3.11883192595993e-11	0.573081346679016	0.943	0.738	4.53166278841978e-07
baz1b	3.12990250301156e-11	0.334351863511391	0.358	0.126	4.54774833687579e-07
rpia	3.87984688002361e-11	0.307496818902632	0.189	0.046	5.63741751667431e-07
cbx3a	4.29185505311262e-11	0.534210272810933	0.83	0.522	6.23606539217263e-07
mif	4.41072665816001e-11	0.434885047372139	0.802	0.434	6.4087858343065e-07
cct4	4.53931733022609e-11	0.520742977456003	0.925	0.763	6.59562808081851e-07
rack1	4.5737910758282e-11	0.270687066022532	1	0.999	6.64571843317838e-07
si:ch211-276i12.11	4.95104894946754e-11	0.36853234537899	0.491	0.2	7.19387412357634e-07
snrpd3l	5.04578364291712e-11	0.628702112724835	0.774	0.477	7.33152363315857e-07
chaf1b	5.05084661346988e-11	0.256818454457377	0.245	0.069	7.33888012937174e-07
foxf2a	5.28550463331197e-11	0.371411684750356	0.396	0.149	7.6798382322023e-07
lsm5	5.41345782536964e-11	0.497350664238898	0.802	0.466	7.86575422026209e-07
phb	5.73003168733548e-11	0.554641306559222	0.726	0.395	8.32573604169845e-07
psmb1	6.31834305999377e-11	0.510110607906096	0.934	0.729	9.18055246617095e-07
pole3	7.41150117556418e-11	0.421011360257833	0.434	0.174	1.07689112080948e-06
ube2t	7.47684076829057e-11	0.371518668168259	0.292	0.095	1.08638496363262e-06
gins1	7.98344907686492e-11	0.31828028997251	0.245	0.071	1.15999515086847e-06
siva1	8.99527723721795e-11	0.342959074542938	0.33	0.114	1.30701378256777e-06
ptmab	1.14539569963261e-10	0.393444766933795	1	0.972	1.66425995156618e-06
barx1	1.15884766654869e-10	0.551415235807922	0.311	0.108	1.68380565949525e-06
prkrip1	1.2061607555087e-10	0.303652601310957	0.443	0.172	1.75255157775414e-06
erich2	1.4658720299245e-10	0.254277117123356	0.142	0.03	2.12991205948029e-06
hsp90ab1	1.48441780824375e-10	0.318464674961597	1	0.998	2.15685907537817e-06
kpnb3	1.48701984941057e-10	0.389238511683631	0.425	0.166	2.16063984119356e-06
mrpl12	1.50125399973775e-10	0.442883746456843	0.575	0.267	2.18132206161895e-06
ddx39aa	1.53689431994183e-10	0.597363117897409	0.868	0.592	2.23310744687547e-06
ptrh2	1.57741309492448e-10	0.281777702225968	0.302	0.1	2.29198122692527e-06
puf60b	1.63338790482004e-10	0.430960399612998	0.717	0.367	2.37331262570352e-06
timm10	1.6810326837502e-10	0.403564169483626	0.406	0.163	2.44254048948904e-06
hmgb1b	1.94220380571047e-10	0.390826414329426	0.962	0.705	2.82202212969732e-06
exosc2	1.9925753549458e-10	0.275295982284465	0.368	0.132	2.89521199073625e-06
rsl1d1	2.0021461292013e-10	0.393519260112905	0.575	0.261	2.90911832572949e-06
hmgn7	2.00892219662564e-10	0.480517043491893	0.972	0.891	2.91896395169705e-06
ssb	2.02980518687843e-10	0.510330065722747	0.538	0.244	2.94930693653435e-06
tyms	2.03549050113367e-10	0.307558356581906	0.34	0.12	2.95756769814722e-06
marcksb	2.08471548287267e-10	0.389150925029167	0.877	0.509	3.02909159661398e-06
eif4a1a	2.12009328403052e-10	0.563723693705426	0.821	0.531	3.08049554169635e-06
COX7A2 (1 of many)	2.30144310205815e-10	0.332080899750737	0.387	0.149	3.34399682729049e-06
twist3	2.37739218974277e-10	0.390822020541737	0.283	0.093	3.45435085169625e-06
cxcl18b	2.39353267298638e-10	0.415463385106874	0.736	0.414	3.47780297384921e-06
dhfr	2.53208872724966e-10	0.443010434761599	0.415	0.168	3.67912492069375e-06
safb	2.82872298132107e-10	0.450188909448091	0.623	0.302	4.11013449185951e-06
cox5ab	2.89994712385822e-10	0.473435393093258	0.896	0.607	4.213623170966e-06
ddx27	3.03957050347598e-10	0.339013426903018	0.368	0.138	4.41649594155059e-06
cdk2	3.06061224035399e-10	0.347428231863807	0.368	0.137	4.44706958523435e-06
chtf8	3.23582961496423e-10	0.291911410581039	0.264	0.084	4.70166043054303e-06
yeats4	3.28056289101963e-10	0.37698127517647	0.623	0.291	4.76665788065153e-06
idh2	3.33017562936956e-10	0.420214999493654	0.981	0.783	4.83874518947397e-06
imp3	3.61974455372569e-10	0.28287044229671	0.255	0.079	5.25948883656343e-06
lsp1	3.62913123991581e-10	0.332321703011335	0.425	0.167	5.27312769159768e-06
cox7b	3.64267876110289e-10	0.362029104864214	0.972	0.822	5.2928122398825e-06
psmb2	3.77059802712813e-10	0.539693668322077	0.906	0.661	5.47867893341717e-06
lepa	3.78750913994656e-10	0.280334899026279	0.491	0.208	5.50325078034236e-06
st13	4.32984312426e-10	0.553241691716136	0.764	0.474	6.29126205954977e-06
rnaseh2c	4.69394274411554e-10	0.336389168292605	0.396	0.154	6.82029880719988e-06
gars	4.73002236768171e-10	0.447231714922981	0.679	0.363	6.87272250024152e-06
eef2b	4.73154872861035e-10	0.3548258671544	1	0.986	6.87494030267083e-06
si:ch211-51e12.7	5.29466434423251e-10	0.511105327236696	0.868	0.629	7.69314729216983e-06
atp5pd	5.36280437127554e-10	0.464120400009401	0.953	0.77	7.79215475146336e-06
pax9	5.44219740968013e-10	0.34991317688779	0.142	0.031	7.90751283626524e-06
pold1	5.92103163419233e-10	0.343230607196724	0.283	0.093	8.60325896448145e-06
eif1axa	6.13309614830242e-10	0.404160467686896	0.585	0.293	8.91138870348342e-06
tomm6	6.14622636663787e-10	0.529620330168108	0.66	0.362	8.93046691072482e-06
sf3a2	8.28940868227847e-10	0.490003449641778	0.792	0.467	1.20445108153506e-05
sarnp	9.09599472070658e-10	0.421005933739487	0.783	0.446	1.32164803291867e-05
ncl	9.41021178660432e-10	0.606152867372889	0.858	0.68	1.36730377259361e-05
g3bp1	1.00893732891417e-09	0.430595507539337	0.547	0.259	1.46598593891229e-05
eif3k	1.02082737131164e-09	0.471373600452313	0.849	0.561	1.48326217051582e-05
pfdn4	1.16633517682347e-09	0.474296165482091	0.811	0.533	1.6946850119245e-05
ankrd10a	1.18971286954655e-09	0.281813540270083	0.255	0.082	1.72865279945114e-05
banf1	1.27859258775068e-09	0.468951520435575	0.755	0.453	1.85779503000174e-05
snrpa	1.39388441636245e-09	0.413234240769447	0.755	0.407	2.02531405697464e-05
atpaf2	1.40258312649834e-09	0.287893249292633	0.283	0.096	2.03795328280209e-05
nup43	1.40544891944495e-09	0.285712307955363	0.264	0.087	2.04211727995352e-05
psmd10	1.42991892256991e-09	0.331587932469191	0.434	0.182	2.07767219449408e-05
wdhd1	1.43972011252448e-09	0.365388556333673	0.16	0.04	2.09191332349806e-05
tspan7	1.60171842048971e-09	0.544955157798664	0.783	0.466	2.32729686497155e-05
id1	1.62313881087156e-09	0.250431115246099	0.915	0.6	2.35842069219638e-05
psma4	1.66255270788422e-09	0.46113477588799	0.915	0.607	2.41568908455577e-05
mrpl2	1.8434407184024e-09	0.359445108383687	0.481	0.216	2.67851936383869e-05
mrps24	1.85354697211495e-09	0.34831946364546	0.491	0.218	2.69320375048302e-05
mrto4	1.98808394997617e-09	0.306967140095294	0.283	0.099	2.88868597931538e-05
timm13	2.03047609208259e-09	0.356616558618271	0.425	0.174	2.95028176179601e-05
lrrc20	2.03507398818433e-09	0.328948148307406	0.415	0.17	2.95696250483184e-05
sap18	2.0600447424331e-09	0.494834420894646	0.821	0.538	2.9932450107553e-05
clns1a	2.1366030735976e-09	0.519095837583536	0.547	0.285	3.10448426593731e-05
ncbp2	2.21017403566287e-09	0.469343166341914	0.632	0.33	3.21138287381815e-05
cdc26	2.2748632244421e-09	0.359510166798875	0.528	0.236	3.30537626511437e-05
cited2	2.29267881726848e-09	0.334433995245365	0.302	0.107	3.33126232149109e-05
psma8	2.60288088476095e-09	0.432087710834051	0.896	0.643	3.78198592555766e-05
dpy30	2.69103788077878e-09	0.504717275675282	0.83	0.564	3.91007804077157e-05
zgc:110540	2.83369695268673e-09	0.366823701755236	0.292	0.103	4.11736167225382e-05
cnbpa	2.87043444501458e-09	0.565521186055954	0.887	0.654	4.17074124860619e-05
ptgr1	2.88783809303528e-09	0.478263856567374	0.745	0.457	4.19602874918026e-05
nop10	3.11717337456479e-09	0.433012659364523	0.698	0.372	4.52925291324263e-05
si:dkey-88p24.11	3.680072755958e-09	0.312837440368848	0.387	0.156	5.34714571440697e-05
psmb3	3.93537650021404e-09	0.571403292228457	0.811	0.62	5.718102054811e-05
naa40.1	4.16499209144507e-09	0.44148724641808	0.575	0.283	6.05173350886969e-05
atp5md	4.35772160094844e-09	0.449324315036199	0.849	0.595	6.33176948617808e-05
hnrnpul1	4.42990703043835e-09	0.364638599862475	0.566	0.265	6.43665491522693e-05
eif4a3	4.50228590722109e-09	0.473919570988333	0.792	0.493	6.54182142319224e-05
ewsr1b	5.14219930021984e-09	0.497693296007776	0.849	0.617	7.47161558321942e-05
RPS17	5.82078131713792e-09	0.267348670520687	1	0.996	8.4575952538014e-05
nap1l1	6.12790427959385e-09	0.412607621096189	0.585	0.293	8.90384491824987e-05
cct6a	6.88183330117324e-09	0.42762924145809	0.962	0.678	9.99930378660472e-05
med28	7.08868417577885e-09	0.413765690730829	0.613	0.32	0.000102998581074067
ruvbl2	7.09162302114435e-09	0.28864147718531	0.415	0.174	0.000103041282497227
h2afx	7.77811963088653e-09	0.379825854403671	0.415	0.179	0.000113016078236781
mt-atp6	8.17369996252120e-09	0.476164194181353	1	0.962	0.000118763860455433
si:ch73-1a9.3	8.55163927223685e-09	0.34230119788124	1	0.961	0.000124255318625601
ppil1	8.63433881537862e-09	0.347767334962815	0.472	0.212	0.000125456942987451
si:ch73-308l14.2	8.70046577361594e-09	0.439213548261687	0.321	0.126	0.00012641776769064
timm8b	9.11115004457915e-09	0.363051714304816	0.5	0.24	0.000132385010147735
prim1	9.70724792192633e-09	0.263398198543694	0.321	0.12	0.00014104631230559
eif3ha	1.08445389194879e-08	0.433692290636053	0.896	0.667	0.00015757115050016
cinp	1.16303056089256e-08	0.26160279160329	0.255	0.087	0.000168988340497689
ndufab1a	1.20902793242513e-08	0.351277882167034	0.67	0.346	0.000175671758581372
urm1	1.22389782094252e-08	0.260401225062401	0.377	0.153	0.000177832353382948
eif2s2	1.23419152697257e-08	0.537253748322381	0.877	0.652	0.000179328028869114
lsm6	1.2930414658774e-08	0.401280956865713	0.84	0.542	0.000187878924991986
rbm8a	1.30977533069123e-08	0.450427805208149	0.934	0.763	0.000190310355549435
hint1	1.36021276618464e-08	0.394332785201945	0.736	0.41	0.000197638914926628
abcf2a	1.3759372677819e-08	0.28560660057647	0.349	0.136	0.00019992368500871
acaa2	1.37797221657713e-08	0.281200605243797	0.425	0.181	0.000200219363068657
elavl1a	1.44385692297116e-08	0.469838675760536	0.745	0.454	0.00020979241090771
unga	1.45057450590039e-08	0.306954190659138	0.255	0.089	0.000210768475707327
chchd10	1.47505989593214e-08	0.258610666228358	0.368	0.149	0.000214326202878939
zbtb16a	1.50604646428712e-08	0.440796856238661	0.34	0.139	0.000218828551260919
gemin8	1.58049662117099e-08	0.32676131705793	0.425	0.189	0.000229646159056144
fzd7a	1.62957824190811e-08	0.31700678011831	0.575	0.286	0.000236777718549248
triap1	1.63841850115827e-08	0.258186249418886	0.255	0.089	0.000238062208218296
si:dkey-95p16.2	1.72270559684389e-08	0.263126708917517	0.283	0.103	0.000250309123221418
timm9	1.98140203037264e-08	0.339482299787237	0.5	0.23	0.000287897715013145
atp5fa1	1.99427513255779e-08	0.391742916624898	0.962	0.81	0.000289768176760647
COX5B	2.15092105241119e-08	0.317341119867595	0.972	0.848	0.000312528828915345
endouc	2.34882924348564e-08	0.266574998427106	0.217	0.071	0.000341284889078464
top1l	2.48302235103747e-08	0.486705174499145	0.717	0.436	0.000360783147605744
fkbp7	2.51068974851048e-08	0.324259752095143	0.509	0.239	0.000364803220458572
snai1b	2.71277365304913e-08	0.34353796474155	0.208	0.067	0.000394166011788039
cct8	2.75392435244833e-08	0.415460686235601	0.896	0.713	0.000400145208410743
seh1l	2.92614381211685e-08	0.312598086704313	0.547	0.265	0.000425168695900579
pcid2	2.9891268827791e-08	0.343986277809844	0.406	0.183	0.000434320136067803
lsm4	3.30592029929933e-08	0.434060075315861	0.84	0.555	0.000480350219488192
snrpb2	3.52902446099129e-08	0.304633564610507	0.519	0.25	0.000512767254182034
slc43a1a	3.72932808103404e-08	0.261972842228038	0.462	0.211	0.000541871370174246
pold3	3.7530632168141e-08	0.2530708196662	0.226	0.076	0.000545320085403089
mrpl41	3.90069885307849e-08	0.283967242383171	0.311	0.124	0.000566771543352304
lmnb1	4.01240576960901e-08	0.4273630523166	0.642	0.355	0.000583002558324189
tfam	4.12309593033405e-08	0.307843600274893	0.481	0.223	0.000599085838677537
cyp2ad3	4.13786919050601e-08	0.254767384109819	0.33	0.131	0.000601232393380524
zgc:56095	4.19585253905104e-08	0.392539845622347	0.651	0.372	0.000609657373924116
dlx5a	4.49660046683508e-08	0.314629965119074	0.358	0.149	0.000653356047831137
bcas2	4.81429235958717e-08	0.425600372584089	0.774	0.484	0.000699516679848016
mrpl57	4.91221292927781e-08	0.353732592878832	0.575	0.297	0.000713744538624066
esd	4.9745920730719e-08	0.318931101575239	0.651	0.351	0.000722808228217347
psmd7	5.67685359951165e-08	0.405078893362416	0.83	0.564	0.000824846828009043
lbr	6.09388494043515e-08	0.308905397502956	0.557	0.274	0.000885441481845227
hspe1	6.72487587471578e-08	0.40556217168076	0.915	0.707	0.000977124464596202
ebna1bp2	7.00235926368021e-08	0.396837376046882	0.538	0.279	0.00101744280101273
pes	7.09247645400239e-08	0.333102206391989	0.396	0.178	0.00103053682876655
pqbp1	7.65586790590996e-08	0.350913216785696	0.387	0.175	0.00111239760672872
fat1a	7.87265618538551e-08	0.254956952189335	0.226	0.078	0.00114389694373651
lyar	8.20059986423545e-08	0.359180531615723	0.349	0.149	0.00119154716027341
polr2d	8.42799588319977e-08	0.463424946244125	0.783	0.522	0.00122458780182893
eif3s6ip	8.46862053196611e-08	0.472463938336087	0.84	0.675	0.00123049056329468
nme2b.1	8.7745643467774e-08	0.254967011530489	1	0.994	0.00127494419958676
eif1axb	9.09139076148418e-08	0.418244000174832	0.887	0.635	0.00132097907764365
ndufs5	9.11627443472203e-08	0.391180816083513	0.802	0.488	0.00132459467536511
nudcd2	9.39090300672555e-08	0.286660847915124	0.434	0.2	0.00136449820687722
eif3ea	9.42647886709665e-08	0.370878672773418	0.972	0.879	0.00136966737938914
pdap1a	9.4643962292469e-08	0.490939772340379	0.783	0.5	0.00137517677210957
mrpl37	9.46546997130067e-08	0.294147258987813	0.396	0.175	0.00137533278682999
nol7	9.55744897532268e-08	0.279538030216788	0.434	0.197	0.00138869733611438
pabpn1	9.97569051088948e-08	0.442250668406078	0.821	0.518	0.00144946783123224
lhx8a	1.03757446247028e-07	0.253864805857557	0.151	0.041	0.00150759569396932
ilf3b	1.06916033467788e-07	0.398676097443636	0.783	0.521	0.00155348996628696
ssbp1	1.12504348958853e-07	0.283407399218996	0.358	0.154	0.00163468819037214
maip1	1.14590341842854e-07	0.278756710311154	0.292	0.115	0.00166499766697666
mrps35	1.17718467765589e-07	0.27314450913124	0.368	0.159	0.001710449336634
eif4ebp1	1.20755718407403e-07	0.334641783488517	0.745	0.431	0.00175458058845956
ube2ib	1.24082960376876e-07	0.391835980947336	0.849	0.564	0.00180292541427601
selenoh	1.26620638143354e-07	0.316753327920438	0.849	0.543	0.00183979787222293
smim15	1.43509522833144e-07	0.353244811773353	0.792	0.473	0.00208519336676558
mt-nd1	1.44618803919128e-07	0.543897476201283	0.962	0.809	0.00210131122094493
bms1	1.44648848180957e-07	0.253409426839156	0.292	0.114	0.00210174776406931
snrnp70	1.54550447864405e-07	0.374820246897355	0.632	0.345	0.0022456180074698
elof1	1.64594738647612e-07	0.368522693868949	0.858	0.54	0.00239156155254981
CABZ01115113.1	1.77412281162823e-07	0.332436269845772	0.481	0.235	0.00257780044529582
psmb7	1.79279568371746e-07	0.356108308343967	0.991	0.811	0.00260493212844147
sem1	1.9537326037157e-07	0.440134888287131	0.887	0.734	0.00283877347319891
rpl7l1	2.15068435965233e-07	0.344153173282247	0.585	0.313	0.00312494437457484
gpx1a	2.21329223142286e-07	0.298034020157248	0.425	0.199	0.00321591361225742
mdka	2.21547310960732e-07	0.490961489737356	0.896	0.575	0.00321908242825943
mpv17	2.23736814453369e-07	0.260623458419539	0.255	0.097	0.00325089591400746
eif4bb	2.45001003633932e-07	0.368925304508584	0.632	0.345	0.00355986458280103
myef2	2.4520960535704e-07	0.338594102584773	0.66	0.355	0.00356289556583779
cox7a2l	2.45341896470089e-07	0.405581032748863	0.632	0.357	0.00356481775571039
syncrip	2.60203962394073e-07	0.333068077048396	0.972	0.773	0.00378076357358588
zgc:56304	2.71066206476019e-07	0.40248232682436	0.726	0.448	0.00393859198009656
psme3	3.06511694507403e-07	0.318558963971683	0.434	0.21	0.00445361492119256
uqcrh	3.65395269323995e-07	0.325642068824517	0.915	0.71	0.00530919326327765
gspt1l	3.70830731361445e-07	0.347455074972021	0.519	0.263	0.0053881705266818
nop2	3.74978034510346e-07	0.266903488788668	0.377	0.169	0.00544843084143532
prkab1b	3.85403157156682e-07	0.267702226555064	0.575	0.294	0.00559990787348658
eed	4.27476483526625e-07	0.257423663742481	0.368	0.159	0.00621123330564187
lmnb2	4.33647992490723e-07	0.38689007494278	0.368	0.174	0.00630090533089021
ppid	4.42727395630713e-07	0.418661855710875	0.708	0.454	0.00643282905851426
zgc:101858	4.54747366214934e-07	0.267554197525929	0.406	0.193	0.00660747923110299
caprin1a	4.68717605226001e-07	0.275015135479997	0.434	0.211	0.0068104668039338
si:ch211-217k17.7	5.07576068819807e-07	0.305437768550194	0.415	0.2	0.00737508027995179
cct2.1	5.12625526300352e-07	0.364965704574439	0.962	0.783	0.00744844889714411
tent5ba	5.20113203458516e-07	0.620079253941058	0.538	0.304	0.00755724484625224
drg1	5.52906209009923e-07	0.338720892675212	0.368	0.166	0.00803372721691418
sinhcafl.1	5.78364754737023e-07	0.309113682897521	0.67	0.366	0.00840363988632894
polr2l	6.09175034466275e-07	0.436903552553202	0.604	0.347	0.00885131325079497
atp5mc1	6.47794232579451e-07	0.266012457827432	0.906	0.688	0.00941245019937943
isl2a	6.67104281190614e-07	0.3827851219403	0.142	0.041	0.00969302520569963
rfc5	7.32612140716224e-07	0.254363566103576	0.434	0.209	0.0106448544046067
kars	8.00899111511985e-07	0.37358831234662	0.66	0.394	0.0116370640902691
psmd13	8.42281574427326e-07	0.350680438244827	0.802	0.539	0.012238351276429
eif5b	8.76686761059583e-07	0.281359850682455	0.651	0.358	0.0127382586381957
srsf11	9.06700749369177e-07	0.359851612486688	0.783	0.509	0.0131743618883341
tcp1	9.10033461065968e-07	0.396070940687622	0.962	0.783	0.0132227861892885
mrpl11	9.51476034906222e-07	0.298975362206821	0.5	0.255	0.0138249467871874
smarca5	9.62040419644795e-07	0.312491677960503	0.462	0.233	0.0139784472974389
psmc3	1.00386347683196e-06	0.339820367249736	0.745	0.476	0.0145861363183683
nudc	1.01267004750228e-06	0.382966005731452	0.736	0.479	0.0147140957902081
eif3ba	1.03266113415127e-06	0.352357725587908	0.925	0.803	0.0150045662792179
rrp1	1.06942010347076e-06	0.259103851107305	0.274	0.112	0.0155386741034302
metap1	1.08109108259346e-06	0.330089032228043	0.462	0.231	0.015708253430083
xrn2	1.11856787848995e-06	0.252814401116103	0.377	0.173	0.0162527912744589
hspd1	1.15720466460268e-06	0.439489102754152	0.698	0.431	0.0168141837766769
fkbp1aa	1.2172261834034e-06	0.303457228074383	0.991	0.964	0.0176862964448515
nr2f1b	1.2508178249529e-06	0.560407315032	0.198	0.074	0.0181743829965656
ppig	1.26935588769972e-06	0.290669096314307	0.575	0.308	0.0184437410482769
eif2s1b	1.30347260499064e-06	0.391771966920057	0.849	0.573	0.018939456950514
zgc:193541	1.40187570795795e-06	0.271282498230049	0.972	0.829	0.020369254036629
sub1b	1.46837675789017e-06	0.270615203973878	0.302	0.133	0.0213355142921442
ddx19	1.61454287396035e-06	0.319530316590183	0.368	0.172	0.0234593079586439
llph	1.62736547265481e-06	0.299071240407291	0.415	0.203	0.0236456203176743
bcl7bb	1.78870603367815e-06	0.250807080841373	0.302	0.13	0.0259898986693436
pin1	1.79726345598461e-06	0.335976433386582	0.764	0.495	0.0261142380154564
smarcb1b	1.92411563661998e-06	0.274806034929713	0.585	0.323	0.0279574002000883
fam53b	1.97621951748971e-06	0.286301429677281	0.519	0.269	0.0287144695891254
phgdh	2.01481813249716e-06	0.285410849248585	0.538	0.292	0.0292753074651837
gabpa	2.0910305947485e-06	0.264518032323989	0.519	0.271	0.0303826745416957
smc1al	2.20313268438533e-06	0.443357818673775	0.708	0.445	0.0320115179041188
coa5	2.2728446535902e-06	0.2875673608302	0.368	0.179	0.0330244328166655
nedd8l	2.28939198495309e-06	0.299822869787385	0.443	0.227	0.0332648655413684
nip7	2.74525277527731e-06	0.301577534475734	0.33	0.154	0.0398885228247793
alyref	3.0385660496526e-06	0.269376651664081	0.472	0.247	0.0441503647014522
sf3b6	3.11770730426407e-06	0.329856952218931	0.774	0.523	0.045300287130957
sf3b2	3.30476405908904e-06	0.29981168330787	0.689	0.404	0.0480182217785638
ndufab1b	3.4148505459187e-06	0.366614236898811	0.698	0.452	0.0496177784321988
