gene	p_val	avg_log2FC	pct.1	pct.2	p_val_adj
tnxba	2.37988097942436e-261	3.67674970467358	1	0.009	3.4579670631036e-257
arsia	8.48154121594877e-190	1.20035756250663	0.625	0.005	1.23236793867736e-185
prss35	6.8408274425556e-116	4.59646040322262	1	0.027	9.93972227403329e-112
si:ch211-120e1.7	1.71844365606972e-80	0.83296635478337	0.5	0.009	2.49689863226931e-76
mkxa	1.19567008278185e-76	1.64100294796973	0.812	0.026	1.73730863028202e-72
zgc:92162	1.46280445460271e-69	0.39575620413423	0.188	0.001	2.12545487253774e-65
otos	3.67954396828492e-63	3.43721952442939	0.562	0.015	5.34637738591798e-59
ucmab	5.612071486964e-63	2.35330059899644	0.875	0.038	8.1543398705587e-59
epyc	6.34272129984238e-54	3.4960920324794	1	0.066	9.21597404867098e-50
tnfrsf11a	2.7419689752613e-53	1.20339325607921	0.688	0.027	3.98408092105466e-49
pcolce2b	5.20768087346173e-53	2.06984355547582	0.812	0.04	7.56676030913989e-49
nucb2b	1.42687247769831e-50	1.13500609530933	0.688	0.029	2.07324571009564e-46
cgref1	1.58260643240143e-50	1.48190174083109	0.75	0.036	2.29952714627928e-46
thbs1b	2.71307062354768e-50	2.70162026382365	1	0.07	3.94209161601478e-46
matn1	1.68811720520542e-49	6.82810305224442	1	0.075	2.45283429916348e-45
otc	7.09504981772255e-49	0.494833437136834	0.188	0.002	1.03091073851509e-44
omgb	2.24430321668517e-44	0.270066509675941	0.188	0.002	3.26097257384356e-40
foxa3	1.52036966130933e-42	2.3045073824552	0.812	0.052	2.20909711788246e-38
itih1	1.62755969091665e-41	2.47473425135104	0.875	0.06	2.36484423090189e-37
snorc	2.25175215971794e-41	3.44834220732299	1	0.083	3.27179588807017e-37
micu3a	1.78029069130593e-40	0.672666919063535	0.375	0.01	2.58676237446751e-36
ptgs2b	3.42161507736748e-39	2.12905531955826	0.5	0.02	4.97160670741495e-35
anxa6	5.0172504540096e-39	0.863392363858031	0.438	0.015	7.29006490967595e-35
col15a1b	7.34622277450671e-38	1.40721409559952	0.75	0.047	1.06740616913582e-33
col11a2	8.32941624465261e-38	3.95473551513169	1	0.103	1.21026418034802e-33
mia	1.10556350345743e-36	2.64030509995628	0.938	0.077	1.60638377052365e-32
stc2a	1.44243483835233e-36	2.00230737904592	0.625	0.034	2.09585782012594e-32
gale	1.52073214516846e-36	2.10663398229375	1	0.095	2.20962380692977e-32
srpx	1.91373669781606e-36	2.57500319741264	1	0.099	2.78065942192674e-32
tent5bb	1.02248597991359e-35	1.23608599274253	0.625	0.034	1.48567212881445e-31
si:ch211-247j9.1	8.96662666260472e-33	0.409666119583068	0.188	0.003	1.30285085407647e-28
slc17a9b	2.2752766770288e-32	1.43968575391883	0.875	0.076	3.30597701172285e-28
loxl3b	5.52830773372012e-32	1.44104236240822	0.812	0.065	8.03263113709534e-28
fgfr3	1.77898989680431e-31	2.44857072265784	1	0.12	2.58487232005667e-27
matn4	1.88727223087929e-31	3.72121177992549	1	0.125	2.7422065514676e-27
slc10a7	2.53713033055181e-30	1.30953614514916	0.75	0.06	3.68645037029178e-26
pcolceb	3.30131119177993e-30	2.13285220596872	0.625	0.041	4.79680516165624e-26
rcn3	6.38479381815617e-29	1.68084685575974	0.938	0.1	9.27710541778091e-25
slc16a1b	1.25310822716078e-28	0.819964277100663	0.562	0.035	1.82076625406461e-24
nbas	5.4662895261308e-28	0.718771882692576	0.438	0.021	7.94251868146806e-24
col9a2	1.6868578051971e-27	4.19351979341703	1	0.149	2.45100439095138e-23
il16	1.02303906586463e-26	1.08107733633893	0.625	0.046	1.4864757627013e-22
col11a1a	1.35596398726338e-25	4.28494453586273	1	0.169	1.97021567349369e-21
tp53i11b	1.61042645305671e-25	0.923400383667012	0.625	0.047	2.3399496362914e-21
limch1b	1.70734860759885e-25	0.570131789968945	0.438	0.023	2.48077752684113e-21
eva1bb	3.52091604016795e-25	1.1714320188163	0.688	0.059	5.11589100636404e-21
hapln1b	3.92076569124074e-25	2.00413006809079	0.938	0.11	5.6968725493728e-21
ecrg4a	6.06672812614893e-25	2.79531602660367	1	0.145	8.8149559672944e-21
cyr61l1	7.74743370220574e-25	0.577887116771403	0.125	0.002	1.12570211693049e-20
spock2	9.70496370269363e-25	0.756138746416188	0.312	0.013	1.41013122600138e-20
slc7a10a	1.21615965568308e-24	0.963115348146114	0.75	0.069	1.76707997970751e-20
zgc:162964	1.26445401075442e-24	0.292296749903556	0.188	0.004	1.83725167762617e-20
slc2a10	1.30939397097523e-24	1.18806577792979	0.625	0.051	1.90254943982701e-20
col9a3	4.81109652688681e-23	4.30797566777811	1	0.192	6.99052325356653e-19
itga10	5.73715788957042e-23	0.926828841915751	0.5	0.034	8.33609041354583e-19
col9a1a	2.12551452348588e-22	4.42005581194378	1	0.202	3.08837260262499e-18
ncs1b	2.22164054228859e-22	0.318499781570705	0.125	0.002	3.22804370794533e-18
papss2b	1.07397192981708e-21	2.57848708838636	1	0.191	1.56048121402422e-17
col2a1a	1.24302675627209e-21	4.73034551483536	1	0.214	1.80611787686334e-17
eva1ba	2.42725929617316e-21	1.62191318818944	0.875	0.113	3.5268077573396e-17
mmp14a	3.90972342966711e-21	1.55632693857304	1	0.159	5.68082814330632e-17
papss2a	4.48539780741548e-21	0.73135016933637	0.562	0.045	6.51728301417469e-17
col2a1b	6.58268082579289e-21	2.72690928886743	1	0.208	9.56463523987706e-17
CLEC3A	1.45804371092102e-20	1.6525043411351	0.438	0.031	2.11853751196824e-16
cnmd	1.94392620764934e-20	4.06715288838473	1	0.212	2.82452477971449e-16
slc38a5a	2.70057074965469e-20	0.690383386769965	0.5	0.038	3.92392929924827e-16
irak3	9.2200046583503e-20	0.464556389236157	0.375	0.022	1.3396666768583e-15
csrp1b	1.58349887076842e-19	1.29553848186721	0.25	0.01	2.30082385922651e-15
efemp2a	4.0938624260026e-19	1.30240897182504	0.688	0.079	5.94838210498177e-15
cpxm1b	4.58603380519425e-19	0.701720461034959	0.438	0.032	6.66350711894725e-15
fkbp11	5.42913062467678e-19	1.86138015674836	0.938	0.157	7.88852679765536e-15
wwp2	5.80108765585246e-19	1.67757720614269	0.938	0.147	8.42898036395362e-15
aff3	8.63022851906403e-19	1.5912323768036	0.812	0.113	1.25397220382e-14
creb3l1	1.1946416878984e-18	0.950545120184212	0.562	0.053	1.73581437251638e-14
chsy1	1.21380333543245e-18	1.04525662363902	0.625	0.066	1.76365624638334e-14
slc39a13	1.27784966816351e-18	1.36791740125344	0.75	0.101	1.85671556784158e-14
si:ch211-254n4.3	2.32731114383923e-18	0.43227833749242	0.312	0.017	3.3815830919984e-14
kdelr3	2.61699598549375e-18	0.5868327491736	0.375	0.024	3.80249516692242e-14
snapc2	3.65517345793028e-18	0.437377409777143	0.375	0.024	5.3109670343727e-14
serpinh2	5.24115547477484e-18	1.11768346788384	0.75	0.094	7.61539890484784e-14
bet1l	8.33293608352614e-18	1.53545932457063	0.938	0.171	1.21077561293635e-13
KCNV1	1.00163158729706e-17	0.383796261255284	0.188	0.006	1.45537069634262e-13
runx3	1.52050138548094e-17	0.459479059710136	0.375	0.025	2.20928851310381e-13
fndc3ba	4.29702069392109e-17	0.592047262670488	0.5	0.045	6.24357106826735e-13
pmm2	4.6748904482427e-17	0.960469492883898	0.812	0.117	6.79261582129664e-13
plod3	9.23333300371197e-17	2.66004162758187	1	0.287	1.34160328543935e-12
zgc:162879	1.1886421451366e-16	0.889384751508273	0.5	0.046	1.72709703688348e-12
igfbp3	1.5942627495042e-16	1.78559126224187	0.812	0.131	2.31646377502961e-12
fgfbp2b	1.85625847950626e-16	2.90570252105077	1	0.247	2.69714357072259e-12
abtb2b	1.87155956408699e-16	0.49505793086445	0.375	0.027	2.7193760466184e-12
p3h1	2.05392140318533e-16	1.36373449998216	0.938	0.184	2.98434779882829e-12
fkbp10b	4.10769980501619e-16	1.55155049188483	0.875	0.166	5.96848781668852e-12
rrbp1b	6.04670762998161e-16	1.490877852752	0.812	0.138	8.78586618636327e-12
pde4ba	6.33137452328434e-16	0.892225152473062	0.625	0.073	9.19948718233215e-12
enox2	8.66073993574184e-16	1.0091641774563	0.688	0.09	1.25840551266329e-11
rock2b.1	9.49668977745926e-16	0.883978680655752	0.562	0.062	1.37986902466483e-11
enpp6	9.80351996506397e-16	1.14083308654864	0.562	0.064	1.4244514509238e-11
sec22ba	1.03156978489398e-15	0.803743160573676	0.688	0.09	1.49887089745096e-11
ppp1r3cb	1.10114040158259e-15	0.706622286379137	0.438	0.038	1.5999570034995e-11
rcn1	1.5673099631235e-15	2.17445422592737	0.938	0.222	2.27730137641844e-11
si:ch211-1a19.3	4.13914221716625e-15	0.600404491082852	0.438	0.039	6.01417364154256e-11
si:dkeyp-72g9.4	4.16425583593131e-15	0.74206751247921	0.375	0.03	6.0506637296082e-11
tbc1d22a	4.46025260502967e-15	0.522029078851186	0.375	0.03	6.48074703510811e-11
mgat4b	9.32031501154095e-15	0.73201706998049	0.562	0.064	1.3542417711769e-10
cdo1	1.04499161834462e-14	1.65882972530131	0.75	0.129	1.51837282145473e-10
golim4a	2.37892143039489e-14	0.490756567104421	0.375	0.031	3.45657283836378e-10
zgc:153675	2.74240184820915e-14	1.89040982423882	1	0.289	3.98470988544789e-10
slc38a10	2.81523079016043e-14	0.981847767526984	0.625	0.086	4.0905303381031e-10
selenom	3.21401584348344e-14	1.52455598114391	0.938	0.224	4.66996502058144e-10
tmem214	5.22844790519781e-14	1.10371191628054	1	0.207	7.59693480625242e-10
tgfbi	5.77923055984434e-14	2.24839309470215	1	0.279	8.39722200345383e-10
ckap4	6.29404865963057e-14	1.81184263728706	1	0.307	9.14525270244322e-10
ap3m1	6.7709402155283e-14	0.77095892488516	0.625	0.085	9.83817613316262e-10
barx1	7.33923349415263e-14	1.85089883262118	0.688	0.111	1.06639062670038e-09
fkbp9	7.49735110667948e-14	2.86820522108118	1	0.417	1.08936511580053e-09
si:dkey-262k9.2	8.04191724033528e-14	0.406093108519644	0.25	0.015	1.16849057502072e-09
comtb	8.43783278850989e-14	0.25928785995611	0.188	0.008	1.22601710417049e-09
sox6	9.11125581462739e-14	1.64515884060485	0.812	0.171	1.32386546986536e-09
sox9a	9.14321873834726e-14	1.07508235650609	0.438	0.045	1.32850968268186e-09
sra1	1.02593852382084e-13	0.951620334956224	0.625	0.087	1.49068867511168e-09
fam114a1	1.2029765224913e-13	1.21168771482675	0.75	0.126	1.74792488717986e-09
crtap	1.36255827964733e-13	2.34640182918813	1	0.354	1.97979718032758e-09
si:dkey-31g6.6	1.3987351634386e-13	0.596380318711695	0.312	0.023	2.03236219247629e-09
sesn2	1.56745055060984e-13	0.964150273432963	0.625	0.089	2.2775056500361e-09
si:dkey-228a15.1	1.57659893801128e-13	0.494926995561699	0.188	0.009	2.2907982569304e-09
ttc13	1.65674273217236e-13	0.426008982496971	0.188	0.009	2.40724718984644e-09
cux1b	1.83831679684948e-13	0.583090520192434	0.625	0.082	2.67107430582229e-09
odr4	1.86773898072949e-13	0.433584516128649	0.312	0.024	2.71382473899995e-09
cthrc1a	1.90740428436126e-13	1.63498197485392	0.75	0.128	2.77145842517692e-09
fbln7	1.92322004570571e-13	0.759625979626902	0.25	0.016	2.79443872641039e-09
kif26ba	2.16646987551084e-13	0.70149191463704	0.5	0.057	3.14788072911725e-09
lman1	3.95151787295608e-13	1.63910725555079	0.812	0.175	5.74155546940519e-09
slc26a2	4.38803369327231e-13	0.322815951242488	0.25	0.016	6.37581295632466e-09
plod1a	4.46684186098373e-13	1.17845890672893	0.688	0.113	6.49032122400936e-09
cyp26b1	5.01894717477414e-13	1.3601015792678	0.938	0.189	7.29253024494683e-09
raf1a	5.76240592829489e-13	0.728312017752378	0.438	0.047	8.37277581381248e-09
tmem263	6.42485416065955e-13	1.15568231492106	0.938	0.21	9.33531309543833e-09
tep1	9.65755124017074e-13	0.257136049169941	0.188	0.009	1.40324219519681e-08
tsc22d1	1.42875398473169e-12	2.15332787185053	0.938	0.268	2.07597953981515e-08
pdk2b	1.47919653176445e-12	1.07398004749851	1	0.213	2.14927256065374e-08
p4ha1b	1.90586359468425e-12	1.52980857939068	0.75	0.153	2.76921980307622e-08
mybl1	2.07636817965719e-12	0.994341038285737	0.375	0.037	3.0169629650419e-08
tnn	2.10828581961805e-12	1.94117908326757	0.5	0.067	3.06333929590503e-08
p3h3	2.380503975664e-12	1.17213255536841	0.688	0.125	3.4588722766398e-08
arfgap3	2.46179028238644e-12	0.555417296949243	0.25	0.017	3.57698128030749e-08
kdelr2a	2.76649100632205e-12	1.66021578322703	1	0.311	4.01971143218594e-08
angptl1a	3.69922179445078e-12	0.580148075866559	0.438	0.048	5.37496926733698e-08
nog2	4.13302676998575e-12	1.39287467318321	0.562	0.086	6.00528789678929e-08
ugp2b	4.82163361646879e-12	1.46446766510073	0.812	0.174	7.00583364472915e-08
klhl21	5.03357684620091e-12	0.443762619258674	0.312	0.026	7.31378715752992e-08
sdf4	5.36665222796742e-12	1.70131366671765	0.812	0.203	7.79774568723667e-08
fstl3	5.64879722034605e-12	0.826674142514769	0.562	0.078	8.20770236116281e-08
palm3	6.57644485505642e-12	0.390129767947085	0.312	0.026	9.55557437439698e-08
mcfd2	6.62607611541846e-12	1.35620579482936	0.875	0.204	9.62768859570302e-08
golt1ba	8.16850615858454e-12	0.582921614898946	0.438	0.05	1.18688394484233e-07
tram2	9.77659980594849e-12	1.41753764493234	0.938	0.252	1.42053995180432e-07
sec61a1l	1.56952962633718e-11	0.879672582715174	0.875	0.183	2.28052654706792e-07
ugdh	1.63773875814511e-11	1.55618692952703	0.875	0.252	2.37963441558484e-07
acanb	1.63879318536058e-11	0.268720412265518	0.188	0.01	2.38116649832893e-07
ssr2	1.72031817653289e-11	2.10370207317015	1	0.729	2.49962231050228e-07
fbp1a	1.96087495536918e-11	0.537897769380297	0.688	0.108	2.84915131015142e-07
pdcd6	1.97455024377105e-11	1.99089532653301	1	0.355	2.86902150419933e-07
traf6	2.44572179079351e-11	0.665188328826468	0.438	0.054	3.55363376202297e-07
fkbp14	2.78196610951251e-11	1.33672750153226	0.875	0.226	4.04219675712167e-07
ppib	2.82808437426533e-11	1.68641757804677	1	0.932	4.10920659580752e-07
slc35d1a	4.05781857730178e-11	1.16758533256906	0.688	0.136	5.89601039281948e-07
copz2	4.11146927657078e-11	0.682907272890007	0.438	0.054	5.97396485885735e-07
tram1	4.21374048396423e-11	1.57724297201193	0.938	0.332	6.12256492320002e-07
lrrc59	4.58682587868522e-11	1.71793835744217	0.938	0.342	6.66465800172962e-07
gnmt	4.76932871859245e-11	0.598653854251419	0.625	0.097	6.92983462811483e-07
polr3gla	5.686289196899e-11	0.358165481934501	0.312	0.029	8.26217820309425e-07
si:ch211-156j16.1	5.73575363678868e-11	1.34097823491021	1	0.328	8.33405003425395e-07
timp2b	6.32219929257544e-11	0.972196525987617	0.812	0.164	9.18615557211212e-07
sparc	6.40306783483419e-11	2.2516443099969	1	0.688	9.30365756401408e-07
nupr1b	7.91909179874868e-11	1.78499369086721	0.75	0.174	1.15064403835818e-06
lepr	9.39963185494265e-11	0.444470067144219	0.25	0.019	1.36576650852317e-06
ssr4	1.13584594826233e-10	1.8917005672737	1	0.871	1.65038416282517e-06
si:ch73-95l15.5	1.25637230164944e-10	0.560473456000617	0.312	0.03	1.82550895429664e-06
copb1	1.27154068562485e-10	1.22902801628689	0.875	0.222	1.84754861621291e-06
zgc:112148	1.50218702851524e-10	0.517084059239358	0.312	0.03	2.18267775243265e-06
cnpy2	2.09664912796628e-10	0.826227983271263	0.562	0.091	3.04643118293501e-06
sept8b	2.61290944576657e-10	0.941258908053074	0.625	0.109	3.79655742469883e-06
lrrc8c	2.93965725502779e-10	0.904729687127211	0.5	0.073	4.27132199155537e-06
supt3h	3.03731840710997e-10	0.788801099799945	0.562	0.092	4.41322364553079e-06
jade3	3.1116802647083e-10	0.432879411828319	0.438	0.056	4.52127142462116e-06
pqlc3	3.17083203236937e-10	0.651077398359358	0.438	0.057	4.60721894303269e-06
stx5al	3.25446634841843e-10	0.886119257835836	0.625	0.107	4.72873960425197e-06
cyr61l2	4.58640609606389e-10	0.662416378810969	0.188	0.012	6.66404805758084e-06
cdk5rap3	4.89808916052535e-10	0.606183723455073	0.625	0.107	7.11692355024334e-06
si:ch73-91k6.2	5.18751643179867e-10	0.561155010157663	0.625	0.105	7.53746137540347e-06
frzb	5.36363932830513e-10	0.702391549634308	0.25	0.021	7.79336794402735e-06
uap1	5.44470954652066e-10	0.731603986153826	0.562	0.092	7.91116297109452e-06
fgfrl1b	5.60537851384026e-10	1.02552298346962	0.688	0.136	8.1446149806099e-06
si:dkey-261j15.2	5.93842275929231e-10	0.332006966700466	0.312	0.031	8.62852826925172e-06
eps8l2	6.02367835757241e-10	0.584431335588489	0.312	0.031	8.75240465355271e-06
slc39a7	6.72446490703656e-10	1.28508717042085	0.938	0.294	9.77064750992412e-06
fxyd1	6.93937093463971e-10	1.36609258202198	1	0.311	1.00829059680315e-05
slc1a4	7.77304939659634e-10	0.530332700071337	0.5	0.074	1.12942407732545e-05
utrn	7.81522038773746e-10	0.689305405201545	0.438	0.061	1.13555152233825e-05
gmppb	8.52599638228581e-10	1.1861950788892	0.938	0.284	1.23882727434613e-05
pdia5	8.58916651579577e-10	1.10617452475385	0.812	0.221	1.24800589474513e-05
copb2	9.00733107905815e-10	1.41225500828826	1	0.406	1.30876520578715e-05
clybl	9.20233933147697e-10	0.392259895065019	0.312	0.032	1.3370999048636e-05
arcn1b	9.56482918370209e-10	1.01400579696279	0.938	0.249	1.38976968039191e-05
sec61g	1.01890265212059e-09	1.48375287619228	1	0.983	1.48046555353122e-05
calua	1.10670373493922e-09	1.77220724232179	0.938	0.411	1.60804052686668e-05
tmem258	1.14743619779648e-09	1.35626971790753	1	0.767	1.66722479539829e-05
tmed5	1.1888694318922e-09	0.854736948757854	0.75	0.169	1.72742728453937e-05
tgm2l	1.21893753482401e-09	1.09007463481475	0.625	0.123	1.77111623809929e-05
pabpc1b	1.34317534280991e-09	0.717341496368028	0.625	0.116	1.9516337731028e-05
mthfd2	1.59761022958121e-09	1.10549557598816	0.688	0.153	2.3213276635815e-05
foxc1a	1.90729439517843e-09	1.44942527314124	0.875	0.228	2.77129875619426e-05
cmpk	1.96841108448156e-09	1.3658295278208	0.938	0.418	2.8601013057517e-05
zgc:110699	2.02177528776418e-09	0.645661647942685	0.188	0.013	2.93763949312136e-05
fam20b	2.09899091041349e-09	0.88349301947218	0.562	0.105	3.0498337928308e-05
ddost	2.16788614408969e-09	1.4554445882491	1	0.534	3.14993856736232e-05
plxnb1a	2.17915311501079e-09	0.49957370870991	0.375	0.047	3.16630947611068e-05
ssr3	2.22542480616119e-09	1.52646656214787	1	0.79	3.2335422433522e-05
nkx3.2	2.31953370568865e-09	1.52737186689477	0.5	0.086	3.37028247436561e-05
serf2	2.3716230099989e-09	1.15019816993841	1	0.918	3.4459682335284e-05
phkg1a	2.41148713956371e-09	0.317609794181586	0.125	0.006	3.50389081378607e-05
tjp3	2.61007906041831e-09	0.343248215559051	0.188	0.013	3.7924448747878e-05
vasnb	2.74635929054099e-09	0.759602286968522	0.438	0.064	3.99046004915606e-05
snx7	2.81039005889994e-09	0.623914268862448	0.625	0.113	4.08349675558161e-05
dlx5a	3.31022232671687e-09	1.46783429647727	0.688	0.152	4.80975304071961e-05
ost4	3.60428244508722e-09	1.29517502657019	0.938	0.438	5.23702239271173e-05
si:dkey-19b23.8	3.68969088574989e-09	0.835314569784974	0.562	0.102	5.36112085699459e-05
tmem115	3.92625861765046e-09	1.02353037513812	0.875	0.232	5.70485377144612e-05
scyl1	4.11319342782429e-09	0.450211290567097	0.375	0.048	5.9764700506287e-05
arf5	4.44248598571323e-09	1.37413376956072	1	0.683	6.45493213724133e-05
copa	4.89339245573546e-09	1.38089521888852	0.875	0.275	7.11009923818362e-05
sec61b	5.28584528819977e-09	1.43105930974909	1	0.854	7.68033320375426e-05
pabpc4	6.82003049219039e-09	0.365382777028562	0.25	0.024	9.90950430515264e-05
herpud1	7.63124006755227e-09	1.28392941165721	0.938	0.336	0.000110881918181535
fkbp7	7.81305324939798e-09	1.11483323666794	0.875	0.244	0.000113523663713753
tdh	8.45648132317871e-09	1.88752331974514	0.938	0.379	0.000122872673625787
rapgef2	8.74683640102378e-09	0.472514775257203	0.438	0.064	0.000127091532906875
pycr1b	9.37359664860757e-09	1.02343749747994	0.625	0.14	0.000136198359304268
cnot10	9.782528141268e-09	0.462630141212726	0.375	0.05	0.000142140133892624
fibina	1.41802726873725e-08	1.2583349593698	0.75	0.197	0.000206039362147522
pcolce2a	1.45328872331319e-08	0.297023428850924	0.25	0.024	0.000211162851497406
alg11	1.49028517387903e-08	0.615560802366072	0.438	0.069	0.000216538435764622
tfg	1.52788819197994e-08	1.2204203982329	1	0.43	0.000222002154294685
srp68	1.64766003592966e-08	0.492175828512495	0.688	0.138	0.000239405003220579
dnajc3b	1.97323485485611e-08	0.58674641504359	0.5	0.087	0.000286711024410593
bet1	2.03084031867256e-08	0.497539936317919	0.5	0.085	0.000295081098303122
mmp2	2.09114659954984e-08	1.47030978038538	0.938	0.358	0.000303843600914592
triqk	2.11362599148901e-08	0.532342143796747	0.562	0.103	0.000307109856563353
cpa6	2.50020361016611e-08	0.324773052923704	0.25	0.025	0.000363279584557135
tm9sf2	2.65246192030369e-08	0.865669031508391	1	0.322	0.000385402717020126
selenok	2.69367847381217e-08	0.845613768453729	0.938	0.27	0.000391391482244908
nucb2a	2.76994033265943e-08	1.17694493077003	0.875	0.317	0.000402472330335416
gpx8	2.88687306409627e-08	0.613104448263251	0.688	0.149	0.000419462656213188
pam	3.29744276453832e-08	0.423155362424095	0.5	0.084	0.000479118433687418
tnfaip8l1	3.6620909437621e-08	0.365233350973599	0.438	0.067	0.000532101814128634
snai1a	3.95135658181614e-08	1.45946361670834	1	0.424	0.000574132111337886
kdelr2b	4.09963184752378e-08	1.40883764436317	0.875	0.38	0.000595676507445205
snx9b	4.10560958814986e-08	0.699793390703089	0.75	0.18	0.000596545073158175
boc	4.27665307382375e-08	1.24997696595046	0.875	0.313	0.000621397691626591
hivep1	4.32412017568628e-08	0.634172236561427	0.562	0.108	0.000628294661527216
hey1	4.43311496630357e-08	1.54211961056592	0.688	0.17	0.000644131604603909
rab6a	4.48824466454163e-08	1.2697443880072	0.812	0.258	0.000652141949757899
serpinf1	4.54273020680669e-08	0.499699219051191	0.5	0.088	0.000660058699049012
serp1	4.79014010336955e-08	1.51818968725067	0.938	0.401	0.000696007357019596
CABZ01075242.1	4.93151474173364e-08	0.401508646187262	0.25	0.026	0.000716549091973898
mgat5	5.05662076399494e-08	0.303804993776599	0.25	0.026	0.000734726997008465
cav2	5.20607100617574e-08	1.01598166939886	0.5	0.089	0.000756442117197335
pim3	5.29965873860036e-08	1.4215444937572	1	0.404	0.000770040414718632
cryl1	5.67517167168678e-08	0.455897203335528	0.5	0.087	0.000824602443896089
yipf5	6.08197121717737e-08	0.860081834209534	0.562	0.124	0.000883710417855872
cd164	6.18543944235172e-08	0.933318817342371	0.75	0.194	0.000898744350973705
ufsp2	6.27950974421894e-08	0.619439505268547	0.562	0.113	0.000912412765835011
creb3l2	6.85376897369161e-08	0.876292241552082	0.625	0.141	0.000995852631877391
yipf2	6.86392569956986e-08	0.551135048738627	0.562	0.109	0.000997328404147501
mycb	7.21774171781087e-08	1.37966637285548	0.938	0.394	0.00104873787159792
zgc:162730	7.52895359062397e-08	1.58849007805849	1	0.691	0.00109395695671766
glt8d1	7.90807915635826e-08	0.437703709405144	0.375	0.055	0.00114904390141886
lactb	8.74293736455262e-08	0.602147837572139	0.5	0.093	0.0012703487990695
dnajc3a	8.92391681583324e-08	0.825501518322154	0.75	0.186	0.00129664511334057
uxs1	9.42784124336372e-08	0.807903495141474	0.688	0.178	0.00136986533266075
uba5	9.55237349515649e-08	0.840960156948712	0.562	0.12	0.00138795986884624
dhdds	9.60040020401574e-08	0.58874276180706	0.625	0.135	0.00139493814964349
si:ch211-178n15.1	9.66054869805077e-08	0.638449460970546	0.5	0.094	0.00140367772582678
tbc1d15	9.68929592612843e-08	0.37946051839224	0.375	0.055	0.00140785469806646
mcl1a	9.83953416700684e-08	1.48089498636792	1	0.831	0.00142968431446609
ggcx	1.02677872669627e-07	0.341023771615197	0.375	0.055	0.00149190948988969
cope	1.06531196027792e-07	1.19432865093121	1	0.638	0.00154789827828382
nomo	1.19527742190775e-07	0.380252665127027	0.438	0.072	0.00173673809403196
si:ch73-23l24.1	1.19845964099051e-07	0.281299881066743	0.125	0.007	0.00174136185835921
arpc1b	1.22693958931705e-07	1.28893076398697	0.875	0.307	0.00178274322327768
arhgef1b	1.24489240843653e-07	0.586776423618535	0.75	0.188	0.00180882866945828
si:ch73-390p7.2	1.28710056311648e-07	0.500276320605302	0.375	0.057	0.00187015711820824
nog3	1.29693478549558e-07	1.25127662919304	0.438	0.077	0.00188444624332507
cpn1.1	1.37599423777386e-07	1.19504001872579	0.938	0.379	0.00199931962748541
CABZ01058650.1	1.42025744524354e-07	0.730130885369782	0.438	0.079	0.00206363406793887
ostc	1.42565088561334e-07	1.28743877374695	1	0.566	0.00207147073679618
atg4b	1.46699606814788e-07	0.371869632647501	0.312	0.041	0.00213154528701886
tmem129	1.54899201033998e-07	0.287402318227197	0.375	0.055	0.00225068539102399
bbs7	1.5908036315602e-07	0.361856463735063	0.375	0.056	0.00231143767665697
cdkn1ba	1.65148229476576e-07	0.316708867075378	0.188	0.016	0.00239960377429465
tm9sf4	1.66947453591987e-07	0.732502271246113	0.625	0.137	0.00242574650069157
sec11a	1.77876836656266e-07	1.08664046750634	1	0.504	0.00258455043661555
sil1	1.78738971595695e-07	0.960366075466492	0.562	0.131	0.00259707725728545
p4ha2	1.89292360579241e-07	1.03664179661725	0.812	0.276	0.00275041799921637
wipf2a	2.10344029176424e-07	0.535273722726004	0.5	0.096	0.00305629874393344
si:ch73-263o4.4	2.12978566682366e-07	0.481167739040321	0.438	0.076	0.00309457857389477
unc50	2.20023220946696e-07	0.775040869035077	0.75	0.206	0.00319693740035549
xbp1	2.36271022336625e-07	1.571276543842	1	0.824	0.00343301795455116
serpinh1b	2.36953327070931e-07	1.57186464436925	1	0.812	0.00344293184234062
chac1	2.42496458055527e-07	3.09921827722094	0.938	0.633	0.00352347353554681
ufl1	2.6680852371092e-07	0.409517644674334	0.438	0.075	0.00387672784951967
mfsd13a	2.74018603607921e-07	0.419471596714109	0.375	0.059	0.0039814903104231
mob3c	2.76551172877453e-07	0.721554391481806	0.5	0.104	0.00401828854190939
bach1b	2.83857710436948e-07	0.284572724559413	0.25	0.028	0.00412445253264886
dad1	2.92785081637607e-07	1.05287024309927	1	0.792	0.00425416723619443
wnt4a	3.00299502278078e-07	0.707961238636827	0.188	0.017	0.00436335176810048
si:ch1073-184j22.1	3.43648555279945e-07	0.552598945231269	0.375	0.06	0.0049932135082176
cpxm1a	3.47904584511154e-07	0.415788186764325	0.375	0.059	0.00505505361294706
bambia	3.59540227520977e-07	0.918292857590876	0.562	0.138	0.00522411950587979
arcn1a	3.62573696426559e-07	0.917451726128045	0.812	0.267	0.00526819580907791
stk38a	3.74570148541684e-07	0.267030356586857	0.25	0.029	0.00544250425831067
sel1l	3.83073607214885e-07	0.462315732736449	0.5	0.097	0.00556605951283228
sox10	3.8391703997623e-07	0.937462508614298	0.875	0.277	0.00557831459085462
twist1a	3.91062226842884e-07	1.59760231538085	0.875	0.402	0.0056821341560271
dpm1	4.20785120473561e-07	1.05469714385196	0.812	0.262	0.00611400780048084
snx17	4.29478101212836e-07	0.521128677967154	0.312	0.045	0.00624031681062251
bmpr1ba	4.32085147911242e-07	0.547251388554874	0.688	0.163	0.00627819719915034
lgals3b	4.49677702673973e-07	0.970053323056051	0.75	0.214	0.00653381701985283
bcl6ab	4.53680523633341e-07	1.18102880650659	0.812	0.256	0.00659197800839245
acadl	4.54648137581532e-07	0.669756433163074	0.625	0.149	0.00660603743905966
slc37a4a	4.70345533342412e-07	0.253332621551814	0.188	0.017	0.00683412059946525
zgc:158343	4.71700520828586e-07	1.78993875541487	0.938	0.562	0.00685380856763936
eef1da	4.76924219370004e-07	0.98588212338516	1	0.809	0.00692970890744615
klf2b	4.95213274625148e-07	1.14926696590464	0.562	0.127	0.00719544888030339
sec22bb	4.96552829792951e-07	0.704460033075222	0.688	0.176	0.00721491261689158
SAMD8	5.02142657770639e-07	0.554211080972279	0.438	0.081	0.00729613281740739
slc22a15	5.04701801999884e-07	0.508114067001271	0.312	0.046	0.00733331718305832
golgb1	5.26182719952167e-07	0.810494840597094	0.688	0.186	0.00764543492090499
anxa13	5.3794886076505e-07	1.16669200376112	0.938	0.411	0.00781639694691618
pxdc1b	5.40422269042121e-07	0.408259264863568	0.188	0.018	0.00785233556918202
elovl1b	5.54350189960987e-07	0.86341237218545	0.938	0.327	0.00805470826013315
ehd4	5.55646172851758e-07	0.407057268720596	0.375	0.059	0.00807353889153604
f2rl2	5.85718581705377e-07	0.859134901042126	0.312	0.046	0.00851049099217913
slc11a2	7.11899959977334e-07	0.706866289391526	0.625	0.158	0.0103439064184707
selenof	7.12317259374944e-07	0.992710995692071	1	0.687	0.0103499697787179
gorab	7.5536787903904e-07	0.456161963473235	0.562	0.117	0.0109754952824373
igfbp1a	7.62302669785621e-07	1.6303104348235	0.625	0.178	0.0110762577919851
ptgdsa	7.73249666998851e-07	0.661769893019464	0.25	0.031	0.0112353176614933
sat1b	7.93084287208939e-07	0.281318066753693	0.312	0.045	0.0115235146931459
sec61a1	8.38274591488115e-07	1.08156647049312	1	0.676	0.0121801298143223
golt1bb	8.45991408834957e-07	0.881316653491787	0.938	0.352	0.0122922551703719
tmem63a	8.56342055731592e-07	0.36965763837351	0.188	0.018	0.01244265006978
nbr1b	8.81257656946741e-07	0.317777618433278	0.312	0.045	0.0128046737554362
ror2	9.29661066164383e-07	0.643271299822995	0.438	0.086	0.0135079752913685
scfd1	9.65451150842982e-07	0.700581984271924	0.75	0.214	0.0140280052217485
ier3ip1	9.83048767195039e-07	1.24420650272171	0.875	0.438	0.0142836985873439
foxc1b	9.94706012273937e-07	1.31603258141677	0.875	0.31	0.0144530783583403
nck1b	1.17304841552757e-06	0.791787906153924	0.938	0.325	0.0170443934776156
ociad2	1.20667116185403e-06	0.837594569622849	0.562	0.138	0.0175329319817391
ctgfa	1.21399525668221e-06	1.75916631977725	0.812	0.313	0.0176393510795925
cptp	1.21465850418143e-06	0.41236681556879	0.312	0.047	0.0176489880657561
cxxc5b	1.25303785762243e-06	0.385666483648352	0.375	0.063	0.0182066400712539
p4hb	1.33465848920083e-06	1.27585892237121	0.75	0.241	0.0193925878480881
zgc:113921	1.38830164900754e-06	0.510617783712715	0.375	0.066	0.0201720229600796
znf395b	1.43343751965279e-06	0.464725619049904	0.562	0.122	0.020827847160555
SBNO2	1.43451912898696e-06	0.449143778950265	0.625	0.147	0.0208435629441805
lnpa.1	1.45309877527087e-06	0.47331962262335	0.562	0.126	0.0211135252046858
enpp1	1.4824617239638e-06	0.600936116486966	0.5	0.107	0.0215401688491939
gpc4	1.4891916915757e-06	0.722071164674933	0.688	0.194	0.0216379552785949
mob2b	1.49381750649303e-06	0.658847284644972	0.5	0.106	0.0217051683693437
zgc:92818	1.51744794626794e-06	0.643839550326357	0.812	0.23	0.0220485186592732
ticam1	1.57403529939752e-06	0.433054195869474	0.312	0.048	0.022870732900246
tmem45a	1.61142887062325e-06	0.670825642036255	0.75	0.207	0.0234140614901558
glulb	1.61296136891609e-06	1.63598037127313	1	0.654	0.0234363286903508
lrba	1.62541187733489e-06	0.475462920837438	0.375	0.066	0.0236172345776759
sgk2b	1.62594039235411e-06	0.294344012054888	0.125	0.009	0.0236249139009052
rgra	1.62594039235411e-06	0.427577480036007	0.125	0.009	0.0236249139009052
stx5a	1.70891484787059e-06	0.512099215500784	0.5	0.107	0.0248305327395597
klf12a	1.72655319172829e-06	0.302312441401754	0.375	0.063	0.025086817875812
phip	1.77100005624034e-06	0.542588903262459	0.438	0.087	0.0257326308171721
frmd6	1.83741379704211e-06	0.493961776196121	0.375	0.067	0.0266976224710218
sar1b	1.86718288050896e-06	1.10339471206407	0.875	0.332	0.0271301672537952
uso1	1.91264761053764e-06	0.563852351297572	0.562	0.131	0.027790769781112
aclya	1.9707392041386e-06	0.334091288265135	0.375	0.064	0.0286348406361339
krtcap2	1.97301450772244e-06	1.21351949101371	0.875	0.465	0.028667900797207
copg2	1.97933910178461e-06	0.874627424657974	0.812	0.288	0.0287597971489304
sec13	2.01552414613513e-06	1.04034537203224	0.812	0.325	0.0292855658433434
lmcd1	2.16764888449566e-06	0.436434703204097	0.375	0.066	0.0314959382917219
lysmd3	2.19799234860607e-06	0.835459819264986	0.812	0.255	0.0319368288252462
rab7b	2.20076804590395e-06	0.313026251652103	0.188	0.02	0.0319771597069844
ier2a	2.28897463951711e-06	1.42839905682536	1	0.744	0.0332588015121836
pdpk1b	2.36314063216806e-06	0.402913313661325	0.438	0.084	0.034336433385402
derl2	2.39741582837863e-06	0.722263280369084	0.812	0.27	0.0348344519863415
emp3b	2.43662132809101e-06	0.897861466132663	0.375	0.071	0.0354041078971624
b4galt4	2.55929924651534e-06	0.269410222705115	0.188	0.02	0.0371866180518678
psat1	2.57602442528991e-06	0.915963909851502	0.812	0.323	0.0374296348994624
antxr2a	2.58022872537246e-06	0.30766611843773	0.25	0.033	0.0374907233796618
snx14	2.65492078763433e-06	0.40045432548551	0.438	0.085	0.0385759990443268
asap3	2.80448435076058e-06	0.707549478399482	0.625	0.171	0.0407491576165513
si:dkey-100n23.5	2.89156005200222e-06	0.407373457912093	0.562	0.126	0.0420143675555923
ms4a17a.10.1	2.89602692353195e-06	0.429268741454163	0.188	0.02	0.0420792711989192
fzd8a	2.98714923355176e-06	0.704055500187612	0.625	0.169	0.0434032783635071
smim7	3.03532679209701e-06	0.782464136919676	0.75	0.229	0.0441032982891696
ctnnb2	3.36767468644277e-06	1.04930681862746	0.938	0.518	0.0489323131940134
