gene	p_val	avg_log2FC	pct.1	pct.2	p_val_adj
prc1b	1.62433677170295e-183	1.67007056515332	0.622	0.028	2.36016132928438e-179
kif23	9.77427238080075e-174	1.46867226868146	0.704	0.041	1.42020177693035e-169
kif20a	3.92140426261306e-148	1.37336192396118	0.541	0.027	5.69780039357677e-144
cks2	4.42355456411186e-146	1.54621527545547	0.714	0.053	6.42742478165453e-142
cdk1	9.14280277198989e-139	2.40187310526682	0.908	0.103	1.32844924277013e-134
ckap2l	1.94342113053768e-134	1.0480414234124	0.51	0.026	2.82379090267125e-130
tpx2	6.18470221767021e-128	1.91934017925376	0.786	0.08	8.98637232227481e-124
tacc3	1.22279249640157e-127	1.37843436415709	0.622	0.045	1.77671749727149e-123
zgc:86764	1.49772680458899e-122	1.10923040739682	0.52	0.032	2.17619704706781e-118
spdl1	1.26264198680517e-117	1.05341811356823	0.51	0.032	1.83461880682791e-113
top2a	3.00100000659137e-116	1.64907353172803	0.694	0.065	4.36045300957727e-112
CABZ01058261.1	8.31180293491608e-116	1.54859807552406	0.755	0.079	1.20770496644331e-111
mad2l1	1.13035766669932e-112	2.01761272513894	0.878	0.117	1.64240968971411e-108
ccna2	1.11771119664729e-108	1.94645983634986	0.867	0.121	1.62403436872852e-104
aurkb	4.58438313097288e-107	2.1148288314845	0.857	0.125	6.6611086893036e-103
smc2	5.93622343008088e-107	1.65035279156824	0.745	0.088	8.62533264390752e-103
cdca8	2.01523244565341e-106	1.69708055668225	0.694	0.072	2.92813274353441e-102
arhgap11a	2.04991876691901e-105	1.03810279621969	0.5	0.034	2.97853196833332e-101
pbk	2.77770901247248e-103	1.37648610714043	0.724	0.084	4.03601119512252e-99
prc1a	3.07575861877592e-103	1.15609120297636	0.5	0.036	4.46907727308141e-99
nusap1	9.39975734446931e-103	1.98259011722468	0.735	0.086	1.36578474215139e-98
dlgap5	8.123745206521e-102	1.48324814457732	0.714	0.082	1.1803801785075e-97
kif11	1.2186632888116e-101	1.47194122863915	0.551	0.046	1.77071775864326e-97
plk1	1.29712936324931e-99	1.85958693530383	0.745	0.093	1.88472896480125e-95
birc5a	3.60770017084071e-99	1.43815459430444	0.673	0.073	5.24198834823155e-95
kifc1	1.26481076062186e-98	1.73133828553408	0.663	0.072	1.83777003518357e-94
spc25	3.62114693608323e-98	1.57115813757188	0.796	0.111	5.26152649812893e-94
cks1b	4.20981638155181e-95	1.6947428740333	0.878	0.145	6.11686320239478e-91
ndc80	1.46450055721014e-94	1.3325179319076	0.653	0.072	2.12791930962634e-90
knstrn	5.40341666003226e-94	0.846252978262759	0.408	0.025	7.85116440702688e-90
racgap1	1.74397405776586e-92	1.07459161086312	0.51	0.043	2.53399430593379e-88
nuf2	4.77407805109011e-91	1.0550354632676	0.52	0.045	6.93673540823393e-87
sgo1	8.47342970992207e-91	0.995778629463415	0.469	0.036	1.23118933685168e-86
mki67	6.6061511371523e-84	1.67549915763728	0.745	0.111	9.59873760228229e-80
smc4	2.10646129645795e-83	1.31588731731455	0.673	0.089	3.0606882637534e-79
ska1	7.48015817086844e-80	0.954831642396269	0.51	0.05	1.08686698222718e-75
mtfr2	4.56182022835286e-79	0.664139351115932	0.357	0.023	6.6283247917967e-75
ube2c	1.26264902958435e-78	2.15379793667339	0.765	0.126	1.83462903998606e-74
kif22	2.89245138082733e-74	1.2310805817653	0.653	0.091	4.20273185634211e-70
hmmr	2.56215773809185e-73	0.625188521025486	0.347	0.023	3.72281519344746e-69
aurka	4.24736780044219e-71	1.18118397058921	0.48	0.051	6.1714254140425e-67
dck	4.39962924173673e-71	1.0472484255891	0.48	0.049	6.39266128824347e-67
ncapd2	2.50443331615446e-70	1.11703808869107	0.582	0.077	3.63894160837243e-66
aspm	6.32778557660101e-69	1.05729803552533	0.418	0.038	9.19427244280127e-65
foxm1	6.81187130696046e-69	0.392293415269732	0.204	0.007	9.89764900901355e-65
g2e3	1.16137987621505e-68	1.20260014257814	0.49	0.055	1.68748496014047e-64
rtkn2a	3.19633686145044e-68	0.627105931446921	0.388	0.032	4.64427745968749e-64
cep55l	3.81328157481153e-68	0.798614607192922	0.347	0.026	5.54069812820115e-64
gtse1	9.06047878128216e-67	0.672787278829983	0.337	0.025	1.3164875669203e-62
melk	1.23392072760137e-66	0.582295698756757	0.296	0.019	1.79288681720479e-62
ccnb1	1.56868820029776e-66	1.29861219775812	0.5	0.059	2.27930395503264e-62
ttk	1.20927898602571e-65	0.918854099313688	0.449	0.047	1.75708236669536e-61
cip2a	2.02500611842278e-65	0.579662193903787	0.316	0.022	2.9423338900683e-61
si:ch211-69g19.2	2.26412006806099e-64	1.82877461984619	0.449	0.049	3.28976645889261e-60
spc24	4.08912950374966e-64	1.07469576162842	0.531	0.07	5.94150516894826e-60
si:dkey-6i22.5	1.50572454367549e-62	1.14674152339112	0.561	0.08	2.18781776196049e-58
BX682558.1	1.84548358909532e-61	1.01917307973845	0.449	0.051	2.6814876549555e-57
mibp	3.09007494847502e-61	1.85926508756668	0.755	0.151	4.48987890013421e-57
ncaph	1.39646687537446e-59	0.801731661534162	0.327	0.027	2.0290663699191e-55
fam83d	1.11414999689681e-58	0.881683936398293	0.418	0.045	1.61885994549107e-54
zgc:110224	3.99558194477692e-58	0.642315397224258	0.357	0.033	5.80558056576086e-54
mastl	8.97897210119292e-58	0.61436668811461	0.296	0.022	1.30464464630333e-53
cenpf	1.17371395232122e-56	1.10904423186827	0.398	0.043	1.70540637272273e-52
cdc20	5.60981319781791e-56	1.52002036639432	0.52	0.077	8.15105857642943e-52
kif2c	1.85142187351263e-55	0.848676765022056	0.398	0.044	2.69011598221385e-51
ncapg2	1.87994348382008e-55	0.491231390015832	0.276	0.02	2.73155788199058e-51
slc29a2	2.78834838381647e-54	0.811725758379399	0.367	0.038	4.05147020168534e-50
anln	1.33385212161499e-53	0.493183543496363	0.224	0.013	1.93808713270658e-49
cenpx	2.49966919993097e-52	1.00013895153717	0.694	0.143	3.6320193474997e-48
pane1	3.76282592774246e-52	0.901163043674412	0.541	0.088	5.4673860730098e-48
gcna	1.22571625538e-51	0.547580695743731	0.265	0.02	1.78096571906714e-47
zgc:110540	3.08586646275894e-51	1.70219063200373	0.551	0.097	4.48376397038873e-47
si:ch211-244o22.2	3.15520929802033e-51	0.709818932208938	0.337	0.034	4.58451911002354e-47
cenpl	1.34339528164479e-50	0.554594756922591	0.276	0.022	1.95195334422988e-46
numa1	2.27236844506727e-50	0.52305856681778	0.235	0.016	3.30175135068274e-46
ncapg	6.73388231485728e-49	0.770401551284962	0.429	0.057	9.78433100348763e-45
hmgb2a	1.20350091638515e-48	2.01865574027537	1	0.903	1.74868683150762e-44
ccnb2	1.2270807608493e-48	0.588647585643528	0.286	0.025	1.78294834551403e-44
lbr	1.8363439086101e-48	1.4603503458387	0.867	0.267	2.66820769921048e-44
mis18bp1	5.19462392531787e-48	0.437503771588235	0.235	0.016	7.54778856348687e-44
nek2	1.27195973568553e-47	0.291109268672247	0.163	0.007	1.84815749595107e-43
kif18a	3.12832973037212e-47	0.525454541489208	0.276	0.024	4.54546309823069e-43
gpsm2	3.84906445982858e-47	0.677044854394727	0.388	0.048	5.59269066013092e-43
mxd3	7.89116922590234e-47	1.51607543405623	0.704	0.179	1.14658688852361e-42
si:dkey-30c15.10	7.41405460036509e-46	0.473850434983886	0.286	0.027	1.07726213343305e-41
kpna2	8.26856716208608e-46	2.0898067032697	0.5	0.084	1.20142280865111e-41
trip13	1.29725621433974e-45	0.63862489617347	0.357	0.042	1.88491327943565e-41
ccnb3	1.87438423240153e-44	1.02287950906185	0.306	0.032	2.72348028967942e-40
cenpn	2.58247529232548e-44	0.626142417992022	0.357	0.043	3.75233659974893e-40
depdc1a	6.11803552755254e-42	0.439507573324632	0.214	0.016	8.88950562153385e-38
haus6	6.8201481018434e-42	0.775790758061155	0.378	0.052	9.90967519197846e-38
cdca5	1.96068238019499e-41	0.84354668680151	0.5	0.09	2.84887149842332e-37
pcolceb	2.35738543398106e-41	1.46932662840322	0.316	0.037	3.42528103557448e-37
si:ch211-126c2.4	6.44063147458829e-41	0.519091040529295	0.245	0.022	9.35823753257679e-37
tuba8l	1.01341268844095e-40	2.07117530000111	0.959	0.507	1.4724886363047e-36
hmgn2	1.06155766494131e-40	1.73415939960512	1	0.958	1.54244328715972e-36
bub1ba	1.12896628948081e-40	0.445711309754339	0.245	0.022	1.64038801861562e-36
tubb4b	1.99162244189641e-40	1.5054727312685	1	0.971	2.89382740807549e-36
mis12	1.02556102934685e-39	0.827675866780862	0.449	0.078	1.49014017564097e-35
sass6	1.98728314564758e-39	0.359709004161992	0.204	0.015	2.88752241062593e-35
zgc:55461	5.54953032077545e-39	0.873610191454678	0.459	0.084	8.06346755608674e-35
diaph3	8.15251883556629e-39	0.36133407828845	0.153	0.008	1.18456098680778e-34
si:ch73-281n10.2	1.32552031118956e-38	1.63720158958862	1	0.849	1.92598101215843e-34
parpbp	1.54418430683422e-38	0.568147013307564	0.224	0.019	2.24369979783012e-34
tuba8l4	3.10218835995897e-38	1.72999625329041	0.98	0.661	4.50747968702038e-34
h3f3b.1	8.4398932101583e-38	1.40536354432354	1	0.896	1.226316483436e-33
esco2	1.6235034169029e-37	1.12697978014745	0.408	0.069	2.35895046475992e-33
krcp	2.95099383074943e-37	0.927968277859683	0.388	0.063	4.28779403607892e-33
arpp19b	1.45243513333539e-36	1.10985226599963	0.796	0.261	2.11038824873632e-32
si:ch211-63o20.7	1.47751449048343e-36	0.369361054050093	0.194	0.015	2.14682855467242e-32
suv39h1b	1.86487518322718e-36	0.776496312353039	0.418	0.074	2.70966364122909e-32
epyc	3.36070746980704e-36	1.19197954686634	0.388	0.061	4.88310795362963e-32
pttg1	3.70947343573721e-36	0.887195402835355	0.439	0.08	5.38986490212617e-32
cenpe	3.84790277563247e-36	0.523878488833009	0.245	0.025	5.59100273299398e-32
si:ch211-282k23.2	9.08132189436185e-36	0.402842338930041	0.265	0.03	1.31951607125078e-31
stmn1a	1.15818695047042e-35	2.21428165723012	0.888	0.398	1.68284563903352e-31
rrm2	4.28109065759836e-35	2.28903935323076	0.633	0.176	6.22042472549042e-31
si:dkey-25o16.4	4.70822652631332e-35	0.350998179908808	0.163	0.011	6.84105314273326e-31
rad51d	6.25529402454983e-35	0.393830429307959	0.194	0.016	9.0889422176709e-31
kif14	1.68378747495626e-34	0.322393607179079	0.163	0.011	2.44654320111145e-30
CKS2	1.92893926074075e-34	0.806524938554355	0.469	0.096	2.80274874585631e-30
tubb2b	5.54752181167066e-34	1.66529565479524	1	0.707	8.06054919235747e-30
rad51	1.00330022803072e-33	0.738165651259028	0.418	0.078	1.45779523132864e-29
mus81	1.04324749323891e-33	0.539033111741319	0.306	0.042	1.51583860767614e-29
cenpk	1.80105857930983e-33	0.559635199381129	0.337	0.05	2.61693811573718e-29
prr11	1.21479946788104e-32	0.45752231982759	0.204	0.019	1.76510362683116e-28
si:ch211-225g23.1	5.2315824370964e-32	0.451949575049703	0.245	0.028	7.60148928110107e-28
ccnf	5.55998225472285e-32	0.440886341654299	0.204	0.02	8.0786542161123e-28
lin37	8.48573832845462e-32	0.673814246177934	0.459	0.095	1.23297777912446e-27
itih1	1.82995789556601e-31	1.09823990975512	0.347	0.056	2.65892882225741e-27
kif20bb	2.48575008788655e-31	0.428359177983607	0.173	0.014	3.61179487769916e-27
arhgef39	5.33800208237303e-31	0.420369779705998	0.194	0.018	7.75611702568801e-27
h2afvb	5.90417156948177e-31	1.13744391995646	1	0.892	8.57876129045701e-27
tk1	3.07006987149321e-30	0.386842479462976	0.194	0.019	4.46081152327963e-26
acana	4.22112684335592e-30	0.785864689260742	0.255	0.032	6.13329730339616e-26
snorc	8.05698979351934e-30	2.37777982445049	0.388	0.079	1.17068061699836e-25
mia	1.03170761868606e-29	1.44451237111014	0.388	0.072	1.49907116995084e-25
ska3	1.37398719324385e-29	0.412454903917435	0.224	0.026	1.99640339178331e-25
si:dkey-148h10.5	1.48850238343746e-29	0.31640693358815	0.194	0.019	2.16279396313464e-25
exo1	1.66496810720842e-29	0.340024258121889	0.173	0.015	2.41919865977384e-25
dbf4	2.32935341591319e-29	0.34668173709368	0.184	0.017	3.38455051332187e-25
cenpo	2.34224008694013e-29	0.371631260881104	0.194	0.019	3.40327484632401e-25
hmgb2b	9.00488401386569e-29	1.18789191695566	1	0.802	1.30840964721468e-24
rad21a	1.42012817875327e-28	1.0604384479902	0.969	0.692	2.0634462437285e-24
haus4	1.58431184157181e-28	0.561176372439961	0.316	0.052	2.30200510580384e-24
shcbp1	2.18775605276155e-28	0.366800047171672	0.204	0.022	3.17880954466254e-24
zgc:165555.7	2.56424294251669e-28	0.716787815175355	0.184	0.018	3.72584499547676e-24
ncaph2	3.00967004796454e-28	0.673280604007276	0.286	0.044	4.37305057969248e-24
prrg2	4.47071646634917e-28	0.342549588317905	0.133	0.009	6.49595102560535e-24
fbxo5	5.21018572888045e-28	0.575610371616891	0.265	0.037	7.5703998640633e-24
si:ch211-288g17.3	6.32143534915365e-28	1.12062885958309	1	0.689	9.18504556232025e-24
oip5	2.12031693584044e-27	0.419498311888305	0.194	0.021	3.08082050777617e-23
dek	2.6990467504592e-27	0.976751720805601	0.5	0.133	3.92171492841722e-23
anp32b	2.73115093276341e-27	1.22564075890101	0.918	0.577	3.96836230530524e-23
rad54l	2.7436294957213e-27	0.452840457360532	0.255	0.036	3.98649365728305e-23
eme1	1.03747579516231e-26	0.403791350695248	0.255	0.037	1.50745233037083e-22
neil3	1.22329926092171e-26	0.409675040941189	0.173	0.017	1.77745382611924e-22
pif1	1.50317948907214e-26	0.421380594707427	0.143	0.011	2.18411979762182e-22
kmt5ab	1.59318489988463e-26	0.62726099880109	0.255	0.037	2.31489765953237e-22
cenpp	1.59575304632136e-26	0.444083954290068	0.214	0.026	2.31862917630493e-22
si:dkey-19b23.8	1.81839810984336e-26	1.47250599201589	0.418	0.095	2.6421324536024e-22
msna	2.22696224347559e-26	1.29850025577256	0.98	0.753	3.23577613977003e-22
col9a2	2.7320053572761e-26	1.57876088606108	0.52	0.143	3.96960378412217e-22
kif4	4.98175657829415e-26	0.286646023600498	0.153	0.014	7.23849230826141e-22
ect2	5.41657960029223e-26	0.40200357447624	0.194	0.022	7.87029015922462e-22
armc1l	1.05931626588948e-25	0.46368459250702	0.265	0.041	1.53918653433741e-21
loxl4	1.18521362083433e-25	1.06923504283472	0.418	0.094	1.72211539107227e-21
rrm1	1.46640728863158e-25	1.36485251227176	0.622	0.224	2.13068979038168e-21
cdc42se1	1.71184284357507e-25	1.0343227618553	0.531	0.154	2.48730765171457e-21
banf1	1.92699894074502e-25	1.17120732141436	0.867	0.451	2.79992946090251e-21
anp32a	2.82120295696208e-25	0.945043435513173	1	0.751	4.09920789646591e-21
traip	3.08473908169591e-25	0.493677372528449	0.214	0.028	4.48212588570416e-21
col8a2	8.51776900706691e-25	1.4583904142846	0.469	0.12	1.23763183672682e-20
e2f8	2.23868708563062e-24	0.440295469692519	0.224	0.031	3.25281233542129e-20
atad2	2.74135646564023e-24	0.565658669849532	0.286	0.05	3.98319094457525e-20
chaf1a	6.94464363271733e-24	1.18554107822005	0.592	0.212	1.00905671983383e-19
arpc1b	7.49754338285537e-24	1.14582932155557	0.745	0.298	1.08939305352888e-19
nucks1b	8.9412767022623e-24	1.10276655043526	0.786	0.378	1.29916750483871e-19
tgm2l	1.46332769726439e-23	1.90590035582109	0.449	0.116	2.12621514412516e-19
nsl1	1.51934323836192e-23	0.47956467570032	0.265	0.044	2.20760572533988e-19
terf1	2.10029900715458e-23	0.522295880972528	0.265	0.045	3.05173445739561e-19
ube2s	2.20702778576777e-23	0.554287852025541	0.276	0.048	3.20681137272057e-19
cav2	1.0166842110281e-22	0.957103677188215	0.367	0.083	1.47724215862383e-18
col11a1a	1.0762175023266e-22	1.65895663802322	0.51	0.164	1.56374403088055e-18
krt18a.1	1.65291723614519e-22	1.31052898111578	0.99	0.615	2.40168874411896e-18
cldn11b	8.75205315116601e-22	0.547821889260432	0.367	0.084	1.27167332286442e-17
emd	1.81346775399729e-21	0.934641970541291	0.622	0.238	2.63496864655807e-17
col9a3	2.52048089591903e-21	1.83854640666859	0.541	0.187	3.66225874177036e-17
lmnb1	2.60345274257967e-21	0.890264938219162	0.786	0.351	3.78281683496826e-17
si:dkeyp-117h8.4	5.03075980648016e-21	0.25892818711409	0.133	0.013	7.30969399881567e-17
chek1	5.52248493590834e-21	0.406881305182227	0.224	0.036	8.02417061187481e-17
si:ch211-266i6.3	6.05000698455784e-21	0.267068594396684	0.112	0.009	8.79066014856253e-17
cdc6	6.27708837027304e-21	0.739145814421478	0.347	0.082	9.12060940200673e-17
swi5	8.33081932191839e-21	0.709957656416937	0.459	0.135	1.21046804747474e-16
ppp1r1c	1.26094838647403e-20	1.15565149546544	0.459	0.131	1.83215800554676e-16
col11a2	1.92563733396046e-20	0.977192855269228	0.388	0.099	2.79795104624454e-16
si:ch73-1a9.3	2.08490732834842e-20	0.923909043323	1	0.961	3.02937034809025e-16
col2a1b	2.14103114674657e-20	0.800520536568023	0.592	0.202	3.11091825622277e-16
cthrc1a	2.35744134408611e-20	1.03494852325041	0.439	0.123	3.42536227295712e-16
sinhcafl.1	2.53234499294974e-20	0.927293015718513	0.796	0.363	3.67949727475597e-16
ucmab	3.06312107680525e-20	0.927522300893448	0.224	0.037	4.45071492459803e-16
asf1ba	3.6515631589762e-20	0.977242834218171	0.469	0.145	5.30572126999243e-16
si:ch211-153a8.4	3.90977339148168e-20	0.329808339922873	0.184	0.025	5.68090073782289e-16
hapln1b	4.06623140115991e-20	1.61646145649108	0.388	0.107	5.90823422588534e-16
neil1	4.30802562534861e-20	0.378260890839741	0.214	0.034	6.25956123363153e-16
cyp26b1	7.94131267910842e-20	0.873466378977938	0.561	0.182	1.15387273227445e-15
cdc25b	8.47938422661492e-20	0.366497573536095	0.194	0.029	1.23205452812715e-15
fgfrl1a	1.18444263549718e-19	0.827380486780501	0.582	0.204	1.7209951493774e-15
zw10	1.4560958893066e-19	0.523913669245409	0.337	0.079	2.11570732716248e-15
haus1	1.45778900538715e-19	0.401403415112806	0.224	0.038	2.11816742482752e-15
ncapd3	1.4884342514093e-19	0.348069768027411	0.153	0.019	2.16269496729772e-15
jpt2	1.73321088627549e-19	0.781461029444112	0.878	0.477	2.51835541775829e-15
dtymk	2.28915131325898e-19	0.545524562105888	0.327	0.077	3.32613685816529e-15
itga10	3.07659643963546e-19	0.391309963207501	0.204	0.032	4.47029462679032e-15
ctdspl3	5.15131602892584e-19	0.591002624185704	0.5	0.154	7.48486219002925e-15
crip2	5.44099593712362e-19	0.928385368809139	0.48	0.151	7.90576709664061e-15
wee1	5.67288859764061e-19	0.532491726756101	0.286	0.061	8.24270713237181e-15
fam76b	6.51294138257509e-19	0.84649331288034	0.684	0.292	9.4633038288816e-15
si:dkey-5n7.2	6.82329308589142e-19	0.30683697268102	0.133	0.014	9.91424485380023e-15
calm3b	7.10740169892941e-19	0.779639339782907	0.969	0.841	1.03270546685444e-14
plk4	1.07489397221522e-18	0.353324997667366	0.173	0.025	1.56182094162872e-14
mybl2b	1.11265451876294e-18	0.55611344488769	0.255	0.051	1.61668701576255e-14
sept8b	1.11298876720757e-18	0.805277253993541	0.388	0.104	1.6171726787526e-14
col2a1a	1.26501880776572e-18	1.90405559324759	0.551	0.209	1.83807232768359e-14
tmpoa	1.84119307905545e-18	0.869315057335959	0.51	0.183	2.67525354386756e-14
prxl2b	2.20117804143928e-18	0.506095314094729	0.265	0.054	3.19831169421127e-14
seta	2.48663713868682e-18	0.764020301351328	0.98	0.77	3.61308376251196e-14
wdr76	2.51724930848095e-18	0.316053636940912	0.163	0.022	3.65756324522282e-14
foxc1a	2.74915053319519e-18	1.18529090700726	0.571	0.222	3.99451572473261e-14
si:dkey-23f9.4	2.91035302131286e-18	0.397149572190253	0.214	0.037	4.22874293996758e-14
rad51ap1	3.2519548685e-18	0.265703743933831	0.184	0.028	4.72509042393051e-14
palld	5.14480278920009e-18	0.474369574604201	0.633	0.228	7.47539845270774e-14
klf2b	5.1733096677671e-18	0.884093265953449	0.418	0.122	7.5168189472656e-14
col9a1a	5.49022748476657e-18	1.79049588240013	0.52	0.197	7.97730053536582e-14
raver1	5.56349594275009e-18	0.330077448640136	0.163	0.023	8.08375960481588e-14
cnmd	8.56596102325773e-18	1.69312420789137	0.541	0.206	1.24463413667935e-13
loxl3b	9.27878000012473e-18	0.591567804240571	0.286	0.062	1.34820673401812e-13
fgfbp2b	9.64803561654625e-18	1.22774932018173	0.612	0.241	1.40185957508417e-13
foxc1b	1.39024173334943e-17	1.01187130931435	0.673	0.303	2.02002123855672e-13
xkr5b	1.85604241209997e-17	0.329939948676774	0.173	0.026	2.69682962478126e-13
plscr3b	2.90865673143947e-17	0.668855337395209	0.878	0.447	4.22627823078155e-13
runx3	3.34921904594274e-17	0.275490119935012	0.163	0.023	4.8664152737548e-13
cdc7	4.5552972698604e-17	0.478412118920297	0.224	0.043	6.61884693310716e-13
cdc45	5.45065156377989e-17	0.392181555044571	0.214	0.04	7.91979672217218e-13
asf1bb	5.77804781428995e-17	0.910114859376626	0.541	0.217	8.39550347416329e-13
rgs5a	7.55249216513898e-17	0.550964629495848	0.418	0.121	1.09737711159469e-12
si:ch211-161h7.4	8.34549812710171e-17	0.438710655894631	0.306	0.075	1.21260087786788e-12
fhl1b	1.22887977188422e-16	1.38492593460627	0.531	0.209	1.78556230854778e-12
krt8	1.60603751035873e-16	0.949809419044188	0.969	0.726	2.33357250255124e-12
h2afx	1.82698876773102e-16	0.831018648847492	0.49	0.178	2.65461467951317e-12
lin52	2.1300503065467e-16	0.571214898028813	0.541	0.203	3.09496309541235e-12
nemp2	3.69563384268105e-16	0.296925710265177	0.153	0.022	5.36975597341557e-12
si:ch1073-296i8.2	4.14317734275822e-16	0.442799720229778	0.204	0.038	6.02003667902769e-12
mier1a	5.35317975875938e-16	0.519980195607626	0.286	0.071	7.77817018947739e-12
pip5k1bb	5.79988948836045e-16	0.787755935933889	0.327	0.089	8.42723942658774e-12
ptmab	5.95522089843611e-16	0.619352520689998	1	0.972	8.65293596542768e-12
si:ch211-156b7.4	7.40490198171425e-16	0.872836994894193	0.49	0.19	1.07593225794308e-11
pdlim5a	8.5721680067399e-16	0.542895871961054	0.367	0.101	1.24553601137931e-11
nutf2l	9.17182611602464e-16	1.02169246899962	0.684	0.37	1.33266633465838e-11
tuba1b	9.94528138879892e-16	1.16827916861211	0.541	0.228	1.44504938579248e-11
dhfr	1.02459933284797e-15	0.85566576633786	0.459	0.168	1.4887428306281e-11
e2f4	1.03402832187932e-15	0.476063336977857	0.327	0.088	1.50244315169065e-11
mtss1	1.07513510890719e-15	0.581654702627042	0.357	0.102	1.56217131324215e-11
arf6a	1.49855993254187e-15	0.83619799381213	0.643	0.299	2.17740758198334e-11
nfybb	1.68608938011672e-15	0.459443444906456	0.337	0.093	2.44988786930959e-11
capgb	2.09595344642514e-15	0.522123946202527	0.296	0.072	3.04542035765572e-11
calm2b	2.25066126901838e-15	0.598307587793628	1	0.873	3.2702108238837e-11
cavin2b	2.34811317275773e-15	0.872386098023081	0.449	0.157	3.41180844001698e-11
msi1	2.63093935671536e-15	0.491790461124303	0.255	0.057	3.82275488530741e-11
mkrn4	3.25369187767822e-15	0.513422569411299	0.388	0.118	4.72761429826646e-11
bicdl2	3.83295833107842e-15	0.336987070555947	0.184	0.032	5.56928845505694e-11
nkx3.2	4.15947678175566e-15	0.866594597618755	0.306	0.082	6.04371976389097e-11
si:dkey-185e18.7	4.2760105511416e-15	0.503998186593348	0.224	0.048	6.21304333080874e-11
poc1b	4.80229283056597e-15	0.34677839242399	0.204	0.041	6.97773148281235e-11
si:dkey-264d12.4	5.55858644887283e-15	0.33793001625965	0.214	0.042	8.07662611021221e-11
phldb2b	6.03264688439002e-15	0.798847780588156	0.316	0.09	8.7654359230187e-11
si:ch211-66k16.27	6.05975132078262e-15	0.756760565682604	0.418	0.144	8.80481866909715e-11
MZT1	6.85392672071059e-15	0.594879593692167	0.531	0.207	9.95875552519249e-11
wif1	7.00410539441975e-15	0.394988966203092	0.306	0.078	1.01769651380919e-10
enpp1	9.10170017652075e-15	0.617692045154606	0.347	0.103	1.32247703564846e-10
fgfrl1b	1.24860660863599e-14	0.624089762192947	0.408	0.131	1.8142254023481e-10
tubg1	1.3234105084103e-14	0.494034049678849	0.306	0.085	1.92291546872016e-10
pdcd6	1.42797286577904e-14	1.02531753343106	0.714	0.349	2.07484457397694e-10
hmgn7	1.99067394631466e-14	0.664801148313869	0.98	0.891	2.89244924399521e-10
vrk1	2.13711083480492e-14	0.574226107445132	0.337	0.103	3.10522204297155e-10
si:ch211-156j16.1	2.18910077364144e-14	0.795039170160051	0.643	0.323	3.18076342410101e-10
clic4	2.72510836793137e-14	0.728978358034575	0.724	0.403	3.95958245860428e-10
thap12a	2.98618369656519e-14	0.392727254662495	0.245	0.058	4.33892491110922e-10
chaf1b	3.0744444499135e-14	0.56658888118697	0.265	0.069	4.46716778572432e-10
tbx15	3.48923980346949e-14	0.635299468252043	0.306	0.083	5.06986543444117e-10
rasgef1bb	4.71526456612007e-14	0.64436245601181	0.469	0.173	6.85127941457246e-10
mmp2	4.92101251830114e-14	0.609538770396341	0.735	0.351	7.15023118909156e-10
cav1	5.06288296356758e-14	0.454253934922883	0.245	0.057	7.35636894606369e-10
wwp2	5.13389241264714e-14	0.578584325650942	0.429	0.143	7.45954567557629e-10
prim2	5.15072576046729e-14	0.811157213816151	0.388	0.135	7.48400452995898e-10
cpne2	5.33756376122256e-14	0.326194394683378	0.255	0.059	7.75548014505637e-10
lmna	5.56934625235628e-14	0.506151276830396	0.347	0.1	8.09226010467367e-10
hmga1a	6.6655281346197e-14	0.630552016816163	1	0.884	9.68501237960243e-10
psat1	6.77997945301045e-14	0.612158454643821	0.684	0.316	9.85131014522419e-10
ecrg4a	7.15895185090639e-14	0.687295877459916	0.418	0.141	1.0401957039367e-09
smtnl	8.29366080498459e-14	0.474708583853741	0.214	0.047	1.20506891496426e-09
aes	1.05607718516581e-13	0.472874415535237	0.153	0.026	1.53448015004592e-09
cd151l	1.14418120754007e-13	0.725462094821999	0.612	0.275	1.66249529455573e-09
cdc14b	1.16354180738378e-13	1.14883093493461	0.48	0.198	1.69062624612864e-09
igfbp3	1.23295118922915e-13	0.720764332127934	0.388	0.127	1.79147807794995e-09
smc1al	1.3690025056934e-13	0.73954216625641	0.816	0.442	1.98916064077252e-09
pclaf	1.40946655515022e-13	0.672364813374561	0.439	0.16	2.04795490463327e-09
zgc:194469	1.46379042637269e-13	0.400589920586208	0.276	0.072	2.12688748951951e-09
vkorc1l1	1.48570759791666e-13	0.458909549533723	0.469	0.172	2.15873313977291e-09
creb5b	1.59832834256849e-13	0.444458802165739	0.163	0.029	2.32237108175202e-09
tbx5a	1.95846031415394e-13	0.391855316014716	0.235	0.053	2.84564283646567e-09
emilin1a	2.10342777903205e-13	0.345226947662874	0.194	0.039	3.05628056293356e-09
eps8l2	2.65700772895981e-13	0.351491754696563	0.163	0.029	3.8606322301786e-09
cdkn3	2.68678933628753e-13	0.304750009375501	0.133	0.02	3.90390490562578e-09
tp53inp2	2.77074618003264e-13	1.18949880165574	0.49	0.215	4.02589419958742e-09
nsmce2	2.86622755915489e-13	0.42198103805575	0.316	0.095	4.16462864345206e-09
matn1	2.88433399890898e-13	0.783404561847239	0.276	0.074	4.19093730041475e-09
gins3	3.07263254111732e-13	0.422613917173393	0.255	0.066	4.46453508224347e-09
stard13b	3.6654392342125e-13	0.541546489174094	0.276	0.075	5.32588320731077e-09
myl6	3.88452400902956e-13	0.51082107370142	0.684	0.328	5.64421338511995e-09
mob2b	3.8975661749042e-13	0.545051864563768	0.337	0.102	5.6631636521358e-09
si:dkey-6n21.12	3.95417738586438e-13	0.568146706854889	0.49	0.191	5.74541974166094e-09
pin1	4.34919991220135e-13	0.732068711605426	0.765	0.496	6.31938747242856e-09
gstr	4.52896998875657e-13	0.725657329187846	0.592	0.274	6.5805933936633e-09
lsm7	5.79245594457673e-13	0.659800947180321	0.888	0.541	8.41643848746999e-09
marveld1	7.52693221122011e-13	0.689261659448842	0.49	0.199	1.09366325029028e-08
zgc:165555.12	1.05663282438528e-12	0.603401465594183	0.143	0.025	1.53528749383182e-08
cnppd1	1.09950312910231e-12	0.513356785156646	0.5	0.202	1.59757804658565e-08
fam198a	1.36612143781415e-12	0.451189394817572	0.357	0.115	1.98497444914396e-08
cyp1b1	1.58586846032487e-12	0.399849904194781	0.163	0.031	2.30426687285203e-08
myl9a	1.67730042581415e-12	0.720782331392088	0.337	0.108	2.43711751870796e-08
sept7b	1.86274867121392e-12	0.517979143366484	0.582	0.256	2.70657381927382e-08
scmh1	1.91294855953331e-12	0.254276861179285	0.153	0.028	2.77951425700189e-08
zgc:110425	2.25398600002392e-12	0.580931317250377	0.398	0.148	3.27504165803476e-08
hbegfa	2.56794896603354e-12	1.10002368566053	0.52	0.232	3.73122984764673e-08
ssna1	3.15533109463636e-12	0.397647555023855	0.245	0.066	4.58469608050664e-08
gcnt4a	3.1780031702948e-12	0.629668698586253	0.235	0.059	4.61763860643834e-08
fosl1a	3.29616297742257e-12	0.995935773136519	0.857	0.551	4.78932480619499e-08
itga9	3.32345788145933e-12	0.676467053710602	0.378	0.13	4.82898430176041e-08
hapln1a	3.76539511849915e-12	0.528050929512364	0.653	0.308	5.47111910717927e-08
svild	3.82529981111418e-12	0.448515054236266	0.306	0.092	5.5581606255489e-08
btg3	4.44772667680368e-12	0.690484870403006	0.5	0.219	6.46254686139575e-08
agpat4	4.53084841653731e-12	0.565264839718891	0.327	0.106	6.58332274922871e-08
cd276	5.4426188937068e-12	0.606660043736349	0.469	0.195	7.90812525255598e-08
cdkn1a	5.53835144527609e-12	0.516101851215968	0.347	0.114	8.04722464998617e-08
col6a1	6.28006724290165e-12	0.751261416465662	0.337	0.11	9.1249377039361e-08
fbln2	7.15155151696962e-12	0.291961911701689	0.173	0.036	1.03912043541569e-07
tnfaip8l1	7.77000726430332e-12	0.302210368123028	0.245	0.064	1.12898205550327e-07
msx3	8.7564576175137e-12	0.459879330036799	0.265	0.074	1.27231329182474e-07
clic2	9.59213692187565e-12	0.910081151885344	0.439	0.173	1.39373749474853e-07
ctdsp1	9.81264409795708e-12	0.465966177955897	0.49	0.196	1.42577718743316e-07
tyms	1.00340211460395e-11	0.71909044055442	0.337	0.12	1.45794327251954e-07
loxl1	1.19639794320368e-11	0.43042828619047	0.327	0.101	1.73836621147495e-07
pawr	1.37345044263166e-11	0.401669825427387	0.224	0.056	1.99562349314381e-07
hoxd9a	1.52543991247546e-11	0.594563660911799	0.265	0.078	2.21646419282685e-07
ubc	1.70646924520038e-11	0.494375326650938	1	0.982	2.47949981327616e-07
txnrd3	1.83656887830346e-11	0.57530373061469	0.571	0.273	2.66853458017493e-07
nemp1	1.88697918839244e-11	0.276122231719694	0.173	0.038	2.74178076073422e-07
hist2h3c	2.04828010937698e-11	0.263656128020371	0.102	0.015	2.97615099892475e-07
actb1	2.77458342535809e-11	0.510789202064044	1	0.983	4.0314697170453e-07
fpgs	3.40764803616688e-11	0.418027875883145	0.296	0.093	4.95131259655048e-07
iqgap1	3.50272039010151e-11	0.451495885773712	0.276	0.083	5.08945272681749e-07
matn4	3.89174883606014e-11	0.498590605680814	0.357	0.123	5.65471105879538e-07
gpat3	3.89424118381493e-11	0.398980107064903	0.245	0.069	5.65833244008309e-07
cenps	4.26150352172807e-11	0.462960209080284	0.245	0.072	6.19196461707089e-07
ttf2	4.51229471310052e-11	0.311684501051953	0.173	0.039	6.55636421813505e-07
col6a3	4.98110595465819e-11	0.530135665935592	0.204	0.05	7.23754695211834e-07
gcshb	5.88651812153119e-11	0.259280278062091	0.153	0.031	8.55311083058482e-07
bub3	6.16784497838187e-11	0.308449143630084	0.204	0.052	8.96187875358885e-07
kif15	6.68818648458344e-11	0.255330556376672	0.153	0.032	9.71793496209973e-07
fgfr3	7.10551513830588e-11	0.479241746443566	0.347	0.118	1.03243134959584e-06
tuft1a	8.63223436623504e-11	0.698179569529691	0.398	0.153	1.25426365341395e-06
ethe1	9.34329029510777e-11	0.262010982856911	0.173	0.039	1.35758007987916e-06
zgc:85936	9.7765836740513e-11	0.29993061881522	0.133	0.025	1.42053760783965e-06
actn1	1.00263597874844e-10	0.621626888238342	0.316	0.109	1.45683007712148e-06
cenpw	1.09414953803304e-10	0.477690353036194	0.316	0.111	1.589799278762e-06
hnrnpa0b	1.09777666890455e-10	0.500643118333354	1	0.832	1.59506949991832e-06
f13a1b	1.13405512954647e-10	0.507579142243014	0.357	0.125	1.64778210323102e-06
ahcy	1.39834655650283e-10	0.526680251175035	0.898	0.594	2.03179754659861e-06
pmp22a	1.46637872718931e-10	0.637789748107353	0.929	0.637	2.13064829060607e-06
xrcc5	1.48056480720195e-10	0.417268848481441	0.276	0.09	2.15126066486444e-06
zgc:162200	1.96063121361023e-10	0.26217438922169	0.173	0.041	2.84879715337566e-06
tmpob	1.98056978771777e-10	0.404112274851637	0.306	0.102	2.87776790155392e-06
slc38a5a	2.23223633576276e-10	0.388172190748112	0.163	0.036	3.24343939586328e-06
tfdp1b	2.42420090026295e-10	0.338165082374232	0.316	0.109	3.52236390808207e-06
cep85	2.43454512089463e-10	0.25523724992331	0.173	0.041	3.53739406065989e-06
sod1	2.61439619806341e-10	0.517820483888991	0.857	0.585	3.79871767578613e-06
flot1b	2.6334971874074e-10	0.619723796916747	0.878	0.635	3.82647141330295e-06
ctdspl2a	2.70934110589846e-10	0.308446718850844	0.204	0.054	3.93667262687046e-06
paxip1	3.04109077787526e-10	0.290294577095385	0.194	0.05	4.41870490025276e-06
fam49a	3.10689856553762e-10	0.71052778049894	0.592	0.313	4.51432361572616e-06
stard8	3.17650030983861e-10	0.473952566427942	0.327	0.114	4.6154549501955e-06
spon2b	3.52706858019493e-10	0.734233044856287	0.194	0.049	5.12483064702323e-06
loxl2b	4.24075532960471e-10	0.465571873821139	0.418	0.171	6.16181749391565e-06
cpn1.1	4.43209892610322e-10	0.88654035055694	0.653	0.374	6.43983973962797e-06
pcna	5.43968824651852e-10	1.26265482377416	0.653	0.388	7.9038670221914e-06
tpm4a	6.38426358928136e-10	0.445168430097277	0.918	0.564	9.27633499522582e-06
aaas	6.4036612062613e-10	0.333819614198309	0.194	0.051	9.30451973269766e-06
pbxip1b	6.59504573701086e-10	0.287624690891837	0.102	0.016	9.58260145587678e-06
ing5b	6.65056886800348e-10	0.252849770318142	0.143	0.03	9.66327656520906e-06
snai1a	6.80822329524901e-10	0.581257190657147	0.704	0.419	9.89234844799682e-06
chtf8	7.8416260491973e-10	0.520319646924547	0.255	0.084	1.13938826494837e-05
cd63	8.56080714033619e-10	0.262014639866321	0.98	0.657	1.24388527749085e-05
ccsapb	1.05066297969965e-09	0.287219578235952	0.173	0.042	1.52661330950359e-05
pacsin3	1.06341496022259e-09	0.410513282079593	0.418	0.165	1.54514193720342e-05
stk38a	1.14739456562596e-09	0.286814820380324	0.133	0.027	1.66716430385452e-05
col1a1b	1.19176397964137e-09	0.657627840211693	0.398	0.161	1.73163306241891e-05
polr3glb	1.28757853231931e-09	0.439418980258384	0.408	0.168	1.87085160745995e-05
cdc42ep3	1.43752545356152e-09	0.485222804232719	0.173	0.044	2.08872448402489e-05
enah	1.56384443696025e-09	0.436289682433063	0.296	0.101	2.27226596690325e-05
tpm1	1.60224931816569e-09	0.495302530069507	0.49	0.224	2.32806825929474e-05
txndc11	1.63534696617172e-09	0.277886131904054	0.204	0.056	2.37615914184751e-05
ezrb	1.6834568030951e-09	0.827875928420891	0.347	0.148	2.44606273489718e-05
ska2	1.74871716423706e-09	0.318544905672035	0.316	0.112	2.54088603963645e-05
ranbp1	1.82467692748344e-09	0.606120275097266	0.796	0.533	2.65125557563344e-05
setb	1.83579404743973e-09	0.5256941448199	0.969	0.769	2.66740875092992e-05
calua	1.87027494978213e-09	0.494295272297431	0.724	0.405	2.71750950203343e-05
kctd12.2	2.15609659383862e-09	0.710587011333078	0.316	0.116	3.13280835084752e-05
unc119.1	2.39438238292354e-09	0.530865618424142	0.337	0.127	3.4790376023879e-05
si:dkeyp-110e4.6	2.50386107749008e-09	0.453165362729747	0.235	0.072	3.63811014559308e-05
gyg1b	2.72296289827801e-09	0.440345788806922	0.48	0.211	3.95646509119795e-05
nedd1	2.74397786069887e-09	0.253369295144885	0.133	0.028	3.98699983159546e-05
grasp	2.76048568821419e-09	0.460889281203195	0.245	0.078	4.01098570497521e-05
tnfaip6	2.78597447976652e-09	0.493494729814907	0.327	0.119	4.04802091910076e-05
slc12a2	3.03125995864027e-09	0.46954147739923	0.255	0.085	4.40442071990431e-05
si:dkey-109l4.3	3.07937781009473e-09	0.27448777073017	0.163	0.041	4.47433595806764e-05
cep57l1	3.44073667287049e-09	0.281046688428829	0.204	0.058	4.99939038568082e-05
foxa3	3.5517638243917e-09	0.286874038568775	0.194	0.051	5.16071283684114e-05
tagln2	3.75139823242814e-09	0.411428344552641	0.52	0.239	5.45078163171809e-05
hist1h4l	4.35009323844483e-09	0.33859501468691	0.214	0.065	6.32068547546034e-05
ndnl2	4.43611837727687e-09	0.393674089195552	0.337	0.132	6.4456800021833e-05
cse1l	4.51252697497594e-09	0.330032916083255	0.327	0.123	6.55670169464005e-05
lhx6	4.73302425256921e-09	0.476984524437015	0.276	0.096	6.87708423898306e-05
xrcc6	4.84581369380608e-09	0.321636454747016	0.245	0.08	7.04096729710023e-05
elf2b	5.08445611137529e-09	0.347129751144992	0.316	0.117	7.38771472982829e-05
boc	5.36652589208895e-09	0.59064033647921	0.602	0.308	7.79756212120524e-05
atp1a1b	5.36832232418458e-09	0.385347971189859	0.327	0.122	7.8001723370402e-05
selenoh	5.9265684340231e-09	0.445673728733415	0.837	0.544	8.61130393463556e-05
psd2	6.02222642508701e-09	0.291852110582355	0.276	0.094	8.75029499565142e-05
skp2	6.19901866837064e-09	0.307137268340893	0.173	0.046	9.00717412514254e-05
zgc:55943	6.24574930876743e-09	0.479086246946138	0.418	0.189	9.07507374563908e-05
sgms1	6.69653502097256e-09	0.439742523791362	0.398	0.169	9.73006538547314e-05
sparc	7.04151172366771e-09	0.374707524381591	0.98	0.681	0.000102313165344892
rassf1	7.6909735990271e-09	0.41813531215622	0.378	0.159	0.000111749846393864
nup37	8.26531744474549e-09	0.476038807275939	0.306	0.119	0.000120095062472152
zgc:162730	8.39372467381479e-09	0.449083585356699	0.918	0.687	0.000121960819510529
enox2	8.53768693529552e-09	0.339241004473587	0.265	0.088	0.000124052591169844
cdk2	9.1720549661289e-09	0.476008894376517	0.337	0.139	0.000133269958657853
tmem184ba	9.36410481958822e-09	0.278433175789881	0.357	0.138	0.000136060443028617
lmnb2	1.1852578913828e-08	0.539258736583231	0.388	0.174	0.000172217971617922
socs3b	1.21713071279894e-08	0.644773135075332	0.898	0.656	0.000176849092569686
si:ch211-11k18.4	1.33778559598927e-08	0.534749473872551	0.439	0.212	0.000194380247097241
sdc4	1.34346244380484e-08	0.481272883359439	0.98	0.851	0.000195205093084844
aifm2	1.35002886095983e-08	0.432060960761426	0.418	0.184	0.000196159193497463
lmf2b	1.3777282634188e-08	0.410624539849634	0.347	0.142	0.000200183916674752
tpm3	1.38173970714608e-08	0.450876907154003	0.878	0.674	0.000200766779448325
cbx2	1.3964358552913e-08	0.378777703333803	0.286	0.105	0.000202902129773827
rbb4l	1.40921345702607e-08	0.494716579132119	0.622	0.351	0.000204758715305887
ptgdsa	1.43930716564297e-08	0.294599504077114	0.133	0.03	0.000209131331167923
pola2	1.49968611682509e-08	0.297550154340774	0.194	0.057	0.000217904392774686
fkbp9	1.58270462145501e-08	0.339582919581184	0.714	0.412	0.000229966981497413
pagr1	1.58284904496647e-08	0.422302944715723	0.469	0.226	0.000229987966233629
kpnb1	1.65890546540751e-08	0.543675861016759	0.51	0.276	0.000241038964123711
lin9	1.73347489011753e-08	0.251353222293608	0.173	0.047	0.000251873901534077
prim1	1.79613718248628e-08	0.470788394810875	0.306	0.121	0.000260978732615256
sumo3b	1.93171545868855e-08	0.75160322436212	0.765	0.528	0.000280678256147446
pef1	1.9351953480694e-08	0.453915092638737	0.5	0.244	0.000281183884074483
hoxd12a	1.95631005425157e-08	0.580707067300484	0.204	0.062	0.000284251850882752
rad1	2.20956099328923e-08	0.317325057967478	0.184	0.054	0.000321049212324926
gnai2a	2.24191432308826e-08	0.465394269279177	0.704	0.408	0.000325750151144724
lig1	2.25320917344667e-08	0.702861281299254	0.469	0.239	0.000327391292901801
sema3bl	2.4052672006745e-08	0.325036050846138	0.194	0.056	0.000349485324258004
nup93	2.44318898839574e-08	0.363934794974063	0.429	0.193	0.000354995360013901
phgdh	2.53483804453079e-08	0.553107773001542	0.541	0.292	0.000368311967870324
ezh2	2.75063536451952e-08	0.299729071543473	0.224	0.074	0.000399667318464686
rbm39a	2.87811013126696e-08	0.352813125045256	0.622	0.327	0.000418189402073089
igf2bp2b	3.08699113841378e-08	0.453284760687561	0.52	0.263	0.000448539812411522
cdca4	3.15759532698663e-08	0.466520997280803	0.561	0.286	0.000458798601011158
lmo4a	3.48666751842067e-08	0.581415469973796	0.5	0.253	0.000506612790426524
ran	3.82252577503314e-08	0.33948798958562	0.99	0.967	0.000555412995112315
bmpr1ba	3.86138775877087e-08	0.49779490638035	0.367	0.16	0.000561059641349408
dpp3	3.88245928847337e-08	0.421233284321416	0.388	0.175	0.000564121334615181
si:ch211-218g4.2	4.0530537555865e-08	0.260130439819518	0.153	0.039	0.000588908710686719
fus	4.1776439876914e-08	0.43888147749723	0.551	0.291	0.00060701167141156
pnrc2	4.39720456785024e-08	0.410745343562978	0.99	0.939	0.00063891382370864
sult1st1	4.44337323179434e-08	0.343038825459232	0.316	0.124	0.000645622130579717
pim3	4.6802948158261e-08	0.603847571564406	0.643	0.401	0.000680046836739532
xrcc1	4.76768983670352e-08	0.369709939073883	0.337	0.142	0.000692745333273021
carhsp1	4.77636319948722e-08	0.684279150985374	0.551	0.332	0.000694005572885493
srpx	4.97286618999154e-08	0.314193838075848	0.276	0.099	0.00072255745740577
net1	5.03226999035238e-08	0.403594416521085	0.684	0.399	0.000731188829598201
mindy3	5.21623499280257e-08	0.32282149122311	0.265	0.095	0.000757918944454213
pdk2b	5.38424462009804e-08	0.801255849448545	0.439	0.211	0.000782330743300245
col6a2	5.38436001984258e-08	0.391874535537838	0.214	0.068	0.000782347510883126
nap1l1	5.75708316628175e-08	0.436780702575503	0.551	0.295	0.000836504184060739
maff	6.84061214248476e-08	0.351571111762782	0.765	0.482	0.000993940944303036
ifrd1	6.99048305413316e-08	0.466051280257471	0.653	0.362	0.00101571718776555
rsrp1	7.33199392575059e-08	0.551621812289628	0.908	0.695	0.00106533871741156
sinhcafl	7.39628436480652e-08	0.395244098493582	0.561	0.297	0.00107468011820639
MDFIC	7.42975360193748e-08	0.303075944432843	0.235	0.079	0.00107954319836152
ifi30	7.63386304566297e-08	0.394593055938824	0.449	0.219	0.00110920030053483
ppp6c	7.64496692172543e-08	0.557888630308925	0.673	0.475	0.0011108136937267
hoxa13b	7.69703261667506e-08	0.496815069331344	0.235	0.08	0.00111837883920289
plod3	8.38728332463363e-08	0.490796805288659	0.531	0.283	0.00121867226706927
arl6ip1	8.68604292434021e-08	0.322043325493212	0.806	0.528	0.00126208203690663
junba	9.98113609069638e-08	0.506059830609197	0.949	0.776	0.00145025907397818
hoxa10b	1.03271399184493e-07	0.33334494464986	0.245	0.085	0.00150053343015069
ss18l2	1.11373121331831e-07	0.502488294226529	0.388	0.183	0.0016182514529515
zgc:162879	1.17092882037881e-07	0.333921421373861	0.163	0.045	0.0017013595760104
lipg	1.17263804220772e-07	0.424328510299914	0.224	0.076	0.00170384307532782
usp39	1.21024616561247e-07	0.377541207318833	0.357	0.159	0.00175848767863492
rplp2	1.21681304984511e-07	0.283954960938173	1	0.997	0.00176802936142495
ift46	1.25783188416832e-07	0.419170862194129	0.296	0.119	0.00182762972769656
tram1	1.2780427662753e-07	0.492933988760026	0.571	0.328	0.00185699613939801
p3h3	1.31101863988121e-07	0.31187339684746	0.306	0.122	0.00190491008374739
nutf2	1.34396370735088e-07	0.44000779053241	0.49	0.252	0.00195277926678082
papss2b	1.4199058873186e-07	0.609570448156901	0.388	0.189	0.00206312325427393
serpinh1b	1.48778054544296e-07	0.620685964334821	0.959	0.809	0.00216174513252862
pmp22b	1.49609564102762e-07	0.535214106164619	0.663	0.42	0.00217382696641313
mfsd2ab	1.60784621467364e-07	0.301292620982514	0.276	0.105	0.0023362005499208
pknox2	1.61865254107988e-07	0.302931517300479	0.194	0.06	0.00235190214218907
arhgdia	1.7080407458615e-07	0.426749475262548	0.847	0.553	0.00248178320373676
hsp70.3	1.71221959129366e-07	0.757123228661743	0.99	0.946	0.00248785506614969
ppp1caa	1.88805816317145e-07	0.58234644597305	0.755	0.553	0.00274334851108812
ube2t	1.90746667935154e-07	0.565513913825567	0.245	0.096	0.00277154908509778
cuedc2	1.95828196538997e-07	0.284207515325768	0.235	0.084	0.00284538369571163
ugdh	1.98592787756969e-07	0.405278694496001	0.49	0.249	0.00288555320610877
si:dkey-12l12.1	2.01357670310881e-07	0.526753630579315	0.163	0.046	0.0029257269496171
slbp	2.06087802999685e-07	0.404048749549324	0.357	0.16	0.00299445577758542
atf1	2.13785415443998e-07	0.432028806984114	0.561	0.309	0.00310630208640129
miip	2.28554193157397e-07	0.341719630960629	0.194	0.064	0.00332089242657698
sumo3a	2.59827156414146e-07	0.443449051912106	0.939	0.796	0.00377528858269755
mxra8b	2.6407041727242e-07	0.373888257483947	0.337	0.138	0.00383694316296826
slc43a1a	2.71475778732809e-07	0.314832886988421	0.439	0.212	0.00394454306498771
si:dkey-7j14.6	2.73711532923715e-07	0.452672660306921	0.776	0.516	0.00397702857338158
ccdc77	2.75538689179168e-07	0.264866710299192	0.143	0.039	0.00400357715377331
slc39a7	2.97033139829985e-07	0.374865156833501	0.541	0.29	0.00431589152172968
sox6	3.36921172208944e-07	0.836817760733823	0.347	0.169	0.00489546463219595
si:ch211-51e12.7	3.40294948324807e-07	0.399988971893747	0.898	0.629	0.00494448559915945
ccdc187	3.96840881284765e-07	0.329913462746651	0.357	0.159	0.00576609800506764
arid4a	4.23779907037879e-07	0.36050670543134	0.439	0.215	0.00615752204926039
u2af1	4.25119653235676e-07	0.423011814512194	0.776	0.521	0.00617698856151437
rfc5	4.51880271432775e-07	0.531114214807029	0.408	0.21	0.00656582034391822
rangap1a	4.63418023610941e-07	0.339264898546123	0.398	0.196	0.00673346388306697
iqsec1b	4.80464953468614e-07	0.347451521053288	0.459	0.233	0.00698115577389897
baz1b	4.97833099079478e-07	0.263018614902698	0.306	0.128	0.00723351492962481
cirbpa	5.41860127514472e-07	0.333422508954123	1	0.94	0.00787322765278528
zgc:113921	5.61020319856264e-07	0.271343800815013	0.194	0.064	0.00815162524751152
h2afva	6.3919000013202e-07	0.497251544586724	0.867	0.682	0.00928743070191825
si:ch211-51h9.7	6.49933098729319e-07	0.252637423585396	0.143	0.04	0.00944352792453701
kat5b	6.72078311030625e-07	0.362928116067699	0.296	0.124	0.00976529785927499
tmem45a	7.01833474295558e-07	0.300922486207962	0.429	0.204	0.0101976403815145
ndc1	7.18718193891555e-07	0.299380264548412	0.276	0.113	0.0104429753572443
sub1a	7.44841865063966e-07	0.520563081212275	0.867	0.701	0.0108225522993794
lpar1	7.47796754266081e-07	0.319605762341748	0.255	0.098	0.0108654868394862
KCTD15	7.71808028578678e-07	0.328194959814209	0.327	0.143	0.0112143706552482
gale	8.04217056908785e-07	0.448295588202724	0.245	0.095	0.0116852738368846
myo1ea	8.04361129337052e-07	0.310524359208278	0.265	0.103	0.0116873672092674
ctnnb1	8.05178203689319e-07	0.43593271516202	0.929	0.728	0.0116992392996058
anp32e	8.4553848240786e-07	0.45113135501866	0.735	0.485	0.0122856741493862
chchd3a	8.54775823167411e-07	0.32112540071552	0.306	0.131	0.0124198927106225
etv5a	8.68914379900278e-07	0.367402814632608	0.255	0.102	0.012625325939951
p4hb	8.69835602712714e-07	0.449152506377079	0.459	0.238	0.0126387113074157
yap1	9.09242826667916e-07	0.373985092411712	0.694	0.428	0.0132112982714848
rfc3	1.02202757932343e-06	0.397420622549707	0.357	0.173	0.0148500607275694
hey1	1.03612424009818e-06	0.732306485729275	0.347	0.167	0.0150548852086266
h3f3b.1.2	1.04529846510225e-06	0.365132254161889	0.939	0.831	0.0151881866979358
nog3	1.09076470063132e-06	0.295889925203354	0.214	0.075	0.0158488111001731
msi2b	1.10556839060962e-06	0.418556937723843	0.418	0.213	0.0160639087155578
kcnk5b	1.13099319781408e-06	0.260812411258837	0.255	0.098	0.0164333311642386
acat1	1.14652246055242e-06	0.2955393733246	0.408	0.198	0.0166589713518266
poglut1	1.19111357961654e-06	0.323298786662175	0.286	0.122	0.0173068803118283
rpa3	1.22690909176153e-06	0.577592835360103	0.52	0.305	0.0178269891032951
slc35d1a	1.26844014381798e-06	0.375236056175518	0.306	0.134	0.0184304352896753
ccnl1a	1.27587664895571e-06	0.580190651071198	0.51	0.303	0.0185384877093265
lrrc8c	1.32642656535729e-06	0.309681424793951	0.204	0.072	0.0192729779946414
ppp6r3	1.32757565637271e-06	0.332666656861609	0.48	0.255	0.0192896742870954
ctnnb2	1.43791503354482e-06	0.484193976198187	0.745	0.514	0.0208929054374062
mdm4	1.44667929855409e-06	0.311738729818655	0.367	0.172	0.0210202502079909
creb3l2	1.45235313943248e-06	0.421691819687584	0.316	0.139	0.0211026911159539
anxa11a	1.47387662199689e-06	0.378566037707899	0.653	0.381	0.0214154273176147
fzr1a	1.51968401543074e-06	0.413152657254963	0.398	0.195	0.0220810087442087
ctdspl2b	1.52411700182213e-06	0.276317350715135	0.184	0.062	0.0221454200364756
ctgfa	1.53009452689034e-06	0.387555830667479	0.541	0.309	0.0222322734757166
foxf2a	1.53914754015418e-06	0.829688364275042	0.316	0.151	0.0223638137584403
cd81a	1.63290616510807e-06	0.332313047382353	0.99	0.875	0.0237261265790202
cnbpa	1.74810353717208e-06	0.440411604003708	0.847	0.655	0.0253999443951103
atf4b	1.85243901919527e-06	0.430704523044842	0.959	0.862	0.0269159389489073
hcfc1a	1.95068081417947e-06	0.30577838411976	0.378	0.181	0.0283433922300276
ier2a	1.99299702092706e-06	0.377876465678904	0.918	0.741	0.0289582467140702
pitpnaa	2.05500442378955e-06	0.274620806124925	0.367	0.172	0.0298592142776622
lnpa.1	2.21118392559901e-06	0.461644097115795	0.276	0.124	0.0321285024389537
rnaseh2b	2.22073255220229e-06	0.320899801257655	0.235	0.096	0.0322672439834992
fgfr2	2.2391986899828e-06	0.436984935940957	0.306	0.136	0.0325355569654501
angptl1a	2.27278020464634e-06	0.323175053838429	0.153	0.047	0.0330234963735114
tmem11	2.27890487770247e-06	0.31056601429127	0.459	0.24	0.0331124878730169
lysmd3	2.33293681912349e-06	0.279836969939524	0.49	0.251	0.0338975719818643
rarga	2.42963973279792e-06	0.318646530584835	0.602	0.364	0.0353026653175538
ctcf	2.76616330062131e-06	0.288954013113287	0.224	0.087	0.0401923527580277
hpgd	2.82553725146472e-06	0.819115776796938	0.214	0.084	0.0410550562637824
usp1	2.8717831985203e-06	0.270033821340192	0.224	0.088	0.0417270098744999
glrx	3.01162676117302e-06	0.499072477121977	0.653	0.425	0.0437589368398439
klf11b	3.12860776528904e-06	0.518097753354903	0.571	0.34	0.0454586708296497
terfa	3.21679854275594e-06	0.394792127056064	0.337	0.164	0.0467400828262438
tma7	3.21697494720159e-06	0.367120982726087	0.929	0.721	0.0467426459828391
zgc:153867	3.36169891328682e-06	0.33011571553827	0.949	0.841	0.0488454852100575
