gene	p_val	avg_log2FC	pct.1	pct.2	p_val_adj
ptger4a	7.53918423535502e-205	0.989605687224036	0.388	0.005	1.09544346939708e-200
pah	7.45698994080009e-186	2.69398597458973	0.912	0.061	1.08350063839825e-181
si:ch211-243a20.3	2.87961566068858e-168	2.86449830387338	0.887	0.064	4.1840815549805e-164
actn2b	3.67234860058426e-163	1.35839472960681	0.488	0.015	5.33592251664892e-159
tspan10	4.62199389435705e-150	2.10373176406153	0.762	0.051	6.71575712850079e-146
pnp4a	9.60126475859312e-150	2.41248959299526	0.9	0.077	1.39506376942358e-145
lgals2a	4.42032161177822e-140	3.68822807320501	0.963	0.103	6.42272730191376e-136
tyrp1a	1.30221904237924e-137	3.25670077072192	0.988	0.104	1.89212426857704e-133
hnmt	6.76223332129316e-136	1.160319455509	0.462	0.017	9.82552501583897e-132
tyr	4.07754213977837e-130	1.33539012859217	0.512	0.023	5.92466872909797e-126
CABZ01084501.3	4.37295670789311e-130	0.756230578733536	0.238	0.003	6.35390609656869e-126
slc24a5	4.95518534114803e-127	1.47877325889824	0.55	0.029	7.19988430068808e-123
nppa	6.11452889824663e-126	0.77268710009331	0.238	0.003	8.88441048915236e-122
qdpra	1.64906273720822e-125	3.30207328670497	0.95	0.118	2.39608815716354e-121
tmem243a	1.74705876988101e-120	2.52507050452092	0.925	0.101	2.53847639263711e-116
anxa2a	1.16147878536209e-118	3.13773228919526	0.975	0.124	1.68762867513112e-114
csrp2	6.13085315473803e-112	2.11237699056949	0.825	0.082	8.90812963383435e-108
SMIM18	1.47984418294093e-110	1.36210063707088	0.375	0.014	2.15021359781317e-106
pmelb	3.73720928783613e-109	0.433903574864197	0.15	0.001	5.4301650952259e-105
rabl6b	6.09967502285184e-109	2.57244756533433	0.938	0.125	8.86282780820373e-105
mlpha	2.55681798892757e-106	1.89543159366156	0.95	0.111	3.71505653791176e-102
rab32a	5.12473378305848e-104	2.32403857337523	0.875	0.109	7.44623818678398e-100
zgc:91968	4.35471499386411e-102	3.05478465076564	1	0.15	6.32740088608456e-98
slc29a3	2.43455551767366e-101	1.85150829374623	0.75	0.076	3.53740916717983e-97
gpr143	2.44581407675743e-99	2.59837185877147	0.975	0.145	3.55376785352855e-95
agtrap	7.77057215784529e-99	1.6931068050401	0.725	0.072	1.12906413453492e-94
akr1b1	2.17023321013758e-97	2.7688430034726	0.887	0.127	3.1533488543299e-93
slc45a2	5.34592229720388e-94	2.82474951122181	1	0.167	7.76762509783723e-90
atp6v1c1b	2.37667221598758e-93	1.81264180515665	0.725	0.081	3.45330472982995e-89
mtbl	2.93922293081054e-88	3.07898088344615	1	0.188	4.27069091846772e-84
slc3a2a	2.97934025442647e-88	2.26991627785135	0.887	0.129	4.32898138968166e-84
gramd2aa	6.24779682598237e-88	1.63197090784521	0.75	0.086	9.07804878815238e-84
nme4	3.43776651129463e-87	1.44647629475239	0.688	0.073	4.99507474091109e-83
dct	3.19360524584494e-86	4.15451267442923	1	0.216	4.6403084222127e-82
mitfa	5.23011736434418e-85	1.48780189280672	0.688	0.072	7.59936053039209e-81
viml	3.21978068259441e-82	0.689791305695742	0.238	0.007	4.67834133180968e-78
FP085398.1	1.50444948685893e-81	0.781458406782929	0.35	0.018	2.18596510440602e-77
uraha	2.23832521199913e-81	1.85488732208399	0.55	0.049	3.25228653303473e-77
gch2	5.92323000235465e-81	4.08939188558132	1	0.257	8.6064531934213e-77
zgc:165573	1.0966308012161e-80	1.68189809362142	0.825	0.119	1.59340455416699e-76
pcbd1	2.50894848251367e-80	3.28375004399936	0.988	0.246	3.64550214509237e-76
ocstamp	1.37284126438704e-79	1.24969514862383	0.375	0.022	1.99473835715437e-75
naga	2.39338667842007e-79	2.19945898087085	0.812	0.132	3.47759084374436e-75
vamp5	5.15846847450524e-79	1.75098431240144	0.812	0.12	7.49525469345611e-75
abracl	7.67650855476298e-79	3.13303828406202	1	0.267	1.11539669300706e-74
sypl2b	3.84400027995648e-78	2.00352457146407	0.825	0.133	5.58533240677676e-74
slc2a15b	5.00702356683089e-77	1.54870103280792	0.725	0.086	7.27520524260528e-73
smim29	2.61988271698795e-76	2.6735425573827	0.975	0.232	3.80668958778349e-72
gpd1c	4.82108995395252e-75	0.804194198667742	0.375	0.023	7.00504370309301e-71
gpd1a	7.09156702573498e-73	1.35253462476923	0.5	0.046	1.03040468883929e-68
si:dkey-21a6.5	2.22775240789717e-71	1.66870112026818	0.762	0.108	3.23692424867459e-67
hs1bp3	1.29826026578084e-70	0.92140101940814	0.388	0.027	1.88637216617956e-66
gstt1a	1.5659658884956e-70	3.52435766625238	1	0.319	2.27534843598411e-66
anxa13l	5.83315008876996e-69	1.26919512017012	0.688	0.09	8.47556707898275e-65
s100a10b	2.45774072260262e-68	3.11566823345552	0.938	0.216	3.5710972699416e-64
atp6v1ab	4.47043433492149e-65	1.66431605925579	0.688	0.105	6.49554108864093e-61
ap3m2	1.54324212549792e-64	1.74132104570703	0.787	0.141	2.24233080834848e-60
si:dkeyp-118a3.2	1.97005205386387e-64	1.22333232351678	0.388	0.03	2.8624856342642e-60
cotl1	1.22400411258269e-63	2.89143730965778	1	0.36	1.77847797558265e-59
atp6v1d	4.78904450572952e-63	1.30339551444849	0.688	0.103	6.958481666825e-59
si:dkey-204f11.64	7.20891717163235e-63	1.8903110121349	0.925	0.204	1.04745566503818e-58
osbpl10b	1.9109930971889e-62	1.33077677469054	0.55	0.065	2.77667297021547e-58
atp6v1g1	1.07696176060958e-61	3.13671025982162	1	0.437	1.56482543816572e-57
pttg1ipb	1.23820247932733e-61	2.20458653752203	0.887	0.207	1.79910820246262e-57
rnaseka	1.9408800706119e-61	2.25221945220335	0.938	0.272	2.82009874259909e-57
bloc1s6	2.73606635429094e-61	2.01434351500895	0.9	0.229	3.97550441278474e-57
anxa1a	2.9666139894819e-61	2.19815601806045	0.925	0.21	4.3104901267172e-57
tfap2e	5.35660777558827e-61	1.52873238700689	0.65	0.09	7.78315109792975e-57
tmem243b	1.60343000301946e-60	1.99422396759335	0.8	0.17	2.32978379438728e-56
atp6v0ca	1.64088562218628e-60	3.78814336542745	1	0.463	2.38420680903667e-56
timeless	5.83265477195947e-60	1.47846462344207	0.637	0.096	8.4748473836571e-56
rab34b	8.17225507617549e-59	0.884136791700845	0.35	0.026	1.1874286625683e-54
pmela	3.18813279781502e-58	2.98219018321073	1	0.337	4.63235695522523e-54
pitpnaa	3.83331424033731e-58	1.97493769417363	0.775	0.164	5.56980559121011e-54
zgc:110339	5.25590888595748e-58	3.43815742413363	1	0.42	7.63683561129622e-54
tpd52l2a	1.43855662816504e-57	1.36145578117924	0.7	0.117	2.09022278072381e-53
mlip	3.9275363461817e-56	0.559485828571684	0.238	0.012	5.70671031100201e-52
stx12l	1.43482715199262e-55	0.919695677722926	0.462	0.049	2.08480385184528e-51
psen2	3.14854951042419e-55	1.15041635840673	0.588	0.084	4.57484243864634e-51
cst14a.2	3.35453851674267e-55	2.82502270856263	1	0.508	4.8741444648271e-51
CABZ01032488.1	6.27891258963307e-54	1.80980176210665	0.762	0.164	9.12325999273685e-50
gnpda1	2.77146571874388e-53	1.41200274430658	0.525	0.072	4.02693968933486e-49
sft2d1	3.50381996659088e-53	1.33041951850848	0.625	0.102	5.09105041145655e-49
fabp11a	3.69701875611738e-53	2.56969204868871	0.65	0.109	5.37176825263856e-49
slc22a2	1.58784670149599e-52	1.10747580142712	0.55	0.07	2.30714125727367e-48
tspan36	1.89571659069411e-52	2.85124608830434	0.825	0.202	2.75447620627854e-48
tyrp1b	3.54744360413433e-52	2.96645391003512	1	0.412	5.15443555680718e-48
syngr2b	4.37054777055608e-52	1.47564856358005	0.613	0.097	6.35040591061799e-48
arl6ip1	4.54744924018615e-52	2.60679960411561	1	0.525	6.60744374599048e-48
rtn1b	2.41377640653515e-51	1.8197821996751	0.95	0.236	3.50721711869558e-47
tuba8l3	2.51030188427712e-50	2.43032832646366	0.988	0.469	3.64746863785466e-46
dtnbp1a	9.57872697238241e-50	1.63718648054579	0.7	0.143	1.39178902908716e-45
atp6v1f	1.98679253452561e-49	1.18776387839782	0.575	0.089	2.88680955266571e-45
si:dkey-86l18.10	2.35535915814129e-49	0.52184304245682	0.225	0.012	3.42233685677929e-45
ldhba	3.21516640216288e-49	2.80104704223443	1	0.658	4.67163678234266e-45
pfn1	5.31838952346217e-49	1.88459484338715	0.975	0.365	7.72761997759053e-45
anxa5b	2.12125851375327e-48	1.83512189515716	0.775	0.179	3.08218862048351e-44
gstp1	3.27300372645948e-48	2.69682347130037	1	0.509	4.75567441454563e-44
psph	4.56654778181587e-48	1.49204061021701	0.775	0.187	6.63519392697846e-44
top1mt	5.61112031084248e-48	0.809853967826494	0.3	0.024	8.15295781165413e-44
zgc:110591	7.56666838116561e-48	1.32327906164381	0.637	0.115	1.09943691578336e-43
actr10	2.09924930273279e-46	1.73645082542445	0.825	0.243	3.05020923687075e-42
gsto1	3.80642770085796e-46	0.357758555848773	0.15	0.005	5.53073944934661e-42
amdhd2	4.44663153288015e-46	1.01104614040011	0.575	0.093	6.46095561727486e-42
s100w	5.98469537679587e-46	0.935904725793383	0.438	0.051	8.6957623824844e-42
uchl3	1.67114010698057e-45	1.6683286604538	0.725	0.174	2.42816657544276e-41
glb1l	5.26092257037049e-45	1.13750785066789	0.462	0.063	7.64412049474832e-41
mical3b	5.8042040504638e-45	0.959660058553651	0.462	0.062	8.4335084853239e-41
atp6v1e1b	6.61218097339733e-45	1.88798628373784	0.938	0.354	9.60749895434632e-41
atp6ap1b	7.34985558713693e-45	1.31191633436888	0.575	0.102	1.067934016811e-40
si:dkey-250k10.4	8.74015306350405e-45	1.15848530766074	0.15	0.005	1.26994424012714e-40
rab3il1	1.2470189215864e-44	0.935239558546221	0.438	0.056	1.81191849306504e-40
sh3glb2b	8.57776215556188e-44	1.57656313944526	0.775	0.199	1.24634884120314e-39
si:ch211-71m22.3	1.08228037729378e-43	0.824087203554027	0.3	0.026	1.57255338820787e-39
atp6v1ba	1.8571985049688e-43	1.65150277053187	0.787	0.22	2.69850942771966e-39
opn5	2.02823614548085e-43	0.475435203336275	0.2	0.011	2.94702711938368e-39
atox1	2.64240442013464e-43	2.02747855213521	0.938	0.443	3.83941362245564e-39
prdx2	3.99574943002199e-43	2.03442860489549	1	0.875	5.80582392182195e-39
spock3	4.92674834269497e-43	1.32463434200633	0.75	0.16	7.1585653419358e-39
vamp3	5.43162700307595e-43	1.9283430766755	0.988	0.601	7.89215403546936e-39
ckbb	6.02408978758475e-43	1.56606985825777	0.95	0.321	8.75300246136063e-39
stx12	7.69354231660594e-43	1.54213435377545	0.8	0.231	1.11787169860284e-38
prkar1b	9.51168940313209e-43	0.855553754849219	0.362	0.039	1.38204847027509e-38
adssl1	1.14554602873171e-41	0.738915007644747	0.35	0.038	1.66447837974717e-37
rpl26.1	1.14987030635388e-41	1.54593991498799	1	0.893	1.67076155513219e-37
plppr5a	5.24305453867844e-41	0.554076203642226	0.238	0.017	7.61815824469977e-37
spra	3.05176204750436e-40	0.916975960323888	0.35	0.04	4.43421025502384e-36
pepd	4.33924997053892e-40	1.27936800517478	0.662	0.156	6.30493020719305e-36
rac3b	4.40182784757696e-40	0.968293822918247	0.5	0.078	6.39585586252932e-36
pik3c3	4.587719274285e-40	0.952146867018433	0.475	0.072	6.6659561055361e-36
idh1	8.57421333109199e-40	1.41444547174932	0.812	0.231	1.24583319700767e-35
tpk1	2.2273868806591e-39	0.871949590084014	0.375	0.047	3.23639313759767e-35
si:ch211-122f10.4	2.26733347636401e-39	0.751002338128577	0.325	0.035	3.29443554115691e-35
vps26a	2.28397753150663e-39	1.49390279400783	0.775	0.222	3.31861935327914e-35
COX5B	1.55838325727226e-38	1.47530963789617	0.988	0.848	2.2643308728166e-34
zgc:110239	2.11791315211495e-38	1.30114630317231	0.65	0.147	3.07732781002302e-34
lmnl3	2.55126409537672e-38	0.612264240940848	0.275	0.025	3.70698673058237e-34
fabp3	3.56904025067717e-38	1.70469500660079	1	0.753	5.18581548423393e-34
rab5c	4.33576438547764e-38	1.68467013041335	0.912	0.43	6.29986565209902e-34
si:ch211-195b13.1	5.21067964569611e-38	1.04833085769866	0.55	0.098	7.57111752519645e-34
atp6v0a2b	6.69190512605361e-38	0.921145868710782	0.425	0.061	9.7233381481559e-34
dynlrb1	7.74940526739696e-38	1.58350619203932	0.963	0.693	1.12598858535278e-33
TXN	8.78219489965863e-38	1.2819736950894	1	0.917	1.2760529189204e-33
arpc3	1.03936753868222e-37	1.66254573608739	0.975	0.683	1.51020103370526e-33
dctn3	1.63910638904531e-37	1.7556359694124	0.9	0.478	2.38162158328284e-33
icn	1.84064773686702e-37	2.30429932211236	0.863	0.338	2.67446116166777e-33
ndrg1a	4.37360870021824e-37	1.19680070981008	0.5	0.09	6.35485344141711e-33
pfn2	1.04683733862073e-36	1.6168383386187	1	0.857	1.52105465301592e-32
CPNE8	2.0491988443735e-36	1.12932505073736	0.562	0.107	2.97748592087469e-32
rab7a	5.27724079924732e-36	1.56756227738317	0.825	0.308	7.66783088130636e-32
slc24a4a	6.32233763834803e-36	0.822258144733271	0.375	0.049	9.18635658851968e-32
prdx6	1.65206602865503e-35	1.59033613992991	0.713	0.208	2.40045193963576e-31
atp5mc1	2.64510552225953e-35	1.53168441328434	0.988	0.687	3.8433383238431e-31
scpep1	2.81560847806669e-35	1.31551025526892	0.713	0.198	4.09107911863089e-31
sptlc2a	4.57306308500019e-35	0.852399933015239	0.425	0.066	6.64466066250527e-31
slc30a8	9.03776864888288e-35	0.957048675266162	0.312	0.036	1.31318778468268e-30
tmem50a	1.67978787789164e-34	1.52450163588313	0.875	0.396	2.44073178657656e-30
rasd1	3.53121053950547e-34	1.08640296736491	0.575	0.114	5.13084891390144e-30
gdi1	4.44612159891957e-34	1.44011563600863	0.75	0.222	6.46021468323014e-30
pafah1b3.1	1.10625024816242e-33	1.57305543214799	0.787	0.296	1.60738161057999e-29
msx1b	1.27929791563148e-33	1.09424436124054	0.525	0.103	1.85881987141254e-29
lamtor5	1.40177586273009e-33	1.37222004250288	0.7	0.215	2.03678032854682e-29
cdk15	2.86464164355346e-33	0.773244092624382	0.362	0.05	4.16232430808318e-29
cyb5r3	3.57589958346414e-33	1.01124314716588	0.575	0.125	5.19578209477339e-29
zgc:63831	3.66599869700314e-33	1.05014205594997	0.4	0.062	5.32669610674556e-29
sh3d21	7.31394808281298e-33	0.588430369851136	0.262	0.027	1.06271665643273e-28
gpx4b	8.96809462958221e-33	1.42943149297798	0.938	0.625	1.3030641496783e-28
atp6v0d1	9.365694586195e-33	1.46060028063866	0.775	0.266	1.36083542337413e-28
si:dkey-24c2.9	1.07581800097542e-32	0.437321525580764	0.212	0.017	1.56316355541728e-28
cox8a	1.08267188809962e-32	1.2461509992735	1	0.867	1.57312225340875e-28
atp6v1h	1.13866083039454e-32	1.39695561938981	0.725	0.228	1.65447418656326e-28
tmsb4x	1.4989443669483e-32	1.0838603773317	1	0.988	2.17796616517588e-28
arhgdia	2.20975397506328e-32	1.48435801951801	0.95	0.552	3.21077252576695e-28
cd63	6.6902811918638e-32	1.77723162798675	0.975	0.658	9.7209785717781e-28
atp6ap2	8.04341555703934e-32	1.56851638880072	0.863	0.364	1.16870828043782e-27
ywhaz	8.57558034401026e-32	1.55747937571515	0.975	0.671	1.24603182398469e-27
atp5pf	1.09802225308858e-31	1.35514380834762	0.963	0.689	1.5954263337377e-27
dync1li2	1.0984546075943e-31	1.20461848003771	0.613	0.159	1.59605454483452e-27
slc37a2	1.29063679077098e-31	1.53076216765976	0.838	0.324	1.87529525699024e-27
gra	1.91615540246661e-31	0.343391186232145	0.175	0.012	2.78417379978399e-27
degs1	7.32645897694821e-31	1.52236815229709	0.838	0.354	1.06453448935058e-26
pts	7.96685047184904e-31	0.442808129887406	0.162	0.011	1.15758337355967e-26
rab1ab	8.06732145353367e-31	1.57304129775718	0.912	0.552	1.17218180719844e-26
arl8ba	1.05963947273753e-30	1.04769080606392	0.613	0.156	1.53965615388763e-26
cdaa	1.13199038899253e-30	0.626624611191389	0.238	0.024	1.64478203520615e-26
lamtor3	1.19641165535589e-30	1.13847409699295	0.613	0.158	1.73838613523211e-26
marcksl1b	4.58612538985819e-30	1.29511863759381	1	0.778	6.66364019146395e-26
vma21	5.20892680733598e-30	1.31293980321738	0.825	0.343	7.56857065105918e-26
aldh2.1	6.27360924689328e-30	1.80674062533785	0.762	0.309	9.11555423573593e-26
palm1a	8.129582168773e-30	0.79370645854577	0.375	0.059	1.18122828912272e-25
hopx	8.33191186136576e-30	1.06128833998783	0.488	0.097	1.21062679345644e-25
zgc:194981	1.13547450606932e-29	0.27484866889408	0.15	0.009	1.64984445731872e-25
vps29	1.68158480478852e-29	1.41280921818563	0.85	0.417	2.44334272135772e-25
plpp1a	1.69702673063166e-29	1.10217973235725	0.588	0.141	2.4657798396078e-25
cox6a1	1.77274864560294e-29	1.13719775603697	0.975	0.831	2.57580378206108e-25
ssr3	2.39780821983308e-29	1.31869975609852	0.988	0.787	3.48401534341746e-25
tpd52l1	2.80916796996863e-29	0.625483519643843	0.325	0.045	4.08172106036441e-25
fuom	3.98395706036661e-29	0.730696785777262	0.288	0.037	5.78868960871268e-25
uqcrh	4.16890565357373e-29	1.24641030909826	0.975	0.71	6.05741991464262e-25
palm1b	8.61004301920445e-29	1.25005161267141	0.8	0.286	1.25103925069041e-24
uevld	1.07561241945831e-28	0.420511707271745	0.2	0.018	1.56286484547292e-24
dctn2	1.2731649872835e-28	1.31185063682522	0.9	0.455	1.84990872652292e-24
tuba8l	1.66270125989677e-28	1.49501716243378	0.938	0.51	2.41590493063001e-24
nptx1l	2.51085363100501e-28	0.987983033500328	0.412	0.074	3.64827032585028e-24
aph1b	3.4436825345212e-28	0.923810098032508	0.45	0.093	5.0036707226593e-24
bves	4.17960635896778e-28	0.524081569473177	0.225	0.023	6.07296803958018e-24
nqo1	4.37407023473356e-28	1.02656170245709	0.462	0.092	6.35552405106787e-24
ctsd	5.63089776333876e-28	1.70303008277881	0.863	0.431	8.18169445013121e-24
smyd1a	5.86470218787699e-28	0.587404943943055	0.25	0.029	8.52141227898527e-24
pfdn4	7.36707563630078e-28	1.38885780597687	0.912	0.533	1.0704360899545e-23
fxyd1	7.88958295158501e-28	1.19252013223957	0.85	0.302	1.1463564028653e-23
pmm2	8.02278748315853e-28	0.940140245007492	0.5	0.112	1.16571102130294e-23
commd5	8.98504504330743e-28	0.885463698932294	0.4	0.073	1.30552704479257e-23
cox6b2	1.47257736165004e-27	0.980538327720977	1	0.937	2.13965490647751e-23
trappc6b	2.17796084976957e-27	0.840599483206249	0.462	0.095	3.16457711471518e-23
bhlhe41	3.18873148143654e-27	0.837515883944037	0.425	0.08	4.63322684252729e-23
rab7b	3.57960427992824e-27	0.522725504818314	0.188	0.017	5.20116501873573e-23
fkbp2	5.94020237519597e-27	1.40598710228029	0.838	0.449	8.63111405115974e-23
gdi2	6.52990474068604e-27	1.33205958787058	0.938	0.647	9.48795158821681e-23
tnfaip8l3	7.03215783013232e-27	0.745996703947282	0.325	0.049	1.02177253271823e-22
CABZ01026681.1	1.13265649653703e-26	0.773638400237412	0.325	0.051	1.64574988946831e-22
CU467646.6	1.24896979324182e-26	0.369784981997733	0.138	0.009	1.81475310958037e-22
adi1	1.31680925531623e-26	1.27202133389102	0.675	0.235	1.91332384797448e-22
slco1c1	1.36559261181992e-26	0.343929163255662	0.125	0.007	1.98420606497435e-22
actb2	1.79264316251791e-26	0.905974863657513	1	0.999	2.60471051513853e-22
slc39a1	3.89756102242992e-26	0.743303141344815	0.412	0.079	5.66315616559067e-22
lamtor2	1.07959022736827e-25	1.45042564979414	0.7	0.274	1.5686446003661e-21
wdr83os	2.01729042150208e-25	1.50307790684128	0.775	0.388	2.93112298244252e-21
emp3b	3.01313546112968e-25	0.686786546343484	0.375	0.066	4.37808582502143e-21
aldh16a1	3.23432522994709e-25	0.621148567028645	0.275	0.038	4.69947455911313e-21
nfu1	3.45203641822735e-25	0.927841467949704	0.5	0.123	5.01580891568434e-21
ywhaqa	3.66368718473774e-25	1.44877993412116	0.85	0.475	5.32333747942394e-21
si:dkey-188i13.11	6.64920030020705e-25	1.08126921789629	0.662	0.215	9.66128803620085e-21
lamtor4	9.64323637064087e-25	1.15960333405953	0.7	0.261	1.40116224465412e-20
stambpa	9.92254667911462e-25	0.901736476260859	0.537	0.139	1.44174603247535e-20
dpp7	1.74260283328434e-24	1.0637634378119	0.613	0.187	2.53200191676215e-20
vac14	2.70755092988089e-24	0.638212690006909	0.312	0.051	3.93407150111693e-20
ucp2	2.75567856830161e-24	1.10005109015732	0.875	0.386	4.00400095974224e-20
rab14	4.61829805509432e-24	1.37127748511494	0.85	0.469	6.71038707405205e-20
commd8	4.68900150441183e-24	0.903940931386527	0.5	0.126	6.81311918591039e-20
coro1ca	5.80141788292071e-24	0.94698504385864	0.512	0.133	8.42946018388379e-20
ssuh2rs1	8.74623431099494e-24	1.314298888505	0.762	0.353	1.27082784538757e-19
bloc1s4	9.877777282004e-24	0.85700962750414	0.488	0.115	1.43524103907518e-19
idh3b	1.03134810971994e-23	0.865747715292768	0.45	0.106	1.49854880342307e-19
cript	1.19788649273543e-23	0.759998370179174	0.388	0.078	1.74052907394458e-19
zgc:163014	1.32529034807169e-23	0.2978619836024	0.15	0.012	1.92564687574816e-19
ap2m1a	1.5738974442147e-23	1.16320513791651	0.938	0.681	2.28687298644396e-19
ywhaba	1.62874667977322e-23	0.990448755410711	0.988	0.838	2.36656892571049e-19
trappc2l	1.82484844500404e-23	1.07692096407173	0.625	0.214	2.65150479059087e-19
anxa4	2.98308419294189e-23	1.04639844511332	0.787	0.335	4.33442133234456e-19
zgc:63863	3.23862102899783e-23	0.857630785275213	0.425	0.095	4.70571635513384e-19
rab20	3.36170945048954e-23	0.905458601828164	0.562	0.16	4.88456383156131e-19
cox7a2a	4.98891059163966e-23	1.17700170580808	0.925	0.68	7.24888708965242e-19
ndrg3a	8.0496508059946e-23	1.07581018285988	0.6	0.183	1.16961426211102e-18
uqcr10	8.7080191165582e-23	1.10068341481683	0.925	0.627	1.26527517763591e-18
atg3	9.53826059660768e-23	1.00368405373624	0.5	0.138	1.3859092646871e-18
snx15	9.59396867905746e-23	0.565205212334412	0.288	0.046	1.39400364906705e-18
tmem9b	9.89959839182416e-23	1.03408190430636	0.65	0.215	1.43841164633205e-18
lysmd1	1.23206460635393e-22	0.689069717827527	0.338	0.063	1.79018987303227e-18
cycsb	1.94164710545715e-22	1.12420610083118	0.912	0.6	2.82121324422924e-18
atp5meb	2.42761107881808e-22	1.10296805475828	0.925	0.687	3.52731889752267e-18
ppiab	3.40352508494192e-22	0.747725731720275	1	0.977	4.94532194842061e-18
pfn2l	3.57962748956707e-22	1.14767192067315	0.925	0.768	5.20119874234095e-18
cox4i1	4.35565556035494e-22	0.891895588545323	0.963	0.847	6.32876752919573e-18
gstr	4.36987430663654e-22	0.987396421427054	0.725	0.273	6.3494273675429e-18
zgc:175088	4.46030893260301e-22	0.872057773866085	0.65	0.211	6.48082887907218e-18
BX571715.1	4.48588916992586e-22	0.487091244795256	0.188	0.021	6.51799696390227e-18
dctn5	6.08113151194378e-22	1.11805030347057	0.7	0.28	8.83588408685431e-18
capns1a	9.10261334790717e-22	1.21073472892057	0.738	0.332	1.32260971945091e-17
cst14a.1	9.29771412543834e-22	0.405992741744223	0.2	0.024	1.35095786242619e-17
cox6c	1.12285535661817e-21	1.07969678153425	0.912	0.73	1.63150883316621e-17
actr1	1.65737384795711e-21	1.18008103075204	0.738	0.328	2.40816420108168e-17
zgc:110789	1.77070520703629e-21	0.638351557534523	0.238	0.034	2.57283466582373e-17
eno3	2.13227832370551e-21	1.27799868586147	0.688	0.278	3.09820040434411e-17
galcb	2.48723507248388e-21	0.426271256833901	0.162	0.016	3.61395256031907e-17
calm2a	4.52128412640846e-21	1.16101900088069	0.9	0.574	6.5694258356715e-17
cmtm7	5.97104690356449e-21	0.852312270596722	0.637	0.204	8.6759311508792e-17
TPGS1	6.12919708212797e-21	0.886535332632561	0.45	0.117	8.90572336033195e-17
zgc:92481	7.23956631245149e-21	0.511309335127548	0.225	0.031	1.0519089851992e-16
prss16	7.35136185247621e-21	0.748109134843424	0.438	0.108	1.06815287716479e-16
ywhabl	1.58006219908984e-20	0.948895412417251	0.963	0.876	2.29583037527753e-16
fkbp1aa	1.60259930193302e-20	0.750141725120676	1	0.964	2.32857678570868e-16
ano10a	1.6833629910451e-20	0.819102014918108	0.425	0.104	2.44592642598853e-16
ehd1b	1.73853249707533e-20	0.931404153563489	0.475	0.129	2.52608771825045e-16
chmp2bb	2.05863701730632e-20	0.995503667271157	0.662	0.245	2.99119958614608e-16
dusp23b	2.89952314395839e-20	0.297643761372013	0.175	0.02	4.21300712817155e-16
ift27	3.96109653485176e-20	0.915247725541208	0.462	0.127	5.75547326513961e-16
mrpl53	5.50448764389676e-20	0.976183614945913	0.55	0.185	7.998020546582e-16
rpl12	5.96332454074545e-20	0.651976557431704	1	0.997	8.66471055770313e-16
dbi	6.62831200561515e-20	1.19481374138119	0.887	0.632	9.63093734415881e-16
cyb5b	7.47589439650356e-20	0.551114003937568	0.288	0.051	1.08624745581197e-15
atp6v1c1a	8.36190677785891e-20	0.93958390179367	0.562	0.177	1.2149850548229e-15
epoa	9.16702268485433e-20	0.310681713430638	0.138	0.012	1.33196839610933e-15
cyba	1.10578927314285e-19	0.520270168600341	0.262	0.044	1.60671181387657e-15
crabp2b	1.20413202343114e-19	0.998540818312581	0.762	0.338	1.74960383004544e-15
snx3	1.87857195724082e-19	1.07547559473019	0.662	0.285	2.72956505387091e-15
pla2g15	2.2046150147033e-19	0.727303920014976	0.613	0.193	3.2033056163639e-15
bri3	2.46609534545529e-19	0.88498101643538	0.5	0.15	3.58323653694653e-15
tubb4b	2.47711767147961e-19	0.859590374707066	1	0.971	3.59925197665988e-15
gstz1	2.68693761171041e-19	0.798948809398101	0.488	0.137	3.90412034981523e-15
dpm2	2.80327605168079e-19	0.936212680692819	0.562	0.186	4.07316010309218e-15
epdl1	2.85468179716086e-19	0.260980870098491	0.15	0.015	4.14785265127474e-15
scamp3	2.92837553804314e-19	0.882478745612221	0.45	0.122	4.25492965677668e-15
cox7b	3.18862786033761e-19	0.853012141005927	0.963	0.823	4.63307628107055e-15
gmfb	3.59875963148716e-19	1.11623744048655	0.787	0.444	5.22899774455084e-15
s100b	3.61254956106829e-19	0.411012016281665	0.112	0.009	5.24903451223222e-15
cox7c	4.13115323290274e-19	0.857386846778754	0.988	0.817	6.00256564740768e-15
atp6v0a1a	4.55106292968147e-19	0.687093743582952	0.362	0.082	6.61269443682718e-15
impa1	6.17923814686984e-19	0.691624196101303	0.45	0.12	8.97843302740188e-15
zgc:193541	6.9580262637992e-19	0.889673442330121	1	0.83	1.01100121613002e-14
drd3	7.87182162312434e-19	0.710162303856352	0.262	0.045	1.14377568183997e-14
TST	1.02781711945498e-18	0.634800472958139	0.388	0.094	1.49341827456808e-14
spns3	1.3932880208309e-18	0.275526586126742	0.138	0.013	2.02444749426729e-14
zgc:153867	1.5174818611512e-18	0.818174615413399	0.988	0.841	2.2049011442527e-14
ndufa6	2.13538943547291e-18	1.07284707960036	0.85	0.605	3.10272084974213e-14
slc2a11b	2.25963914004358e-18	0.287225608720822	0.15	0.016	3.28325567048332e-14
cd164	2.88993278871076e-18	0.791554150787816	0.562	0.189	4.19907234199673e-14
arpc4	2.99528807659037e-18	1.15472913291928	0.713	0.384	4.35215357528581e-14
arpc1a	4.43198829950668e-18	1.0170958623235	0.85	0.548	6.4396789991832e-14
selenoj	4.87672353002763e-18	0.633247895052345	0.475	0.134	7.08587928913015e-14
uqcrfs1	5.42859767038197e-18	1.15491565102517	0.825	0.523	7.887752415065e-14
mdh1aa	6.26478139200715e-18	0.859189082471495	0.838	0.482	9.10272736258638e-14
tdh	1.00510230626168e-17	1.26403719188914	0.762	0.374	1.46041365099823e-13
fxyd6l	1.06550909894669e-17	1.0969635911711	0.912	0.648	1.54818472076954e-13
reep5	1.16832144125771e-17	1.10461569374834	0.875	0.608	1.69757105414746e-13
ndufa1	1.23865445584647e-17	0.954803565507588	0.838	0.513	1.79976492434492e-13
gyg1b	1.40217331734815e-17	0.705031667876934	0.625	0.209	2.03735783010686e-13
zgc:101783	1.72704250129714e-17	0.644460988148952	0.325	0.073	2.50939275438475e-13
pgk1	1.85258547609421e-17	0.917611855369137	0.562	0.199	2.69180669676488e-13
ccdc22	1.93811171181186e-17	0.637172008252288	0.325	0.073	2.81607631726263e-13
atp5f1d	2.24523609680669e-17	0.825259846646211	0.912	0.668	3.26232804866013e-13
si:ch211-117c9.5	2.4501222283069e-17	0.66354107094805	0.3	0.062	3.56002759772993e-13
lgals3a	2.62114731853267e-17	0.88665621820817	0.738	0.352	3.80852705382798e-13
ccdc115	3.6637515174917e-17	0.522786552531826	0.325	0.072	5.32343095491544e-13
atp5md	3.79260140627434e-17	0.961152735719081	0.85	0.597	5.51064984331662e-13
psap	4.34205793752107e-17	1.36023319026475	0.75	0.482	6.30901018321812e-13
slc39a10	4.71241881630134e-17	0.691146868675946	0.312	0.069	6.84714454008585e-13
ndufb3	4.75974947703425e-17	1.06543205322998	0.787	0.464	6.91591599013076e-13
got2b	6.21150723529101e-17	0.899981347634395	0.675	0.3	9.02532001287783e-13
zgc:162171	6.40262661638763e-17	0.304784657865647	0.1	0.008	9.30301647361123e-13
si:ch211-170d8.2	6.54201538788737e-17	0.270612637833204	0.112	0.01	9.50554835860034e-13
arl8bb	6.78072757669872e-17	0.352857134137851	0.162	0.02	9.85239716894323e-13
gm2a	6.80927602550809e-17	0.706687731899478	0.425	0.119	9.89387806506326e-13
hsd20b2	1.10619184200147e-16	0.428012064504895	0.262	0.049	1.60729674642813e-12
rab3ip	1.11214737077265e-16	0.906895985135402	0.55	0.195	1.61595012973267e-12
hps1	1.13127129322378e-16	0.433606299796778	0.212	0.034	1.64373718905416e-12
dync1i2a	1.17049204024561e-16	0.954256015413067	0.537	0.196	1.70072493447687e-12
stxbp2	1.30498912342965e-16	0.52093950504247	0.3	0.064	1.89614919634329e-12
zgc:152830	1.31392667567075e-16	0.734325374830913	0.462	0.144	1.9091354597496e-12
si:ch211-161h7.8	1.47016712224419e-16	0.344067273797399	0.112	0.01	2.1361528286208e-12
atp5l	1.92802847927779e-16	0.780932709947387	0.975	0.877	2.80142538039063e-12
spast	1.99742245955224e-16	0.674334529082018	0.3	0.067	2.9022548337294e-12
gdap2	2.76250472621271e-16	0.535933138174036	0.25	0.047	4.01391936718707e-12
frmd8	3.0790542481058e-16	0.708244320567369	0.312	0.07	4.47386582249773e-12
slc31a2	3.25186587866517e-16	0.387873871616711	0.175	0.024	4.72496112170049e-12
siae	3.38145916592148e-16	0.259906844170722	0.138	0.015	4.91326016808391e-12
capn2a	3.67606222385844e-16	0.610287575302622	0.238	0.043	5.34131841126631e-12
ndufa4l	3.74875485260316e-16	0.705788519120758	0.988	0.879	5.44694080083239e-12
snapin	4.21519942213846e-16	0.782982927089148	0.45	0.137	6.12468476036718e-12
vta1	5.38665150225306e-16	0.92152434762154	0.613	0.253	7.8268046327737e-12
capns1b	5.54958137134939e-16	0.969193470520046	0.8	0.498	8.06354173257066e-12
ctsba	9.57294133069059e-16	1.48537132464298	0.675	0.359	1.39094837534934e-11
nmt1a	1.00134567965018e-15	0.840808664737361	0.625	0.258	1.45495527253171e-11
psenen	1.07227813458707e-15	0.945674416397641	0.7	0.333	1.55802012955501e-11
adh8b	1.9952518741168e-15	1.15583587034543	0.588	0.26	2.89910097309172e-11
mt2	2.14355284673608e-15	0.318445602229356	0.475	0.146	3.11458228630752e-11
CABZ01061495.1	2.6688723426232e-15	0.380247303774183	0.188	0.029	3.87787151383151e-11
cdh1	2.71424759023271e-15	0.665700548736157	0.312	0.073	3.94380174860812e-11
ttyh2l	3.88196497346225e-15	0.433629951689288	0.225	0.041	5.64049510644065e-11
lgmn	4.13350235653299e-15	0.752909926564984	0.562	0.209	6.00597892404243e-11
pcdh10a	4.8907505445615e-15	0.64866534101817	0.388	0.106	7.10626054124786e-11
mrps21	5.02595645841797e-15	0.894803604061931	0.55	0.222	7.30271473408131e-11
vdac1	5.33536851733321e-15	0.793995327446956	0.9	0.751	7.75229045568515e-11
vps35l	5.58128123967903e-15	0.433998021915651	0.25	0.05	8.10960164125363e-11
si:ch211-235e9.6	7.06660654790623e-15	0.963670751490632	0.688	0.357	1.02677793141077e-10
slc38a11	7.22426595048662e-15	0.543056491431124	0.262	0.054	1.04968584260571e-10
ndufc2	7.48473147697422e-15	0.943858983557464	0.812	0.486	1.08753148360435e-10
uqcrq	7.64843020377775e-15	0.917382248561146	0.838	0.603	1.11131690860891e-10
pgd	9.21129272616946e-15	0.80533895507659	0.45	0.15	1.33840083311242e-10
mtap	9.62196884376566e-15	0.730413838706395	0.462	0.155	1.39807207299915e-10
gadd45aa	9.95742152227991e-15	0.563033209036181	0.238	0.047	1.44681334718727e-10
hsd17b14	9.96126795396581e-15	0.301550533855709	0.138	0.017	1.44737223371123e-10
capza1a	1.03526798462636e-14	0.957004090807097	0.838	0.607	1.5042443816621e-10
adprh	1.09165504200261e-14	0.546032489692448	0.225	0.043	1.5861747760298e-10
inka1b	1.14045293275776e-14	0.786195742246636	0.375	0.107	1.65707811129702e-10
nenf	1.2789843671109e-14	0.737099376205365	0.475	0.166	1.85836428541214e-10
myl6	1.48093539801397e-14	0.959527036912668	0.675	0.33	2.15179913331431e-10
bloc1s2	1.59579626413129e-14	0.786430479143564	0.525	0.202	2.31869197178276e-10
minos1	1.89150239309558e-14	0.874291505362832	0.688	0.356	2.74835297716788e-10
ufc1	1.9227633503366e-14	0.96274770579644	0.6	0.289	2.79377514803907e-10
atp11a	2.21010730587188e-14	0.305393657678521	0.175	0.027	3.21128591543184e-10
uchl1	3.16381494708443e-14	0.458635172579834	0.5	0.163	4.59702311811368e-10
atp5pb	3.29087665753183e-14	0.749275781176122	0.963	0.797	4.78164378339374e-10
rraga	3.4073884157561e-14	0.781332049648488	0.512	0.197	4.95093536809361e-10
atp5f1b	3.94730043446725e-14	0.686128150415624	0.975	0.921	5.73542753128092e-10
ehd2b	4.07504676394281e-14	0.584498258160473	0.3	0.071	5.9210429480089e-10
ctsh	4.33803784753789e-14	0.774092360062001	0.388	0.116	6.30316899247256e-10
sdhc	4.55962240793064e-14	0.901102413094334	0.713	0.421	6.62513135872322e-10
pdcd6	4.67533970905733e-14	0.452753817855727	0.775	0.349	6.79326859726029e-10
aifm2	5.37931032380131e-14	0.951453433367507	0.475	0.184	7.8161379004833e-10
ano10b	5.5542207873811e-14	0.427362441642624	0.238	0.048	8.07028280406473e-10
rpl24	5.86615422931706e-14	0.419003407035019	1	0.999	8.52352209519769e-10
pdxka	6.43119026881715e-14	0.506310766158412	0.188	0.033	9.34451946059132e-10
nedd8	7.57588028045897e-14	0.81817744155101	0.725	0.384	1.10077540475069e-09
ndufb7	1.00727061544369e-13	0.824689454516213	0.775	0.499	1.46356420423969e-09
syngr2a	1.03336769091111e-13	0.67214484905602	0.338	0.092	1.50148325489384e-09
atp5pd	1.1652658913648e-13	0.807697308716131	0.938	0.772	1.69313134015306e-09
mpc1	1.19699269878174e-13	0.821428781684467	0.775	0.43	1.73923039132987e-09
cisd1	1.36642986891921e-13	0.708375461417508	0.375	0.116	1.98542259953962e-09
lrmda	2.05092161639294e-13	0.477914534767688	0.2	0.037	2.97998910861894e-09
acp1	2.16974220865845e-13	0.911466580487926	0.65	0.35	3.15263542918073e-09
mrpl34	2.53791731525746e-13	0.798211170000663	0.562	0.241	3.6875938590691e-09
si:zfos-943e10.1	2.82768784351565e-13	0.920814793049605	0.537	0.217	4.10863043662823e-09
elovl1b	3.02808083701952e-13	0.633087623621296	0.725	0.321	4.39980145618937e-09
cryl1	3.29926215965624e-13	0.570588949186925	0.312	0.085	4.79382791798052e-09
arf2a	3.32178815362724e-13	0.918460263277194	0.713	0.396	4.82655818722038e-09
rpl14	4.49240610926364e-13	0.596417507148718	1	0.966	6.52746607676007e-09
si:dkey-112e7.2	4.49914284786268e-13	0.783566087101999	0.6	0.274	6.53725455794447e-09
txn2	4.63220945111941e-13	0.786356143609263	0.537	0.225	6.7306003324765e-09
cd151	6.08949865115018e-13	0.421557943295387	0.3	0.075	8.84804154012122e-09
mcoln1a	7.3991888310696e-13	0.35180971153898	0.188	0.034	1.07510213715441e-08
sap30l	8.29076437272229e-13	0.725513999721078	0.8	0.506	1.20464806335655e-08
STMP1	9.28160833902849e-13	0.82537535705745	0.713	0.391	1.34861769166084e-08
slc25a3b	9.8660050395606e-13	0.596277409731766	0.963	0.901	1.43353053224816e-08
snx1a	1.07299791164575e-12	0.404729659920645	0.238	0.053	1.55906596562128e-08
ndufb9	1.12618347310685e-12	0.817539263473593	0.812	0.581	1.63634458642426e-08
dstyk	1.23801508341155e-12	0.870429341779351	0.55	0.23	1.79883591619698e-08
tmem110l	1.55728402191699e-12	0.509591017223694	0.3	0.08	2.26273368384539e-08
wdr13	1.71007414578443e-12	0.636980682446491	0.275	0.07	2.48473773382477e-08
gstm.2	1.78590150474218e-12	0.439780370434814	0.188	0.035	2.59491488639038e-08
mtpn	1.81187747311453e-12	0.772205266723375	0.812	0.559	2.63265796843541e-08
cops8	1.90441363808987e-12	0.72182323148789	0.562	0.247	2.76711301614458e-08
ndufs7	1.94523056353317e-12	0.738345235719972	0.762	0.48	2.82642000881369e-08
cs	1.96410425765089e-12	0.757512429519529	0.588	0.273	2.85384348636674e-08
si:dkey-286j15.3	2.28384655765409e-12	0.645139036057125	0.2	0.041	3.31842904827139e-08
rhocb	2.42926049234669e-12	0.754359331551782	0.588	0.269	3.52971549537974e-08
cpvl	2.47019388519385e-12	0.746180070931475	0.475	0.187	3.58919171518666e-08
ndufs4	2.88638977536284e-12	0.852091105337097	0.7	0.433	4.1939243436022e-08
atp5f1c	3.13112240684218e-12	0.709123394753999	0.912	0.755	4.54952085714168e-08
dynlt3	3.74856818138226e-12	0.845262605068161	0.787	0.566	5.44666956754842e-08
cox4i2	4.06458131155771e-12	0.76722017458583	0.362	0.111	5.90583664569336e-08
zgc:153184	4.06757115853702e-12	0.302349114242703	0.138	0.021	5.9101808933543e-08
aldh2.2	4.19062566657739e-12	0.466563336934862	0.212	0.046	6.08897909353695e-08
ctsc	4.67833137062026e-12	0.686832375329604	0.238	0.056	6.79761548151123e-08
rpl36a	4.80600590361685e-12	0.46625720139899	1	0.998	6.98312657795529e-08
ptges3b	5.02974023953e-12	0.771699136129683	0.787	0.523	7.3082125680371e-08
rpl23a	5.46280421622623e-12	0.443834199609169	1	0.995	7.93745452617671e-08
si:ch211-253b8.5	5.92050978049472e-12	0.33018189363697	0.125	0.017	8.60250071105882e-08
ufm1	6.52852409017098e-12	0.826500168262057	0.637	0.32	9.48594550301843e-08
shroom2a	6.54811091563518e-12	0.43669850228775	0.288	0.076	9.51440516041792e-08
vps26c	6.72480647367249e-12	0.784688196509394	0.488	0.212	9.77114380624613e-08
ndufs6	6.81945378726907e-12	0.848370938540268	0.738	0.469	9.90866635290196e-08
hdlbpa	8.33152056770601e-12	1.08020446118331	0.613	0.335	1.21056993848768e-07
eif3i	8.90675864374853e-12	0.621332882775116	0.963	0.776	1.29415203093666e-07
rap1b	9.38919297764841e-12	0.850353820671108	0.75	0.475	1.36424973965231e-07
kcnj13	1.03634506799434e-11	0.396895956805281	0.125	0.018	1.50580938379577e-07
chchd6b	1.25063564328212e-11	0.561492183134229	0.375	0.124	1.81717358968892e-07
anxa13	1.27294306099596e-11	0.675388358580856	0.762	0.406	1.84958626762713e-07
selenou1a	1.65156665616954e-11	0.697898195225119	0.525	0.225	2.39972635141434e-07
spg21	1.66716687298035e-11	0.612455112069274	0.388	0.134	2.42239346644044e-07
eif1axb	1.68525228682273e-11	0.781858722958874	0.863	0.637	2.44867157275343e-07
smyd2a	1.75182280329217e-11	0.638291319248408	0.262	0.07	2.54539853318352e-07
rps17	2.01750081247003e-11	0.399631225406955	1	0.989	2.93142868051895e-07
chmp5b	2.12025583644784e-11	0.77823631861743	0.75	0.437	3.08073173035871e-07
galk1	2.34334377796905e-11	0.293023502191236	0.138	0.022	3.40487850938903e-07
ndufb2	2.3625403335329e-11	0.858146220423485	0.75	0.493	3.4327711046233e-07
cdo1	2.43829816439132e-11	0.721354566693881	0.375	0.126	3.54284723286059e-07
si:ch211-210c8.6	2.54175723896809e-11	0.318855228766523	0.15	0.026	3.69317326822064e-07
rps26l	2.90776414692551e-11	0.413694452476705	1	0.995	4.22498130548277e-07
ndufa7	2.98587038939297e-11	0.626492902970305	0.6	0.285	4.33846967578798e-07
arpc2	2.99926399549545e-11	0.852244398980965	0.838	0.643	4.35793058545489e-07
ubac1	3.12119346724304e-11	0.305223375210126	0.15	0.026	4.53509410790414e-07
ctsla	3.20955843199604e-11	0.755479830778138	0.9	0.761	4.66348840169025e-07
selenoh	3.83352936593841e-11	0.817799901391177	0.838	0.545	5.57011816870851e-07
suclg1	3.96885392980596e-11	0.763705596318487	0.7	0.41	5.76674476000807e-07
nansa	4.35430394237838e-11	0.845666662628451	0.438	0.177	6.32680362827578e-07
si:dkey-23a13.22	4.70543853566157e-11	0.669109078375167	0.338	0.108	6.83700219231626e-07
atp7a	4.76613808214808e-11	0.422190379344264	0.138	0.023	6.92519863336116e-07
fuca1.1	4.82330916251595e-11	0.837681956896312	0.4	0.152	7.00826821313567e-07
cox5aa	5.08569319775935e-11	0.668559263709696	0.863	0.717	7.38951221634433e-07
hps5	5.23682627499206e-11	0.367646654707183	0.15	0.027	7.60910857756346e-07
tm7sf3	5.31654302651475e-11	0.51876199655862	0.225	0.054	7.72493701752593e-07
washc3	5.39262227101608e-11	0.401525280489421	0.212	0.049	7.83548015978636e-07
atp5fa1	5.45716901411329e-11	0.755079703516039	0.95	0.811	7.92926657750662e-07
nck1a	5.74835161897891e-11	0.677330943726316	0.488	0.2	8.35235490237635e-07
dhrs13b	7.93401255304272e-11	0.254399282069644	0.125	0.019	1.15281202395711e-06
fkbp1ab	9.13196440334607e-11	0.291384745819896	0.112	0.016	1.32687442780618e-06
lin7a	9.1671738658747e-11	0.452265788839792	0.25	0.065	1.33199036271159e-06
her8a	9.56727437514804e-11	0.4711544215719	0.25	0.066	1.39012496670901e-06
dap	9.75352948522444e-11	0.871592665731666	0.7	0.432	1.41718783420311e-06
c2cd5	9.84707026465761e-11	0.280703152216112	0.162	0.031	1.43077930945475e-06
spryd7b	1.06059148917809e-10	0.564010799312628	0.25	0.068	1.54103943377576e-06
chmp4bb	1.11262809128405e-10	0.768583186587494	0.562	0.269	1.61664861663572e-06
commd7	1.35923199490744e-10	0.750597695514458	0.512	0.231	1.9749640886005e-06
atp5f1e	1.40520859171726e-10	0.654931825068932	0.975	0.806	2.04176808376518e-06
atp6v0b	1.44778430467963e-10	0.714056499369449	0.462	0.193	2.10363059469951e-06
LEPROTL1	1.62595813347898e-10	0.728458028244241	0.7	0.402	2.36251716794496e-06
crybg1a	1.77694399361624e-10	0.347425038409977	0.162	0.032	2.5818996227244e-06
pfdn5	1.78302749683068e-10	0.765885907823868	0.713	0.429	2.59073895289498e-06
selenot2	1.91906583020219e-10	0.810254592752299	0.7	0.404	2.78840265128379e-06
rdh10a	2.72198539403829e-10	0.291690576294823	0.3	0.088	3.95504477753764e-06
vps39	2.75809159806782e-10	0.33503989639227	0.162	0.032	4.00750709199254e-06
rabggtb	2.77027968580245e-10	0.575277272784267	0.375	0.138	4.02521638347096e-06
eif1axa	2.77172413308937e-10	0.763429435455724	0.575	0.295	4.02731516537885e-06
slc25a11	2.77888526075842e-10	0.692152170653392	0.438	0.181	4.03772028388198e-06
DHDH	3.00763468342633e-10	0.481811182514043	0.325	0.104	4.37009319501845e-06
apooa	3.00802722478905e-10	0.359954410261161	0.188	0.042	4.37066355761849e-06
commd3	3.38477050074628e-10	0.598351630537798	0.45	0.18	4.91807153758434e-06
ttll12	3.68327279158798e-10	0.32747304657103	0.125	0.021	5.35179536617733e-06
atp5mc3a	3.71633544312558e-10	0.741526523371291	0.887	0.671	5.39983539886147e-06
bloc1s1	3.76694409174631e-10	0.604641621709088	0.388	0.144	5.47336976530739e-06
atp6v1e1a	4.17715094881393e-10	0.633507333000781	0.425	0.175	6.06940032862664e-06
galm	4.83328430147232e-10	0.329205488329499	0.175	0.038	7.02276209003928e-06
calm2b	5.32379362189758e-10	0.468918698663157	0.988	0.874	7.73547213261719e-06
abhd17b	5.35046161959678e-10	0.583381322993897	0.45	0.177	7.77422073327412e-06
sept8a	5.39916935437859e-10	0.655699203647876	0.562	0.275	7.84499307191209e-06
hmbsb	5.44659479369697e-10	0.354725212298852	0.162	0.033	7.9139022352417e-06
cited1	5.57247690380427e-10	0.526861942485433	0.338	0.114	8.09680894122761e-06
nudt22	7.05479335560733e-10	0.437709998007376	0.2	0.049	1.02506147456975e-05
copz1	7.15643228630565e-10	0.739053090992699	0.713	0.483	1.03982961120021e-05
rdh14a	7.55938183680418e-10	0.362290737633704	0.162	0.034	1.09837818088765e-05
gabarapa	7.83069255894984e-10	0.600265855673667	0.662	0.37	1.13779962881541e-05
golt1ba	1.04090255940719e-09	0.45741649647699	0.2	0.048	1.51243141881864e-05
rab5b	1.10198735933972e-09	0.396328275946548	0.2	0.048	1.60118763312061e-05
mtch2	1.43136553618122e-09	0.67672925482361	0.475	0.218	2.07977412407132e-05
sh3bgrl3	1.97527326777631e-09	0.803843370851928	0.65	0.388	2.87007205807897e-05
ugp2b	2.00783383118852e-09	0.560770768105934	0.425	0.172	2.91738255671692e-05
tbc1d5	2.05563164939873e-09	0.42085820876897	0.288	0.089	2.98683278657635e-05
coq4	2.24373497735829e-09	0.322847493827278	0.2	0.049	3.2601469221016e-05
myo1ca	2.28231261937354e-09	0.366842217891887	0.15	0.03	3.31620023594976e-05
wdr41	2.51844953177729e-09	0.298290674315587	0.225	0.059	3.6593071696724e-05
tmem258	2.83761052511242e-09	0.628004862712398	0.912	0.765	4.12304809298834e-05
galns	2.98213638483689e-09	0.256927949961547	0.15	0.03	4.333044167168e-05
clint1b	3.04732515468489e-09	0.315182642695228	0.15	0.03	4.42776344975715e-05
gabarapb	3.44002999484032e-09	0.675145215835156	0.912	0.82	4.99836358250298e-05
bloc1s5	3.46223895769492e-09	0.348400036712606	0.212	0.055	5.03063320553072e-05
rps23	3.47800096253257e-09	0.331971217209012	1	0.996	5.05353539855982e-05
stard3	3.62519625620483e-09	0.459493506946154	0.238	0.069	5.26741016026562e-05
arhgef4	3.79302400344065e-09	0.368928869082446	0.238	0.066	5.51126387699926e-05
gng5	3.86857746627528e-09	0.687086691383262	0.838	0.691	5.62104305849799e-05
vat1	4.08576029354641e-09	0.656460636039666	0.525	0.249	5.93660970652293e-05
psmd8	4.33664791971633e-09	0.731528300068772	0.75	0.536	6.30114942734782e-05
thy1	4.4037547403918e-09	0.409664018049726	0.138	0.027	6.39865563778928e-05
atp5mf	4.91115835484668e-09	0.670030806135922	0.85	0.749	7.13591308959222e-05
slc30a9	5.06156270759715e-09	0.420329292257373	0.25	0.075	7.35445061413865e-05
dctn4	5.18017959633962e-09	0.676353261359764	0.5	0.238	7.52680095348147e-05
glod5	5.18368419935484e-09	0.453412242385359	0.3	0.101	7.53189314166258e-05
ppp2r1bb	5.29215825414635e-09	0.789738627429098	0.55	0.296	7.68950594327464e-05
rab9a	5.68794160365973e-09	0.295120941319907	0.1	0.015	8.26457915011759e-05
jpt1b	6.59277908225089e-09	0.562538888846729	0.85	0.658	9.57930800651055e-05
oaz1a	7.26003962398524e-09	0.507783761606571	0.9	0.775	0.000105488375736506
lypla2	7.47372011718464e-09	0.575224585123288	0.425	0.184	0.000108593153302693
alg6	7.75148847930771e-09	0.385303801482444	0.25	0.076	0.000112629127604341
znf593	8.25017502392286e-09	0.735429061028633	0.488	0.242	0.000119875043097599
ccni	9.16750915412887e-09	0.53826264408592	0.9	0.702	0.000133203908009493
atp5po	9.2354946876176e-09	0.643625956146938	0.85	0.718	0.000134191737811084
ndufv3	1.07311899046324e-08	0.619558040890445	0.55	0.287	0.000155924189314309
ostm1	1.077409229899e-08	0.287301959049031	0.112	0.02	0.000156547561104324
rnf170	1.10460264012474e-08	0.501253632508644	0.238	0.071	0.000160498763610125
arpin	1.18744814003867e-08	0.251399735792388	0.162	0.037	0.000172536214747619
ccdc47	1.27102969013452e-08	0.565617969446928	0.5	0.243	0.000184680613976546
dynll2b	1.29716049176502e-08	0.654405392093843	0.6	0.318	0.000188477419453457
slc30a7	1.34378093986514e-08	0.578376909442979	0.45	0.204	0.000195251370562404
rpl5a	1.3812813743547e-08	0.408717944087018	1	0.964	0.000200700183693738
rgs12b	1.43569897866187e-08	0.341148226163254	0.212	0.058	0.00020860706159957
ost4	1.49217533647218e-08	0.685056889217303	0.688	0.435	0.000216813076389407
rps29	1.64403402416411e-08	0.362880871888616	1	0.995	0.000238878143711046
rpl13a	1.82766222365555e-08	0.339768080692728	1	0.996	0.000265559321097151
anxa11b	1.82935927992933e-08	0.773409381559732	0.725	0.515	0.000265805903373732
fam3a	1.86593747267089e-08	0.530095991141627	0.362	0.145	0.00027112071477908
ap3d1	1.874925678073e-08	0.544193503596575	0.362	0.142	0.000272426701024007
sdhaf4	1.93391944353337e-08	0.595575485380385	0.35	0.14	0.000280998495145398
ginm1	1.93469092382815e-08	0.785589511309422	0.512	0.267	0.00028111059123223
sec61b	1.93977579265983e-08	0.51284215424336	0.95	0.853	0.000281849422673473
trpm1b	2.05709347473271e-08	0.306019647860316	0.188	0.047	0.000298895681878663
aldocb	2.06541669267049e-08	0.504620420654208	0.4	0.164	0.000300105045445022
zgc:66433	2.11245378626051e-08	0.654443737164698	0.362	0.149	0.000306939535143652
ndufa5	2.2390436832427e-08	0.625275456896963	0.688	0.438	0.000325333047175165
ctsa	2.33863794858114e-08	0.551489364018403	0.288	0.102	0.000339804093928839
zgc:100829	2.51034833036703e-08	0.566632548656736	0.462	0.22	0.00036475361240233
cfl1	2.52805231737701e-08	0.446710890164614	0.988	0.978	0.000367326001714879
uqcrc1	2.57012170996364e-08	0.794369780325088	0.662	0.49	0.000373438684457717
snx9b	2.71115234125577e-08	0.436519595537928	0.425	0.177	0.000393930435184464
sptssa	3.20896898413326e-08	0.639727204764503	0.475	0.229	0.000466263193394563
ndufb6	3.45317871875161e-08	0.608814212898706	0.725	0.487	0.000501746867834608
tpi1b	3.49826782276689e-08	0.764932814897727	0.588	0.361	0.000508298314648029
id2a	3.99886554988367e-08	0.537075852442169	0.8	0.543	0.000581035164398098
BX572619.1	4.09538078678814e-08	0.48774989802107	0.288	0.101	0.000595058828320317
abcb7	4.15186575280942e-08	0.409810822442599	0.225	0.069	0.000603266093883209
aga	4.25526055675559e-08	0.407706379001567	0.188	0.051	0.000618289358896587
ap3s2	4.38639430509976e-08	0.631875917792583	0.55	0.297	0.000637343092530996
adsl	4.53252432714938e-08	0.656254726456937	0.312	0.123	0.000658575784734805
fstl1a	5.10460814174881e-08	0.268810116212569	0.2	0.055	0.000741699562996102
pfdn2	5.86761291730934e-08	0.678698382144223	0.637	0.403	0.000852564156885047
commd2	6.04219031779012e-08	0.510394500968149	0.362	0.152	0.000877930253174905
alkal2b	6.16610192967769e-08	0.353935065210203	0.175	0.044	0.000895934610382168
si:dkey-74k8.3	6.31043883020021e-08	0.342728683645928	0.112	0.021	0.000916906762028091
sept2	6.32116533984778e-08	0.735272394462284	0.738	0.495	0.000918465323879883
ndufb8	6.42804145792045e-08	0.647387196617174	0.825	0.688	0.000933994423835841
abcd3a	7.25037807215566e-08	0.457675393808375	0.3	0.111	0.00105347993388422
ube2v2	8.08575185990575e-08	0.604958757469141	0.787	0.669	0.00117485974524431
washc5	8.21194260025381e-08	0.34552616039837	0.15	0.036	0.00119319525981688
dhrs12	8.69644235000792e-08	0.392961835474849	0.275	0.092	0.00126359307345615
hacd2	8.71756985334984e-08	0.612897572397345	0.45	0.214	0.00126666289969173
lzic	1.0743804371796e-07	0.458622791184998	0.325	0.128	0.00156107477522195
ehd1a	1.11513538697005e-07	0.303929616606307	0.162	0.041	0.00162029171726748
cox20	1.45139153507792e-07	0.417416131472269	0.312	0.122	0.00210887190046822
cyth1b	1.45306401913845e-07	0.518366079716444	0.388	0.168	0.00211130201980816
sdhdb	1.66416898963532e-07	0.554069348572713	0.6	0.345	0.00241803754194012
atg7	1.67061776673978e-07	0.358232132748437	0.2	0.059	0.0024274076150729
faua	1.82114234476298e-07	0.286903786624407	1	0.997	0.00264611982694061
aldoaa	2.23143677141849e-07	0.659181619648007	0.787	0.652	0.00324227762887106
aagab	2.23457519724721e-07	0.353711377673851	0.25	0.084	0.0032468377616002
bloc1s3	2.24026373341851e-07	0.320900210158277	0.162	0.043	0.00325510320465709
atp5mc3b	2.28656421875654e-07	0.439410935391638	1	0.946	0.00332237780985325
eif2s2	2.335899845603e-07	0.615091539704441	0.812	0.655	0.00339406247566116
capn1a	2.67170669672894e-07	0.399795356476788	0.225	0.072	0.00388198983034715
slc11a2	2.74475847238712e-07	0.468003014860329	0.362	0.156	0.00398813406037848
cox19	2.74891415463565e-07	0.313560646411988	0.2	0.06	0.0039941722666856
serinc2	2.99597897216183e-07	0.536646409600321	0.425	0.2	0.00435315744655114
si:dkey-222f8.3	3.05799309672879e-07	0.499350340198253	0.488	0.245	0.00444326396954693
blvrb	3.11699826261685e-07	0.430909352089181	0.3	0.114	0.00452899847558228
tprkb	3.71150574657932e-07	0.463384237779522	0.262	0.096	0.00539281784977975
rpl38	3.82390923202708e-07	0.391187558017656	1	0.988	0.00555614011413534
timm13	3.83013481302371e-07	0.632209056260209	0.375	0.176	0.00556518588332345
tmem14ca	3.88917813928144e-07	0.506807359540769	0.4	0.184	0.00565097583637594
elocb	4.22115542503633e-07	0.629895469064741	0.75	0.618	0.00613333883257778
smim12	4.78616194831539e-07	0.490788729149438	0.312	0.13	0.00695429331090227
ap3b1a	4.8285383303018e-07	0.475830692740656	0.188	0.057	0.00701586619392851
pfas	5.0164083225038e-07	0.454242532238509	0.175	0.051	0.00728884129259802
eloca	5.1501609301706e-07	0.409895286807367	0.2	0.063	0.00748318383153788
napab	5.17856337918171e-07	0.534409013335134	0.575	0.33	0.00752445258995102
pir	5.19274903919699e-07	0.355042974832927	0.2	0.06	0.00754506435395322
sat2b	5.30755837576569e-07	0.418593666045902	0.25	0.089	0.00771188231998755
arf5	5.38840700556304e-07	0.554273319861349	0.825	0.682	0.00782935537908309
slc39a7	5.43086712257461e-07	0.621149463144977	0.525	0.292	0.0078910499291009
wbp2nl	5.45475931970404e-07	0.579790896825708	0.388	0.185	0.00792576529152997
hagh	5.75686375827806e-07	0.37335487138495	0.275	0.1	0.00836472304077802
si:ch211-284b7.3	5.85796842301502e-07	0.659304360519661	0.488	0.29	0.00851162811864082
krtcap2	5.89213883837061e-07	0.600287379940453	0.688	0.462	0.00856127773215249
sik1	6.0548491601654e-07	0.450374264947352	0.212	0.068	0.00879769582972033
rps24	6.59757426427578e-07	0.287822635971185	1	0.998	0.00958627540599271
rpl31	6.80772713562794e-07	0.345131543872689	1	0.993	0.00989162752806739
zgc:158482	7.08158652235865e-07	0.524740855734614	0.238	0.084	0.0102895452169871
akr7a3	7.10096249180049e-07	0.318087143810477	0.15	0.039	0.0103176985005861
slc29a1a	7.15496257437664e-07	0.396659561756969	0.225	0.077	0.0103961606205693
csnk1e	7.6857759952117e-07	0.378382368345528	0.225	0.075	0.0111674325210426
pex19	8.07522340433208e-07	0.474940719955788	0.312	0.131	0.0117332996064945
isca2	8.16743257584185e-07	0.423677219767369	0.275	0.104	0.0118672795326982
nudt5	8.99454002205848e-07	0.333066312026631	0.338	0.138	0.013069066652051
ormdl2	9.44952532865444e-07	0.337379234967122	0.3	0.117	0.0137301603025349
mettl9	1.00679941571863e-06	0.285346909433473	0.212	0.069	0.0146287955103916
zgc:100918	1.05305168985372e-06	0.350855082950925	0.3	0.117	0.0153008410535745
mdh2	1.16679451827767e-06	0.468235011694152	0.863	0.711	0.0169535243505746
park7	1.27422556312575e-06	0.385448063471082	0.312	0.129	0.0185144974322171
si:ch73-199g24.2	1.34985243862421e-06	0.395909906734738	0.175	0.052	0.0196133559332097
rap2c	1.45127842855904e-06	0.554344542959755	0.6	0.371	0.0210870755669628
clta	1.47321727923902e-06	0.531556840311789	0.8	0.652	0.021405847067343
bckdhb	1.48933964590335e-06	0.542161591520285	0.5	0.276	0.0216401050549757
vps16	1.49392549546073e-06	0.297879124067116	0.2	0.064	0.0217067374490444
zgc:77486.1	1.51677583244272e-06	0.334264462948847	0.175	0.052	0.0220387528453928
rpl35	1.51936624502718e-06	0.272279708502315	1	0.999	0.0220763915402449
nedd8l	1.5551116233316e-06	0.523994417071284	0.438	0.229	0.0225957718870081
idh2	1.62435328955786e-06	0.59850503307454	0.85	0.787	0.0236018532972757
ndufb5	1.79277678072255e-06	0.559804445583781	0.725	0.491	0.0260490466238986
rps25	1.82732482534938e-06	0.305317837352662	1	0.996	0.0265510297123266
zdhhc6	1.8524991266901e-06	0.37976667185737	0.238	0.085	0.0269168123108072
gmpr2	1.95815432968423e-06	0.278115506111967	0.175	0.052	0.0284519824103118
sdhb	2.03592980016975e-06	0.619013500496322	0.55	0.35	0.0295820599964665
galt	2.11794368153178e-06	0.26593811929228	0.175	0.052	0.0307737216926568
kif5ba	2.11895642986592e-06	0.331953167253854	0.162	0.047	0.0307884369259518
akr1a1b	2.13575624173902e-06	0.431110756990746	0.288	0.119	0.0310325381924679
crip1	2.13765557861782e-06	0.275259670026673	0.2	0.063	0.0310601355573169
uqcrb	2.19865873091391e-06	0.450935240170165	0.825	0.723	0.0319465113601791
uba52	2.24537658969455e-06	0.326350489236973	1	0.982	0.0326253218482618
slc15a4	2.25302106523295e-06	0.354784081513196	0.15	0.042	0.0327363960778347
rnf7	2.48790146175201e-06	0.696132942355906	0.575	0.387	0.0361492082392567
canx	2.60788645147913e-06	0.633739338197948	0.6	0.403	0.0378925901399917
tmbim4	2.68277557557714e-06	0.358099779372442	0.45	0.216	0.0389807291131358
dad1	2.75283047445486e-06	0.566406697149667	0.875	0.791	0.0399986267938291
jpt2	2.80031207274834e-06	0.530169795431872	0.662	0.483	0.0406885344170333
CT583646.2	2.88709589595306e-06	0.301986673998343	0.15	0.042	0.041949503368198
ntan1	2.89985614745211e-06	0.351154927049318	0.238	0.087	0.0421349098224792
sptan1	2.90547401726962e-06	0.800199090241967	0.338	0.156	0.0422165374709276
ptp4a1	3.1195716419621e-06	0.370386762989681	0.912	0.791	0.0453273759577093
CABZ01048402.2	3.43592301579244e-06	0.256271149157923	0.1	0.022	0.0499239614194642
