gene	p_val	avg_log2FC	pct.1	pct.2	p_val_adj
nusap1	1.6482947016553e-181	1.58576462452692	0.796	0.074	2.39497220150515e-177
kpna2	4.93586420055e-169	1.93629832091035	0.73	0.068	7.17181068339916e-165
cdca8	2.24873993438483e-164	1.3412460378392	0.704	0.063	3.26741912466116e-160
mad2l1	2.40461654864677e-163	1.7014777494732	0.862	0.107	3.49390784518375e-159
tpx2	2.38442726366491e-157	1.42179974199546	0.73	0.072	3.46457281410511e-153
aurka	8.12992084690118e-155	1.02719495553828	0.572	0.041	1.18127749905474e-150
mki67	6.60931985218687e-153	1.63483842296656	0.809	0.099	9.60334174522753e-149
cdk1	4.17512726077171e-149	1.61595311642576	0.803	0.096	6.0664599099013e-145
top2a	2.58169464099806e-147	1.23277090683013	0.645	0.058	3.75120231337018e-143
ube2c	1.03360818027906e-145	1.93218040979519	0.836	0.114	1.50183268594548e-141
birc5a	7.762763976791e-140	1.20137978421355	0.658	0.065	1.12792960582773e-135
CABZ01058261.1	4.07065297903991e-136	1.24941322023949	0.678	0.072	5.91465877854498e-132
plk1	4.48851488257878e-135	1.38914879649802	0.724	0.085	6.52181212438696e-131
g2e3	3.92562285504747e-134	0.995626151752265	0.553	0.046	5.70393000838398e-130
aurkb	4.02485819085747e-128	1.38898926070687	0.816	0.116	5.84811895131591e-124
kifc1	2.49378200188627e-124	1.04954708352701	0.625	0.065	3.62346524874076e-120
cdc20	1.55988102214597e-122	1.38860795684316	0.612	0.067	2.26650712517809e-118
ccna2	2.94582081315798e-121	1.4419900483336	0.783	0.113	4.28027764151855e-117
ccnb1	1.96411197181822e-116	1.18317353011807	0.533	0.051	2.85385469505188e-112
si:ch211-69g19.2	3.09676394513679e-116	1.03388484304492	0.493	0.042	4.49959801228376e-112
kmt5ab	5.53192480209797e-115	0.829624065808434	0.408	0.028	8.03788673744835e-111
cenpf	1.99909103576639e-111	0.887286366529616	0.447	0.036	2.90467927496856e-107
kif11	5.53295597559804e-105	0.981686584944552	0.467	0.042	8.03938503254396e-101
ccnb3	2.39556482923358e-104	0.692679015033107	0.375	0.025	3.48075569687639e-100
cks1b	1.02135451396742e-99	1.32956254642746	0.776	0.139	1.48402810879466e-95
sgo1	3.43606832287191e-96	0.694199874339438	0.401	0.033	4.99260727313288e-92
dlgap5	1.04960255498007e-94	0.981063964164244	0.586	0.078	1.52507251238604e-90
aspm	1.33394489713725e-94	0.761860336150881	0.401	0.034	1.93822193554042e-90
cks2	1.66103455274955e-94	0.877904832130272	0.493	0.052	2.4134832051451e-90
spc24	2.93393019235898e-90	0.868011384913464	0.52	0.064	4.26300056949759e-86
kif22	5.37952624684672e-78	1.05965237382578	0.559	0.087	7.81645163666829e-74
spc25	2.92930292375294e-76	0.859122208810077	0.625	0.108	4.25627714821303e-72
cenpe	1.00317094103508e-75	0.566083517122334	0.283	0.02	1.45760737732397e-71
prc1a	4.05880882084085e-73	0.627341495511625	0.355	0.035	5.89744921668176e-69
kif2c	5.2072017003899e-72	0.642943845810756	0.375	0.039	7.56606407066652e-68
hmgb2a	4.1785629113416e-71	1.82270516964846	1	0.901	6.07145191017935e-67
tacc3	6.69696658411086e-70	0.815473717493085	0.395	0.046	9.73069244671308e-66
h3f3b.1	1.35919840006769e-69	1.63875023344602	1	0.895	1.97491527529835e-65
smc2	2.30417155579341e-69	0.778218430315546	0.539	0.086	3.34796127056783e-65
armc1l	3.19217340257713e-68	0.517142891903418	0.342	0.035	4.63822795394458e-64
racgap1	7.35971289934969e-68	0.568317758957759	0.375	0.042	1.06936628427551e-63
BX682558.1	4.3486491055305e-67	0.649341420592182	0.395	0.048	6.31858715033582e-63
pbk	3.2059275957779e-65	0.749165774391149	0.513	0.083	4.65821279666529e-61
tuba8l	4.20508389175926e-64	1.75825120595969	0.954	0.501	6.10998689472621e-60
cdca5	1.28197464580844e-63	0.782456820498358	0.507	0.084	1.86270916035967e-59
hmmr	4.14180459257785e-62	0.493546082617439	0.263	0.022	6.01804207301562e-58
kif23	3.7255207627751e-58	0.582718684936854	0.362	0.046	5.41318166831222e-54
arpp19b	4.04806380219546e-58	1.06984320399842	0.809	0.252	5.88183670459e-54
cenpw	4.22831752387264e-58	0.741338463008534	0.526	0.099	6.14374536218694e-54
nuf2	4.54098038780564e-58	0.507367654448722	0.362	0.045	6.5980445034816e-54
stmn1a	3.53070374319232e-57	1.36064060204602	0.961	0.388	5.13011253885845e-53
hmgb2b	1.27655417094277e-56	1.40829814152214	1	0.799	1.85483321037984e-52
si:ch73-281n10.2	1.30297946431693e-56	1.37963443636805	1	0.847	1.8932291616525e-52
tuba8l4	1.82606614164658e-56	1.49988001986438	0.993	0.656	2.65327410381248e-52
ncapd2	5.08817482503373e-55	0.766270765762364	0.447	0.076	7.39311802077401e-51
hmgn2	5.88436026755458e-55	1.3817441836966	1	0.958	8.5499754687568e-51
spdl1	7.15231987739019e-54	0.541988005024807	0.296	0.033	1.03923207818479e-49
si:ch211-225g23.1	1.36418271939576e-53	0.433722689056714	0.257	0.025	1.98215749128205e-49
rrm2.1	1.41157378862896e-53	1.42898842131848	0.678	0.18	2.05101671487788e-49
tmpoa	3.18143619279276e-51	0.951683543740808	0.658	0.173	4.62262678812788e-47
lbr	6.42424186987521e-50	1.21364863006001	0.783	0.262	9.33442343692867e-46
arhgap11a	6.45718030545071e-50	0.506238736685759	0.296	0.036	9.38228298381988e-46
pif1	7.87379394239579e-50	0.287344279881782	0.158	0.009	1.14406225983011e-45
traip	1.72480348615371e-49	0.381702392499853	0.243	0.024	2.50613946538134e-45
zgc:55461	1.41066877165149e-48	0.669962394367461	0.434	0.079	2.04970172520961e-44
zgc:86764	2.50342682011469e-47	0.425416771682508	0.283	0.034	3.63747916962665e-43
tuba1b	3.92321246056205e-47	1.09513207501771	0.697	0.217	5.70042770519665e-43
hmga1a	3.95725071725512e-47	1.17330291456358	1	0.883	5.74988529217169e-43
tubb2b	1.35857721741254e-46	1.31277978188169	1	0.702	1.97401269690042e-42
si:ch211-156j22.4	6.39544569996199e-46	0.371001491403565	0.151	0.009	9.29258260204477e-42
banf1	6.19945850929196e-45	1.25601546658592	0.888	0.444	9.00781321400122e-41
bub1ba	1.11453989548849e-44	0.395449267194387	0.211	0.02	1.61942646814478e-40
dut	1.68710023065649e-44	1.02310680960185	0.803	0.26	2.45135663514388e-40
pclaf	3.74691537652401e-44	0.905356988848672	0.586	0.15	5.44426804208939e-40
h2afvb	4.71609586479935e-44	1.03338482322568	1	0.89	6.85248729155346e-40
pttg1	7.32243648602986e-44	0.561237045433378	0.408	0.076	1.06395002142014e-39
lin28a	8.44151006368183e-44	0.786557937632053	0.553	0.137	1.22655141225297e-39
ttk	9.38348616626196e-44	0.470433044136101	0.316	0.046	1.36342053995786e-39
mibp	1.41026607707739e-43	1.06621717646666	0.572	0.149	2.04911660999345e-39
kif20a	2.4329707442995e-43	0.48574100433598	0.257	0.031	3.53510649146717e-39
rrm1	4.60112435896705e-43	0.93570783477428	0.711	0.215	6.68543369357913e-39
kif18a	3.69083305042655e-42	0.313993490982807	0.217	0.023	5.36278042226978e-38
si:ch211-222l21.1	4.93624963972262e-42	1.14078081728656	1	0.826	7.17237072651697e-38
cirbpa	2.71009942798637e-41	0.937103216607644	1	0.94	3.93777446886419e-37
kif14	1.05801423780345e-40	0.256293798304713	0.145	0.01	1.53729468752842e-36
mis18bp1	1.34776620321925e-40	0.337820652387261	0.178	0.016	1.95830429327757e-36
ran	2.60280544821267e-40	0.773698149368868	1	0.966	3.78187631625301e-36
CKS2	8.47422090969827e-40	0.57923972972739	0.434	0.092	1.23130429817916e-35
dek	1.55784245169588e-39	0.659068024701511	0.52	0.127	2.26354508231411e-35
smc4	4.24505581703555e-39	0.61398508515059	0.428	0.091	6.16806610215266e-35
anp32a	4.96652604818199e-39	0.956919601613555	0.98	0.748	7.21636234800844e-35
si:ch211-244o22.2	5.67960481784661e-39	0.417544970309594	0.25	0.033	8.25246580033113e-35
ndc80	6.13139572462494e-39	0.51256382463641	0.388	0.075	8.90891798788004e-35
numa1	7.84692863984168e-39	0.325651411654863	0.171	0.015	1.140158731369e-34
ncapg	1.07362647159434e-38	0.428464233833707	0.329	0.056	1.55997926322657e-34
anp32b	1.3058453354922e-38	1.10079671024473	0.934	0.572	1.89739327247017e-34
gcna	3.55842638377719e-38	0.306088887154449	0.191	0.019	5.17039353562826e-34
cep55l	4.32795867221319e-38	0.27550987669911	0.224	0.027	6.28852395072576e-34
ect2	7.31209527370005e-38	0.351367839902749	0.191	0.02	1.06244744326862e-33
pane1	3.36794092208558e-37	0.551345889660019	0.408	0.086	4.89361815979034e-33
si:dkey-57a22.11	4.30134581164476e-37	0.350679231592499	0.164	0.015	6.24985546431984e-33
rpl21	5.40188383751889e-37	0.560849897818508	1	0.998	7.84893721591494e-33
rtkn2a	9.41750847975956e-37	0.405085712105576	0.243	0.033	1.36836398210906e-32
pmp22a	7.32871145555164e-36	1.29676544319329	0.98	0.631	1.06486177449165e-31
snrpf	1.26558183468031e-35	1.00477549686794	0.941	0.603	1.8388904057905e-31
nsl1	1.32310934429668e-35	0.410099945187167	0.27	0.041	1.92247787726307e-31
snrpd1	1.99157478920811e-35	0.993463267259131	0.947	0.57	2.89375816871938e-31
sumo3b	6.47654687813119e-35	1.00945968336327	0.928	0.518	9.41042261392462e-31
rrm2	8.66806162752009e-35	1.05249703511215	0.566	0.172	1.25946935447867e-30
ube2s	3.10181026487574e-34	0.402085475973329	0.276	0.045	4.50693031486445e-30
zgc:110425	3.69957712030721e-34	0.792408150699006	0.507	0.14	5.37548555580638e-30
snrpb	1.03572753621658e-33	0.845088457332428	0.98	0.729	1.50491211012269e-29
mus81	1.87321366346706e-33	0.393446120197492	0.257	0.04	2.72177945301764e-29
melk	2.51613104990371e-33	0.29685069518155	0.178	0.019	3.65593841551008e-29
rpl12	3.07065069492957e-33	0.578383816733265	1	0.997	4.46165545973266e-29
knstrn	4.56144361356606e-33	0.379170768244345	0.211	0.028	6.62777757051149e-29
chaf1a	5.68676759861747e-33	0.774897671728591	0.625	0.205	8.26287332079119e-29
si:ch211-126c2.4	6.70665689831239e-33	0.306230720868602	0.184	0.021	9.7447724732479e-29
skp2	6.8527280217927e-33	0.404133539208616	0.257	0.041	9.95701381566479e-29
si:ch211-63o20.7	1.12447174660201e-32	0.267050335638119	0.151	0.014	1.63385744781272e-28
rpl13a	1.17203666972275e-32	0.550609908036406	1	0.996	1.70296928110716e-28
anln	3.39536579067219e-32	0.298028217023052	0.145	0.013	4.93346649384669e-28
ccnb2	4.36306475916712e-32	0.279023546576628	0.197	0.025	6.33953309506983e-28
sinhcafl.1	7.43894880573256e-32	0.982848436076652	0.803	0.357	1.08087926147294e-27
haus4	9.95200878845802e-32	0.363405397421301	0.283	0.05	1.44602687696295e-27
rplp2l	1.11521091214176e-31	0.499219536283209	1	0.998	1.62040145534198e-27
cenpl	1.27134544579294e-31	0.31303464498248	0.184	0.022	1.84726493273715e-27
rps27a	1.41048519806374e-31	0.497219149627922	1	0.998	2.04943499278662e-27
hmgb1b	1.45800224597935e-31	0.864656228247563	0.987	0.701	2.11847726340799e-27
ska1	1.76359987600258e-31	0.381942905194727	0.289	0.052	2.56251061983175e-27
rps9	1.83918624045925e-31	0.46701736407858	1	0.999	2.67233760738728e-27
rps23	2.04031680084542e-31	0.535874026448517	1	0.996	2.96458031162839e-27
tma7	3.60694225691942e-31	0.865244397094453	0.967	0.717	5.24088709930392e-27
snrpg	4.13622619072418e-31	0.921266814041908	0.934	0.547	6.00993665512223e-27
rpl9	4.30793859303674e-31	0.457008144751502	0.993	0.999	6.25943477568238e-27
suv39h1b	7.99698980017597e-31	0.399656596062679	0.342	0.072	1.16196261796557e-26
rps3	9.548109126051e-31	0.507951907372559	1	0.997	1.38734025601521e-26
TXN	1.84107373604892e-30	0.751118990653395	0.993	0.916	2.67508013847908e-26
rpl28	2.86184063563506e-30	0.465184260521261	1	0.998	4.15825444357774e-26
ahcy	3.04446524168379e-30	0.909406865196363	0.934	0.588	4.42360799616654e-26
magoh	3.68290704636676e-30	0.89426257006045	0.868	0.43	5.3512639383709e-26
ccnd1	4.2074788625355e-30	1.1676311899179	0.783	0.351	6.11346678726409e-26
rps24	4.62567902845296e-30	0.492350163590698	1	0.998	6.72111162834215e-26
prc1b	6.5318081511086e-30	0.29192328867331	0.23	0.036	9.49071724356079e-26
eme1	1.71211109941013e-29	0.33321612693175	0.224	0.035	2.48769742744293e-25
cbx3a	3.54608935366526e-29	0.898234133860604	0.928	0.514	5.15246783087562e-25
hnrnpa1b	9.10502564839454e-29	0.91942463511771	0.947	0.617	1.32296022671173e-24
fbxo5	1.00276778228386e-28	0.388322566023342	0.224	0.036	1.45702158765845e-24
rpl23a	1.04427890769025e-28	0.51824782201598	1	0.994	1.51733725287394e-24
seta	1.33762787702105e-28	0.765578471480968	0.967	0.767	1.94357330531159e-24
h2afx	1.35434485383379e-28	0.858100108068462	0.526	0.172	1.96786307262049e-24
rpl26	1.51474498595999e-28	0.629788839832125	0.612	0.21	2.20092446459987e-24
rps3a	2.84363736381912e-28	0.455134888147287	1	0.998	4.13180508962918e-24
h2afva	3.30692927422137e-28	0.774262423845903	0.967	0.675	4.80496823544365e-24
si:dkey-6i22.5	5.9747434455516e-28	0.533897919187017	0.349	0.082	8.68130222638648e-24
rps25	8.03580465061325e-28	0.496382964613842	1	0.996	1.16760241573411e-23
ccnf	1.03954637299006e-27	0.292484401827334	0.158	0.019	1.51046087995455e-23
rps11	1.34994936980852e-27	0.438701777392881	0.993	0.998	1.96147643433178e-23
rps10	2.0676338007008e-27	0.465174560965695	0.993	0.996	3.00427191241827e-23
lsm7	3.47684235105153e-27	0.824986775897255	0.914	0.535	5.05185193607787e-23
meis1a	1.2714906753752e-26	0.816180455150027	0.559	0.198	1.84747595132017e-22
gtse1	1.7959105433727e-26	0.282254778393587	0.184	0.026	2.60945801952054e-22
rpl23	2.98518336326033e-26	0.438589474577582	1	0.999	4.33747142681726e-22
MZT1	4.2010189699978e-26	0.541144614902705	0.586	0.2	6.1040805634068e-22
rplp1	4.43500016683295e-26	0.388925213944922	1	0.999	6.44405524240827e-22
kif20bb	4.68463320327325e-26	0.298277957875733	0.132	0.014	6.80677204435603e-22
rps8a	6.77928806684786e-26	0.41810089075714	1	0.998	9.85030556112994e-22
rpl24	1.00743973777147e-25	0.417051964186534	1	0.999	1.46380993898195e-21
cip2a	1.03560375928725e-25	0.330758675334515	0.171	0.024	1.50473226224437e-21
mtfr2	1.04456836983009e-25	0.284569654802727	0.178	0.025	1.51775784136312e-21
rpl17	1.18241182354218e-25	0.440051310333671	1	0.998	1.71804437960678e-21
six1a	1.29863317098435e-25	0.672411341240664	0.52	0.175	1.88691399744025e-21
rbb4l	1.40143542754703e-25	0.785968264364738	0.757	0.341	2.03628567622584e-21
rps14	1.58628832543553e-25	0.458638324719087	1	0.998	2.30487693685782e-21
zbtb16a	1.71366717857886e-25	0.615792138556924	0.441	0.132	2.48995841047509e-21
pcna	1.90047824564515e-25	0.824980432922776	0.829	0.377	2.76139489092241e-21
asf1ba	2.65065022802565e-25	0.485501673155223	0.467	0.14	3.85139478132127e-21
ddx61	2.74484770587696e-25	0.906660036743487	0.849	0.464	3.98826371663922e-21
pin1	4.20223057284131e-25	0.711386286564748	0.882	0.487	6.10584102233843e-21
si:ch211-114n24.6	6.00290797077742e-25	0.636860933618868	0.329	0.083	8.72222528153959e-21
cyyr1	7.03755426185227e-25	0.723797108348004	0.579	0.217	1.02255663424714e-20
rpl10a	8.40767956659117e-25	0.430239680808749	1	0.997	1.2216358410257e-20
ckap2l	8.83622221505115e-25	0.343420790125638	0.197	0.032	1.28390308784693e-20
hist1h4l	1.72615755677678e-24	0.419845469844855	0.276	0.06	2.50810692999666e-20
alyref	3.95719881329009e-24	0.643607166329019	0.618	0.239	5.7498098757105e-20
marcksa	6.85825834304325e-24	0.474865579208181	0.454	0.138	9.96504937244184e-20
cdc14b	8.32887113206233e-24	0.720913245495651	0.526	0.192	1.21018497548866e-19
si:ch211-288g17.3	1.16186907077415e-23	0.697653726692594	0.967	0.685	1.68819575983484e-19
postnb	1.78922687291738e-23	0.987293818891155	0.487	0.172	2.59974664634895e-19
rpl14	1.91352267645525e-23	0.531507927044808	0.993	0.966	2.78034844888948e-19
hnrnpabb	1.99423860839492e-23	0.723763384756776	1	0.791	2.89762869799782e-19
lsm8	2.04736696844842e-23	0.73076118359475	0.789	0.404	2.97482420515555e-19
ppil1	3.23013164548414e-23	0.611751446529205	0.546	0.206	4.69338128088846e-19
bub3	6.82149765765068e-23	0.344197989819521	0.237	0.048	9.91163609656644e-19
rpl13	1.49571660452024e-22	0.406601363013261	0.993	0.997	2.17327622636791e-18
nutf2l	2.21696572149043e-22	0.770015085080094	0.743	0.363	3.22125119332559e-18
rps4x	6.11452629976789e-22	0.368951462193984	1	0.998	8.88440671356274e-18
rps15	6.59949364746841e-22	0.361785385278035	1	0.998	9.5890642697716e-18
rbbp4	8.28416266324274e-22	0.71159531575738	0.809	0.403	1.20368883496917e-17
grem2b	9.38183924071623e-22	1.12100798740865	0.342	0.097	1.36318124167607e-17
prrx1b	9.69854484611815e-22	0.799190349135453	0.553	0.21	1.40919856614097e-17
rpl15	1.06838735147432e-21	0.355669567865055	1	0.999	1.55236682169219e-17
uba52	1.0948536714792e-21	0.473867801103842	0.993	0.982	1.59082238465928e-17
khdrbs1a	1.42362798523265e-21	0.588937456654312	0.993	0.923	2.06853146254304e-17
tubb4b	1.60440557709469e-21	0.510894683645514	1	0.971	2.33120130351859e-17
cd2bp2	2.31118420620489e-21	0.51704275121876	0.487	0.172	3.3581506516157e-17
setb	2.46494142515356e-21	0.684718586004422	0.967	0.766	3.58155989074813e-17
krcp	2.54496268018862e-21	0.342403424840156	0.27	0.063	3.69783077431406e-17
dhfr	4.98150259958578e-21	0.565357593896626	0.467	0.163	7.23812327719814e-17
rpl38	5.98929667689935e-21	0.433667285132203	0.993	0.988	8.70244807153476e-17
cxcl12a	6.04026570729445e-21	0.466615138528474	0.586	0.233	8.77650607269884e-17
ube2t	6.16904233058449e-21	0.400886689280427	0.329	0.091	8.96361850633926e-17
dynll1	6.39624396912116e-21	0.624494155497457	0.987	0.86	9.29374248713304e-17
zgc:110216	9.14254557399893e-21	0.317064467012933	0.243	0.054	1.32841187190204e-16
foxp4	9.88160584354539e-21	0.667264873973123	0.763	0.366	1.43579732906714e-16
ptmab	1.06626028906524e-20	0.524685284830901	1	0.971	1.5492762000118e-16
snrpe	1.20288969014362e-20	0.746103482130851	0.914	0.612	1.74779871977869e-16
cenpn	1.30051907289007e-20	0.280473993325357	0.217	0.044	1.88965421290927e-16
poglut1	1.83322662897796e-20	0.396067250799109	0.382	0.116	2.66367829190497e-16
rpl5a	2.35727244943966e-20	0.462906880647473	0.974	0.964	3.42511686903582e-16
cx43.4	2.70586880077797e-20	0.792327136964447	0.711	0.336	3.9316273675304e-16
cenpk	2.82525419067543e-20	0.335174022491494	0.23	0.051	4.1050943390514e-16
srsf1a	3.8761943007592e-20	0.615954549769033	0.776	0.397	5.63211031900312e-16
mis12	4.84780269977633e-20	0.410480949777981	0.296	0.079	7.043857322775e-16
snrpb2	9.21205869689827e-20	0.479014480508889	0.599	0.243	1.33851212865932e-15
si:ch211-161h7.4	9.9969064049667e-20	0.319813222858932	0.283	0.073	1.45255050064166e-15
twist1b	1.21689125230595e-19	0.886585431972067	0.612	0.271	1.76814298960054e-15
rpl10	1.21737052324135e-19	0.300005794979191	1	0.999	1.76883937026969e-15
lmnb1	1.34908769203338e-19	0.592220289509123	0.724	0.348	1.9602244165245e-15
ddx39ab	1.56949117181773e-19	0.665901582127343	0.921	0.604	2.28047067265116e-15
nr2f1b	1.63412935684517e-19	0.673911100667084	0.27	0.069	2.37438995549603e-15
ppp1r3b	1.97640038950469e-19	0.558036658186552	0.283	0.076	2.87170976595031e-15
zgc:92664	2.20473817056908e-19	0.527816339101075	0.414	0.141	3.20348456183687e-15
dlx2a	2.27257636742237e-19	0.716952693174698	0.388	0.131	3.30205346186471e-15
twist1a	2.37319805871368e-19	0.543754918926552	0.783	0.388	3.44825677931098e-15
hnrnpa0l	4.38554731345245e-19	0.521467730223941	1	0.935	6.37220024644641e-15
fibina	4.47741482089339e-19	0.622382677909495	0.5	0.187	6.5056837347581e-15
sae1	4.92011946020553e-19	0.567272834474052	0.625	0.27	7.14893357567864e-15
prrx1a	4.92069198250707e-19	0.726840174210581	0.592	0.265	7.14976545058277e-15
sem1	4.93054130096537e-19	0.678416089027358	0.947	0.73	7.16407651030268e-15
top1l	1.05111500149635e-18	0.68627679177326	0.783	0.43	1.52727009717419e-14
ptges3b	1.23373690278633e-18	0.661930485478235	0.862	0.515	1.79261971974853e-14
ube2ib	1.2733334999995e-18	0.639095293522607	0.882	0.559	1.85015357549927e-14
rpl4	1.29770952814742e-18	0.411676313025826	1	0.989	1.88557194439819e-14
lsm5	1.54798115373915e-18	0.648263628819949	0.809	0.462	2.24921661638299e-14
rpl27	1.9241581209093e-18	0.358077427233263	0.993	0.998	2.79580174968121e-14
hoxa2b	2.36373628519389e-18	0.464897306134542	0.309	0.089	3.43450882238672e-14
nup210	2.54920192492268e-18	0.414191348065646	0.23	0.056	3.70399039691266e-14
rpl36a	2.60825529948532e-18	0.371430103641675	1	0.998	3.78979495015216e-14
ruvbl2	3.62445350709429e-18	0.376908112863167	0.467	0.169	5.266330945808e-14
ranbp1	3.71786823935392e-18	0.661962818126984	0.875	0.526	5.40206255178124e-14
si:dkey-30c15.10	4.61283099558866e-18	0.253024478656771	0.158	0.028	6.70244343659032e-14
rpl31	4.81416722650956e-18	0.433490437851141	1	0.993	6.99498498011839e-14
wdr18	5.00945133322297e-18	0.572947153946083	0.441	0.163	7.27873278717297e-14
cenpx	5.18220157341918e-18	0.342434548303899	0.428	0.146	7.52973888617807e-14
rps7	5.90354719866221e-18	0.311606342084614	1	0.998	8.57785407965619e-14
rpl22l1	7.97367800381699e-18	0.448767050808484	0.993	0.952	1.15857541395461e-13
phgdh	8.12949793115878e-18	0.554772643227767	0.625	0.285	1.18121604939737e-13
rpl30	9.05663667539646e-18	0.348247236896951	0.993	0.997	1.31592930893511e-13
rps15a	1.34724353647168e-17	0.303279578670299	0.993	0.999	1.95754485849336e-13
si:dkeyp-44a8.4	1.37684551901438e-17	0.493943234146035	0.289	0.086	2.0005565391279e-13
sub1a	1.49845462672943e-17	0.628985292493803	0.947	0.695	2.17725457263786e-13
hnrnpaba	2.97989447610323e-17	0.449846604399619	1	0.922	4.329786673778e-13
rps29	3.77230182492025e-17	0.363037957961492	1	0.995	5.48115455160912e-13
faua	4.15715877241689e-17	0.325630349059555	1	0.997	6.04035169632175e-13
ier5l	4.53470371197783e-17	0.739545562782582	0.783	0.455	6.58892449350378e-13
vasna	5.11202959916046e-17	0.512474972982327	0.263	0.074	7.42777900758014e-13
fzd7a	5.1928268163443e-17	0.490813006043676	0.632	0.28	7.54517736414826e-13
rps16	7.53696779898857e-17	0.306173855477683	1	0.999	1.09512142119304e-12
nucks1a	8.24882580006391e-17	0.51452532676562	0.954	0.718	1.19855438874929e-12
si:ch211-156b7.4	1.13013867472491e-16	0.500383452247923	0.474	0.186	1.6420914943753e-12
lmf2b	1.31923745923609e-16	0.422718774803873	0.388	0.137	1.91685202827004e-12
rps5	1.34453552759438e-16	0.302807458017535	1	0.998	1.95361012159463e-12
rpa2	1.48992328092927e-16	0.498588583619129	0.599	0.262	2.16485852719023e-12
polr2i	1.53132845816647e-16	0.520515124576329	0.579	0.253	2.22502024971588e-12
taf15	1.71144642220499e-16	0.620296489186121	0.862	0.535	2.48673165146385e-12
tnc	1.73902074820749e-16	0.670447499702215	0.349	0.122	2.52679714714548e-12
rps26l	2.1773810144132e-16	0.36554672497352	1	0.995	3.16373461394239e-12
rpl11	2.22761052034071e-16	0.277426036789888	0.993	1	3.23671808605505e-12
si:ch211-276i12.11	3.08475611415204e-16	0.417839886728092	0.493	0.196	4.48215063386291e-12
adka	3.32326457207868e-16	0.4872497162199	0.493	0.205	4.82870342323032e-12
rpl7a	3.50505968481436e-16	0.279398010923943	1	1	5.09285172203527e-12
rpl18	4.70084453169406e-16	0.272082037580257	1	0.999	6.83032710455147e-12
psmd10	4.90171959800328e-16	0.411613931967921	0.461	0.178	7.12219857589876e-12
rps6	6.63934326175919e-16	0.279812195677148	1	0.999	9.64696575933611e-12
rgmd	7.78199691062772e-16	0.433986869141526	0.349	0.119	1.13072415111421e-11
zgc:114119	8.05967958671962e-16	0.345968431065822	0.408	0.148	1.17107144395036e-11
hmgn6	8.76256396070878e-16	0.414876324620489	0.993	0.856	1.27320054349099e-11
gins3	9.56432974224186e-16	0.312332026398118	0.237	0.064	1.38969711154774e-11
twist3	9.94129262125349e-16	0.268934681444177	0.296	0.09	1.44446981786813e-11
rpa3	1.52763797365149e-15	0.516428279608491	0.632	0.298	2.21965797571561e-11
ss18l2	1.6116650425167e-15	0.479603880890924	0.441	0.178	2.34174930677677e-11
thap12a	2.24155475856411e-15	0.329048967513458	0.217	0.056	3.25697906419366e-11
txnipa	2.33663327236045e-15	0.880501007852189	0.684	0.375	3.39512814473974e-11
six1b	2.66790128249017e-15	0.633648257617147	0.388	0.149	3.87646056345822e-11
dlx3b	3.0267222331637e-15	0.802083953334232	0.296	0.098	4.39782740478685e-11
dpcd	3.19955607914749e-15	0.304202437095126	0.316	0.102	4.64895498300131e-11
ewsr1b	3.48498123268935e-15	0.535927797689184	0.908	0.612	5.06367773109763e-11
notch3	3.97210218932366e-15	0.315939892101575	0.368	0.128	5.77146448108728e-11
kazald2	4.14320514315784e-15	0.541844671061685	0.184	0.044	6.02007707300835e-11
rps13	4.39287237074543e-15	0.30260707995966	0.993	0.999	6.38284355469311e-11
rps19	4.47278388041369e-15	0.261532040260114	1	0.999	6.49895497824109e-11
pole3	4.51931695805536e-15	0.413380113992456	0.441	0.171	6.56656754005443e-11
apela	5.58577583103712e-15	0.353690359471965	0.158	0.034	8.11613228249693e-11
junbb	6.18626905085114e-15	0.613061900875127	0.691	0.365	8.98864893088671e-11
polr2gl	8.18312335201978e-15	0.387378855560927	0.414	0.162	1.18900782304847e-10
cdkn1cb	8.70639120631712e-15	0.322733188491155	0.263	0.078	1.26503864227788e-10
rps12	9.39585812525843e-15	0.291401572077609	1	0.999	1.36521818560005e-10
si:ch211-286o17.1	1.09830802271276e-14	0.443358556483257	0.697	0.359	1.59584155700164e-10
dlx1a	1.18088063329006e-14	0.296829355992608	0.164	0.037	1.71581956017046e-10
akirin2	1.6687921926423e-14	0.370788268580755	0.5	0.206	2.42475505590926e-10
mapre1a	1.98742378057773e-14	0.325216796193987	0.283	0.091	2.88772675317945e-10
ssrp1a	2.04658891534257e-14	0.471908745072494	0.559	0.259	2.97369369399275e-10
prpf8	2.1067325697531e-14	0.272712035924022	0.303	0.099	3.06108242385125e-10
ppih	2.16634962903698e-14	0.444654060549356	0.572	0.26	3.14770601099074e-10
cirbpb	2.4407912401769e-14	0.421209609950719	1	0.986	3.54646967197703e-10
ms4a17a.9	2.82942552344247e-14	0.333077748108622	0.533	0.233	4.11115528556191e-10
lin52	3.95160175819968e-14	0.38563200680426	0.487	0.2	5.74167735466414e-10
tead1b	4.03655663535199e-14	0.396886829049641	0.322	0.111	5.86511679116644e-10
irf2a	4.30968432313336e-14	0.377026003641285	0.303	0.104	6.26197132151277e-10
polr3glb	4.57027559447524e-14	0.444890419076371	0.408	0.165	6.64061043877252e-10
fli1a	5.68106639871476e-14	0.327328957948453	0.441	0.177	8.25458947733255e-10
usp1	6.03290954447905e-14	0.277204294934211	0.27	0.084	8.76581756812806e-10
polr2h	6.39389318584818e-14	0.416607031430846	0.421	0.172	9.2903267990374e-10
prkrip1	6.50536007384069e-14	0.405022366977355	0.421	0.17	9.45228818729052e-10
adgrl2a	7.68450860639508e-14	0.272256357580303	0.27	0.084	1.1165591005092e-09
rbp5	8.56894356891553e-14	0.503030280130266	0.572	0.277	1.24506750056343e-09
ncbp2	1.00092554595233e-13	0.429708974008164	0.645	0.326	1.45434481826873e-09
rfc5	1.06957550601885e-13	0.527263182875838	0.467	0.205	1.5540932102454e-09
snrpc	1.33925076185678e-13	0.571285426354494	0.776	0.465	1.9459313569779e-09
naa40.1	1.4306612681648e-13	0.39482855050804	0.599	0.279	2.07875082264346e-09
rpl6	1.52077051004089e-13	0.275092908725646	1	0.999	2.20967955108941e-09
dlx4a	1.69260270166938e-13	1.2470583221246	0.224	0.068	2.45935172552561e-09
COX7A2 (1 of many)	1.74596161524349e-13	0.324122002836681	0.382	0.146	2.53688222694878e-09
eif4a1a	1.80695693490879e-13	0.568634676173019	0.829	0.527	2.62550842642247e-09
hcfc1a	1.85518490538706e-13	0.488414634647066	0.421	0.176	2.69558366752741e-09
foxd2	1.89211971655567e-13	0.25090083404703	0.164	0.039	2.74924994815538e-09
clns1a	2.36136778875838e-13	0.488424500950909	0.586	0.281	3.43106739706592e-09
rps18	2.36521212388222e-13	0.26427187041791	1	0.997	3.43665321600086e-09
zgc:110540	2.43964218548371e-13	0.401721136266724	0.296	0.101	3.54480009550784e-09
srek1ip1	3.21387364829154e-13	0.330481630190788	0.309	0.109	4.66975841096761e-09
rpl32	3.39325424109026e-13	0.252713997114986	1	0.999	4.93039841230414e-09
lmnb2	3.85209078310247e-13	0.376058784766376	0.414	0.17	5.59708790784788e-09
nucks1b	3.85682018418376e-13	0.507254066786997	0.684	0.376	5.60395972761901e-09
lepa	3.9662571576177e-13	1.23014519429368	0.441	0.206	5.76297165001852e-09
dlx4b	4.04110375566599e-13	0.590119888680508	0.197	0.056	5.87172375698269e-09
tfdp1b	4.50939144691338e-13	0.340343470625943	0.303	0.107	6.55214577236514e-09
rplp0	4.59762640948659e-13	0.257690685282861	1	0.999	6.68035117298401e-09
snrpd2	4.98678633720727e-13	0.514044136982438	0.901	0.651	7.24580054796216e-09
smc1al	5.02605367799217e-13	0.546087708931339	0.757	0.439	7.30285599412262e-09
cherp	6.74439928462965e-13	0.292949366853338	0.303	0.106	9.79961216056688e-09
hat1	6.74764006767859e-13	0.364997728654347	0.362	0.139	9.804321018337e-09
kpnb1	7.7937471207668e-13	0.324671961905275	0.572	0.27	1.13243145664742e-08
rps17	8.55844878296471e-13	0.306374851783472	0.987	0.99	1.24354260816477e-08
cd151l	8.68969854074715e-13	0.556482891476733	0.546	0.273	1.26261319797056e-08
si:dkey-16p21.8	1.03673308585544e-12	0.436299087842023	0.579	0.294	1.50637317374796e-08
lig1	1.09705458087299e-12	0.508260998831911	0.507	0.234	1.59402030600845e-08
u2af1	1.24512492550879e-12	0.482411082762594	0.822	0.515	1.80916651676426e-08
lsm3	1.25318901496752e-12	0.493584245149437	0.75	0.43	1.8208836387478e-08
psma8	1.31834263001965e-12	0.479864411183829	0.901	0.64	1.91555184141855e-08
anapc10	1.54341300313279e-12	0.320091124563258	0.309	0.113	2.24257909355194e-08
lrrc17	1.75773500667603e-12	0.343327014332395	0.474	0.207	2.55398896470028e-08
parp1	1.78399462052765e-12	0.348260234661226	0.368	0.147	2.59214418362667e-08
sumo3a	2.34419584599627e-12	0.474603663222708	0.967	0.793	3.40611656423258e-08
chrac1	2.4441251540252e-12	0.376004866164867	0.586	0.285	3.55131384879861e-08
polr2j	2.52179839770104e-12	0.3044320656928	0.336	0.126	3.66417307185961e-08
rpl5b	3.30971617019775e-12	0.357620231443234	0.993	0.972	4.80901759529733e-08
jag1b	3.61919803749256e-12	0.309819515311566	0.178	0.048	5.25869474847669e-08
rack1	3.73014985305518e-12	0.253632488905539	1	0.999	5.41990773648918e-08
mxd3	5.515499184457e-12	0.504246935573247	0.414	0.183	8.01402031501602e-08
mycn	5.67442582013453e-12	0.267189474782529	0.546	0.261	8.24494071665547e-08
fzd8a	5.73686636776478e-12	0.331936388738012	0.395	0.162	8.33566683236222e-08
mrpl57	6.44171493832948e-12	0.471844345109003	0.579	0.293	9.35981180539274e-08
pdgfra	8.05761911400215e-12	0.316892890191657	0.283	0.1	1.17077205726451e-07
inip	8.32021608747512e-12	0.412431877588512	0.513	0.253	1.20892739751013e-07
prim2	9.17164017064766e-12	0.407718824485219	0.336	0.133	1.33263931679511e-07
si:dkey-9i23.15	9.61698907130497e-12	0.305665378672643	0.342	0.133	1.39734851206061e-07
uchl5	1.03583585934111e-11	0.411672425656222	0.513	0.252	1.50506950362263e-07
nid2a	1.05054499007156e-11	0.298496787380774	0.296	0.109	1.52644187057398e-07
lsp1	1.27222033150711e-11	0.3072355271616	0.388	0.165	1.84853614167983e-07
RPS17	1.41290120586253e-11	0.300191552643345	1	0.996	2.05294545211826e-07
hnrnpm	1.75311928409877e-11	0.345423353862619	0.382	0.16	2.54728231979551e-07
tdg.1	1.89500073619513e-11	0.285617676308479	0.342	0.135	2.75343606969153e-07
pa2g4b	2.10964044904652e-11	0.512396651564833	0.737	0.444	3.0653075724646e-07
eftud2	2.17468522590072e-11	0.306785417900687	0.322	0.126	3.15981763323374e-07
tsr2	2.2064741775312e-11	0.319072778901352	0.395	0.169	3.20600697995284e-07
srsf2a	2.34153238408201e-11	0.515224837743465	0.868	0.577	3.40224655407116e-07
phldb2b	2.42953905463638e-11	0.413706674452214	0.257	0.09	3.53012024638666e-07
khsrp	2.67260149745906e-11	0.512292360620734	0.737	0.433	3.88328997580801e-07
hnrnpk	2.84916522031859e-11	0.404196668813674	0.855	0.554	4.13983706512291e-07
hnrnpa0b	2.91158036341998e-11	0.394769089777026	0.98	0.83	4.23052626804923e-07
jpt2	4.06955585349462e-11	0.487892990990219	0.776	0.475	5.91306465512769e-07
nfatc2ip	4.56271259209442e-11	0.269043845781144	0.23	0.077	6.62962139631319e-07
actl6a	4.88786234898484e-11	0.456657049371761	0.566	0.297	7.10206399307498e-07
zgc:113983	5.08810291672024e-11	0.272665436904609	0.184	0.055	7.39301353799451e-07
rnaseh2a	5.45368448058577e-11	0.333447897007639	0.408	0.182	7.92420355029112e-07
arl14ep	5.46348166344306e-11	0.347813753437901	0.5	0.236	7.93843885698277e-07
rbm8a	5.84093149676291e-11	0.41260168357793	0.934	0.76	8.48687346479651e-07
eed	5.9597461406448e-11	0.31589819845449	0.368	0.157	8.65951114235689e-07
hsd11b2	6.53562558770575e-11	0.319803138578348	0.197	0.061	9.49626397893646e-07
lpl	6.6348939289183e-11	0.310390440182293	0.322	0.13	9.64050087871829e-07
rbm4.2	7.32643561478837e-11	0.367063814928414	0.566	0.289	1.06453109482875e-06
six4a	8.42365352344503e-11	0.352205804563927	0.276	0.105	1.22395685695656e-06
syncrip	8.85510676530966e-11	0.440155611138239	0.961	0.771	1.28664701299949e-06
sephs1	9.77778420590345e-11	0.301198864068326	0.421	0.186	1.42071204511777e-06
si:ch73-1a9.3	9.87904982870512e-11	0.302442821314997	1	0.96	1.43542594011085e-06
LO018188.1	1.01251101893617e-10	0.313225572967466	0.322	0.125	1.47117851051426e-06
mdka	1.01582815793196e-10	0.404108704026525	0.875	0.572	1.47599831347513e-06
srrt	1.01997807273774e-10	0.312595538317118	0.414	0.186	1.48202813968794e-06
hmgn7	1.11598572385134e-10	0.428795749615115	0.98	0.89	1.621527256756e-06
fam76b	1.12548727530227e-10	0.463109434643469	0.559	0.291	1.63533301101419e-06
nono	1.16445556126199e-10	0.443002469645264	0.651	0.372	1.69195393051367e-06
si:ch211-108d22.2	1.20838131733765e-10	0.334570480961725	0.243	0.087	1.75577805409161e-06
eif5a2	1.21089511148057e-10	0.43544855311264	0.954	0.84	1.75943059698127e-06
chd4a	1.30534140340265e-10	0.347586055613096	0.671	0.363	1.89666105914406e-06
psma5	1.39908461906293e-10	0.457942997266086	0.855	0.573	2.03286995149844e-06
flna	1.4415345571749e-10	0.289872331584866	0.25	0.089	2.09454971157514e-06
eny2	1.54573517767826e-10	0.488215739380385	0.651	0.391	2.24595321316651e-06
sall4	1.59744521873791e-10	0.635244792716798	0.283	0.112	2.32108790282618e-06
fzd7b	2.53356795649458e-10	0.28314271215602	0.428	0.19	3.68127424078662e-06
dpy30	2.62252876536563e-10	0.47126368614727	0.796	0.562	3.81053429607625e-06
ilf2	2.72414227006599e-10	0.402869460258747	0.934	0.704	3.95817871840589e-06
atp5mc3a	2.77255165532141e-10	0.483355235015736	0.908	0.666	4.02851755518201e-06
wdr82	2.81300903231622e-10	0.328131455812721	0.559	0.283	4.08730212395547e-06
rad21a	3.54009301500098e-10	0.38149750198013	0.921	0.69	5.14375515079643e-06
usp39	3.62934259791523e-10	0.284976666642555	0.362	0.156	5.27343479477083e-06
notch2	4.08234734913301e-10	0.335577297677208	0.257	0.096	5.93165069829027e-06
apln	4.12548702862562e-10	0.323446887194951	0.303	0.122	5.99433265259302e-06
vrk1	4.53927316034683e-10	0.264403122490405	0.27	0.103	6.59556390198394e-06
psma6a	5.10810485300915e-10	0.455289583729862	0.757	0.514	7.42207635142229e-06
neo1a	6.12584882301658e-10	0.283446607741152	0.342	0.143	8.90085833984309e-06
lbx2	6.56960649486061e-10	0.252168192237426	0.171	0.051	9.54563823703246e-06
serbp1a	7.16687207883648e-10	0.371315468366415	0.987	0.923	1.04134651305494e-05
srsf6a	7.18492029429725e-10	0.289158529026536	0.441	0.204	1.04396891876139e-05
barx1	8.00984488809462e-10	0.562915955917838	0.27	0.107	1.16383046224015e-05
gemin8	8.32655345345193e-10	0.286799672770292	0.408	0.186	1.20984821678657e-05
nedd8	1.1061058796649e-09	0.430242828327505	0.671	0.38	1.6071718431531e-05
tfam	1.30089519710428e-09	0.25714419051541	0.467	0.221	1.89020072139252e-05
gatad2ab	1.51670477261479e-09	0.275058725777344	0.309	0.129	2.20377203460929e-05
ndufa12	1.53509372608822e-09	0.351172553395998	0.73	0.443	2.23049118400619e-05
esco2	1.56806909083959e-09	0.260989612930974	0.211	0.072	2.27840438898993e-05
lmo4a	1.80267047421605e-09	0.398698739345979	0.493	0.25	2.61928019903592e-05
fkbp3	1.81883334688585e-09	0.371820516000496	0.855	0.572	2.64276485302514e-05
hnrnph1l	1.91638383498978e-09	0.365955471116975	0.796	0.497	2.78450571224016e-05
pomp	1.97421952338181e-09	0.391700420101817	0.941	0.735	2.86854096747376e-05
smarca4a	2.04423514756632e-09	0.3412292132993	0.678	0.38	2.97027366941386e-05
polr2d	2.15771245124681e-09	0.380827117637255	0.809	0.518	3.13515619166161e-05
uba2	2.25427023003886e-09	0.278939926945749	0.322	0.138	3.27545464424646e-05
ppig	2.38019739279666e-09	0.338426567242919	0.572	0.305	3.45842681173355e-05
abcf2a	2.50120159523017e-09	0.290114025423164	0.316	0.135	3.63424591786943e-05
prpf39	2.76535713743871e-09	0.351696977452495	0.586	0.316	4.01806392069845e-05
arglu1b	2.79518213246599e-09	0.276873012718926	0.296	0.124	4.06139963847308e-05
snrpa1	3.07327394977867e-09	0.325664419224137	0.625	0.346	4.46546704902841e-05
nop58	3.33656696723527e-09	0.417059976242561	0.645	0.371	4.84803180339285e-05
ndnl2	3.39955541733821e-09	0.274017277320167	0.309	0.13	4.93955402139242e-05
ilf3a	4.34835422925319e-09	0.260962946788813	0.388	0.179	6.31815869510489e-05
dcun1d5	4.84556527287665e-09	0.343508260654215	0.546	0.296	7.04060634148977e-05
psma3	5.33032892341584e-09	0.398453438305119	0.901	0.641	7.74496792572321e-05
dlx6a	6.78077569460891e-09	0.320758310743489	0.151	0.046	9.85246708426675e-05
rfc4	6.96784491654169e-09	0.286559627592327	0.447	0.219	0.000101242786637351
npm3	7.92331258572738e-09	0.360650018242551	0.553	0.299	0.000115125731870619
akirin1	9.4538209464996e-09	0.360583508336858	0.632	0.376	0.000137364018352639
ewsr1a	9.58580829912209e-09	0.342229979565088	0.836	0.569	0.000139281794586244
exosc5	9.70716927934015e-09	0.261998583462823	0.309	0.134	0.000141045169628812
rbmx	9.72020927971623e-09	0.393677244269459	0.776	0.49	0.000141234640834277
polr2f	1.08752955227952e-08	0.380197691749405	0.632	0.381	0.000158018043946214
abcf1	1.27225669522298e-08	0.429065035251079	0.638	0.384	0.000184858897815898
hnrnpc	1.4171165433859e-08	0.342266860457477	0.625	0.366	0.000205907033753971
mt-nd5	1.41744856742608e-08	0.48760192445096	0.408	0.206	0.000205955276847009
dkc1	1.46672287717327e-08	0.530046154167137	0.507	0.291	0.000213114834053277
cox5ab	1.52986085815365e-08	0.385897397441541	0.862	0.605	0.000222288782689726
thoc2	1.60296986760642e-08	0.282119890051662	0.5	0.259	0.000232911521763213
lsm6	1.75399996421458e-08	0.414710670793029	0.822	0.539	0.000254856194800378
lsm4	1.79969157159423e-08	0.364278933087143	0.822	0.552	0.000261495185352642
snrpd3l	1.8898396320206e-08	0.410334773871064	0.763	0.474	0.000274593698532593
ruvbl1	1.92140360504268e-08	0.314549659118302	0.467	0.239	0.000279179943812702
nudt21	2.02158354924982e-08	0.320427476821565	0.566	0.322	0.000293736089705998
si:ch211-51e12.7	2.02749399104873e-08	0.3814648961189	0.829	0.628	0.000294594876899381
seh1l	2.12826366510667e-08	0.293281719063907	0.5	0.263	0.000309236710539999
kctd5a	2.19285034051864e-08	0.379874181988749	0.678	0.428	0.000318621154477359
ppp1caa	2.23007792901468e-08	0.407814023213929	0.763	0.55	0.000324030323085832
dlx5a	2.23116892035632e-08	0.72960248469659	0.309	0.148	0.000324188844127774
ddx39aa	2.27830130531361e-08	0.396371746976944	0.849	0.589	0.000331037179662068
ndufs5	2.43777995248498e-08	0.332709461132044	0.763	0.485	0.000354209427096067
hdac1	2.7932596690383e-08	0.327949456447283	0.908	0.761	0.000405860629911265
rtf1	2.86511490489662e-08	0.310675246963548	0.579	0.332	0.000416301195681478
mrrf	3.20134667353312e-08	0.35237838377935	0.257	0.109	0.000465155671664363
smc3	3.66210624041237e-08	0.254329593491659	0.309	0.136	0.000532104036731918
med11	3.66899290373301e-08	0.270825733818536	0.441	0.226	0.000533104668912406
sf3b5	3.93048354513455e-08	0.338118944525446	0.724	0.443	0.00057109925910805
puf60b	4.00153225681423e-08	0.316361728966973	0.651	0.365	0.000581422636915108
thoc7	4.0986442161615e-08	0.263722822199546	0.388	0.191	0.000595533004608267
srsf4	4.39112054822236e-08	0.329477984847206	0.684	0.401	0.000638029815656708
mycla	5.12527111189346e-08	0.256358004729699	0.257	0.108	0.00074470189255812
prpf19	6.33548622893066e-08	0.306905143070017	0.428	0.221	0.000920546149063625
mrpl22	6.42095934965699e-08	0.265154495663672	0.303	0.139	0.000932965393505161
ppm1g	6.43176006629665e-08	0.341410736970462	0.539	0.303	0.000934534737632903
eif4a3	6.67014570561332e-08	0.42837597893989	0.724	0.492	0.000969172171025615
calm3b	8.36518761304294e-08	0.306649114070045	0.954	0.84	0.00121546176017514
sap18	8.74563723526171e-08	0.347072113935504	0.803	0.535	0.00127074109028353
myh10	9.91154118903743e-08	0.28615429646292	0.303	0.137	0.00144014693476714
tspan7	1.0651071314259e-07	0.35617439396628	0.763	0.463	0.00154760066196183
bcl7a	1.12297635087339e-07	0.268040847992034	0.493	0.269	0.00163168463781904
cbx5	1.25225901447654e-07	0.329553496574282	0.868	0.605	0.00181953234803441
si:dkey-67c22.2	1.44854205067293e-07	0.362764827167281	0.599	0.355	0.00210473159962777
igf2bp1	1.46316797517567e-07	0.355444475464854	0.75	0.497	0.00212598306793024
rbm4.3	1.47388041552785e-07	0.353123206199019	0.921	0.748	0.00214154824376197
ctnnbl1	1.64396161650599e-07	0.264789446581095	0.322	0.152	0.0023886762287832
pfdn6	1.7045246137253e-07	0.360174667082723	0.638	0.377	0.00247667426374287
ndufa8	1.7317766436198e-07	0.373961563145013	0.704	0.468	0.00251627146317957
psma4	2.06865402834206e-07	0.322572720933535	0.842	0.606	0.00300575430318102
crk	2.1940367614351e-07	0.305457970769901	0.434	0.23	0.0031879354143652
hmgn3	2.20184600851106e-07	0.266424113611331	0.796	0.528	0.00319928225036657
smarcd1	2.39884795618774e-07	0.278903580677081	0.658	0.389	0.00348552608034078
sf3b4	2.40129688331802e-07	0.337557997367443	0.553	0.317	0.00348908437146108
eif3k	2.40656848003484e-07	0.319998311530954	0.776	0.561	0.00349674400149063
puf60a	2.48919413835783e-07	0.282493656838361	0.592	0.349	0.00361679908303392
phf5a	2.68939351964317e-07	0.330799756795547	0.638	0.378	0.00390768878404153
jam3b	2.69739700392318e-07	0.332104079483317	0.382	0.197	0.00391931784670038
srsf5a	2.93433534218417e-07	0.376821158904675	0.901	0.746	0.0042635892521936
srsf10b	3.01172469707663e-07	0.271128129740963	0.454	0.244	0.00437603598485234
psmd13	3.1230114592312e-07	0.352107607494016	0.783	0.537	0.00453773565026294
rfc3	3.13083836330147e-07	0.271179140228009	0.342	0.171	0.00454910814187704
tomm6	3.37441077864811e-07	0.361121666407354	0.618	0.36	0.0049030188613757
matr3l1.1.1	3.46985901893318e-07	0.25682394861079	0.368	0.185	0.00504170515450991
nudcd2	3.48801984643958e-07	0.274862770721908	0.388	0.199	0.00506809283687671
u2af2b	3.72791400539778e-07	0.346761118794802	0.737	0.467	0.00541665904984298
mt-co1	3.94998116106545e-07	0.449272929641828	0.974	0.983	0.00573932262702811
psmb2	4.31193606199487e-07	0.319225634611844	0.855	0.66	0.00626524309807855
nap1l1	4.33130102159703e-07	0.365358032214421	0.507	0.293	0.00629338038438049
atp5if1a	4.85082229916078e-07	0.296331305062851	0.776	0.516	0.00704824480068061
sarnp	5.69256855951487e-07	0.316723780070433	0.697	0.445	0.0082713021169751
taf13	5.84496564383922e-07	0.304971392022741	0.704	0.448	0.00849273508049839
apex1	6.55210624737991e-07	0.30023299851576	0.605	0.355	0.00952021037744302
rbx1	7.02906773589917e-07	0.309151094497168	0.934	0.748	0.0102132354202615
cpsf6	7.22836284337799e-07	0.295325269924278	0.691	0.437	0.0105028112114282
mt-nd1	7.86354534661927e-07	0.662360769984447	0.921	0.808	0.0114257313886378
bud31	8.11697906256673e-07	0.368153052368803	0.836	0.626	0.0117939705779095
safb	8.82908207986961e-07	0.32942899651471	0.507	0.303	0.0128286562620505
prdx4	9.03679296629831e-07	0.277391179811296	0.684	0.431	0.0131304601800315
prkab1b	1.080130985708e-06	0.295461042794339	0.493	0.293	0.0156943032223373
glrx5	1.51993438630915e-06	0.30098771409172	0.539	0.326	0.0220846466330719
si:dkey-239h2.3	1.65190506465177e-06	0.295356506078993	0.421	0.236	0.0240021805893902
emx2	1.69444379657021e-06	0.505617010763607	0.145	0.052	0.0246202683641652
aldh1a2	1.97835820957832e-06	0.477458281718258	0.197	0.083	0.0287455447851729
psmb1	2.11754708358046e-06	0.285960677816798	0.934	0.726	0.0307679591244242
eif3ea	2.2031900141795e-06	0.272689459217001	0.961	0.878	0.0320123509060282
nup58	2.25169304996173e-06	0.336075692038951	0.263	0.126	0.0327171000159439
sfrp2	2.37194283849905e-06	0.254462375610959	0.329	0.174	0.0344643294433912
nop56	2.53232112044826e-06	0.421535515809273	0.658	0.455	0.0367946258801132
arf6a	2.54974048247e-06	0.260944813548692	0.507	0.299	0.0370477292102891
gcsha	2.56897097709279e-06	0.284767156279391	0.375	0.206	0.0373271482971583
eif4h	2.60380418416214e-06	0.306673572136131	0.711	0.479	0.0378332747958759
fbl	3.22269079321688e-06	0.469821633317205	0.586	0.385	0.0468256972254413
snu13b	3.37211788122919e-06	0.376742084821699	0.664	0.456	0.0489968728142601
