gene	p_val	avg_log2FC	pct.1	pct.2	p_val_adj
lepa	1.74210391139681e-121	2.30787313227655	0.906	0.186	2.53127698325956e-117
lin28a	1.08157235677059e-78	1.19243630472208	0.673	0.131	1.57152463438766e-74
txnipa	1.7991846492662e-62	1.61857464985582	0.937	0.364	2.61421529538379e-58
grem2b	3.40342894548922e-57	1.07718412936933	0.491	0.091	4.94518225779584e-53
gadd45ab	5.04980111310362e-56	1.10258524151609	0.811	0.25	7.33736101733956e-52
cnn2	1.32744787669256e-55	1.47654499874008	0.943	0.448	1.92878176483429e-51
six1b	1.86871907260774e-51	1.03581121548476	0.585	0.14	2.71524881249904e-47
pdlim1	5.10873446350459e-49	0.869139620024555	0.723	0.206	7.42299117547217e-45
rps3a	7.02453127893748e-48	0.607077096936575	1	0.998	1.02066439482962e-43
postnb	7.23754944638783e-48	1.43427913287612	0.604	0.166	1.05161593456015e-43
cxcl18b	8.03531779915901e-48	1.8216239672363	0.943	0.401	1.1675316762178e-43
rpl13a	9.59444617932833e-48	0.674892649374396	0.994	0.997	1.39407302985641e-43
rps3	2.58568545430688e-46	0.607796727957696	1	0.997	3.7570009651079e-42
dut	5.08991160959412e-46	1.07360016240773	0.774	0.26	7.39564156874025e-42
ppp1r3b	1.14692829363906e-45	0.691178346655258	0.39	0.071	1.66648681065755e-41
kazald2	1.9240890145478e-45	0.641889824589113	0.289	0.039	2.79570133813796e-41
rps14	2.42241492185081e-45	0.570885771930123	1	0.998	3.51976888144923e-41
rpl10a	2.55882414958838e-45	0.5812171190146	1	0.997	3.71797148935192e-41
cxcl12a	1.32135713666561e-44	0.900656460567218	0.717	0.227	1.91993191957513e-40
ms4a17a.2	1.63698220207813e-43	0.391848847519863	0.239	0.028	2.37853513961952e-39
rps4x	1.83961983981898e-43	0.555940007134096	1	0.998	2.67296762725698e-39
rpl21	5.479285198844e-43	0.569895499696175	1	0.998	7.96140139392033e-39
rpl12	8.10092798612114e-43	0.64671896363373	1	0.997	1.1770648363834e-38
rpl13	9.22547278554039e-43	0.556344929105331	1	0.996	1.34046119573902e-38
rpl9	5.70983994122333e-42	0.547916443171374	1	0.998	8.2963974345975e-38
twist1a	7.94185169006962e-41	0.886206273247264	0.925	0.382	1.15395105056712e-36
pcna	8.27625301424675e-41	1.22722498331049	0.868	0.375	1.20253956297005e-36
cirbpb	9.18190894102672e-41	0.821129215229283	0.994	0.986	1.33413136913118e-36
midn	2.84144168790983e-40	1.06879811349825	0.937	0.464	4.12861477253298e-36
tpm4a	3.77770064557228e-40	1.0453816529027	0.994	0.555	5.48899903801652e-36
rps27a	4.65045537965483e-40	0.552347241305058	1	0.998	6.75711166663847e-36
angptl7	1.06956865293909e-39	0.787120908417357	0.516	0.129	1.5540832527205e-35
si:ch211-222l21.1	1.52093433176554e-39	1.08293258794661	1	0.826	2.20991758405533e-35
rpl4	3.42740272745714e-39	0.619998729771277	1	0.989	4.98001616299522e-35
rpl17	5.49428440682967e-39	0.545437608615162	1	0.998	7.98319524312352e-35
rps9	1.4393946661638e-38	0.508380560867987	1	0.999	2.091440449936e-34
hmgb2b	3.69309688370957e-38	1.10257838876857	0.987	0.799	5.36606977203001e-34
ran	3.79426657479174e-38	0.761454714154226	1	0.966	5.5130693331724e-34
khdrbs1a	8.2417843422334e-38	0.831105371429412	1	0.923	1.19753126492651e-33
mcm5	9.30360140897497e-38	0.740342755676782	0.585	0.165	1.35181328472406e-33
rps11	3.22328805243392e-37	0.508667918895792	1	0.998	4.68343754018649e-33
snrpg	5.83478145275473e-37	0.933263744471548	0.962	0.545	8.47793745085262e-33
rplp0	1.98248694805886e-36	0.436636341118186	1	0.999	2.88055353552952e-32
dusp5	2.71137486389072e-36	0.966711096902339	0.597	0.183	3.93962767723321e-32
ms4a17a.11	6.09016296426642e-36	0.875253100822122	0.704	0.248	8.84900678707911e-32
zgc:174888	1.24714279441264e-35	0.60734587466462	0.384	0.082	1.81209848028157e-31
h2afvb	4.1557136545542e-35	0.863006104781007	0.994	0.89	6.03825194006725e-31
eya2	4.67898398972573e-35	0.591773973968096	0.327	0.063	6.79856373707149e-31
rplp2l	4.75692461538192e-35	0.470153777123384	1	0.998	6.91181146614993e-31
lig1	9.01608288585471e-35	0.768599011820467	0.667	0.227	1.31003684331469e-30
rpl23	1.91570416444399e-34	0.483954804915895	1	0.999	2.78351815093711e-30
hmga1a	1.99017898580635e-34	0.99579936627549	1	0.882	2.89173006637662e-30
stmn1a	2.21263889771597e-34	0.845195855398883	0.868	0.391	3.2149643183813e-30
flna	3.43324917496325e-34	0.514247026887238	0.377	0.083	4.98851105122161e-30
pdgfba	3.55500596415429e-34	0.487194595937221	0.258	0.041	5.16542366591619e-30
pmp22a	4.00694462318144e-34	0.844288999400178	0.987	0.63	5.82209053748263e-30
rps8a	6.08217378535333e-34	0.46716095074794	1	0.998	8.83739851011839e-30
rpl24	7.20783234231782e-34	0.467742130970181	1	0.999	1.04729803933878e-29
twist1b	8.85473964427576e-34	0.890867377974587	0.73	0.266	1.28659367031327e-29
rpl28	9.26908970856931e-34	0.477538941454165	1	0.998	1.34679873465512e-29
nasp	2.32564306608766e-33	0.812691382227511	0.692	0.246	3.37915937502538e-29
rpl10	2.98404248369884e-33	0.404171774133689	1	0.999	4.33581372881442e-29
rpa2	3.03102943485651e-33	0.785282463989809	0.704	0.257	4.40408576884651e-29
rps25	3.0663709416747e-33	0.484033904921077	1	0.996	4.45543697825333e-29
hsp90ab1	3.85807395747698e-33	0.50217790663978	1	0.998	5.60578146021405e-29
rpl23a	4.34186848201541e-33	0.537223279559264	1	0.994	6.30873490436839e-29
rpl26	4.72515091869206e-33	0.671031992706098	0.623	0.209	6.86564428485956e-29
rpl15	4.78187733553793e-33	0.429265737303822	1	0.999	6.94806776853661e-29
amotl2a	8.79634656501005e-33	0.548370341686546	0.415	0.104	1.27810915589596e-28
snrpb	9.99769956890396e-33	0.833670615353408	0.969	0.729	1.45266574736175e-28
pim1	1.2290281348532e-32	0.851636464997007	0.899	0.489	1.78577787994171e-28
s1pr1	2.00904217102736e-32	0.590351798346381	0.478	0.124	2.91913827450275e-28
rack1	3.68455315612254e-32	0.411499248198068	1	0.999	5.35365573584605e-28
serpine1	5.04457954788694e-32	0.767550829229846	0.799	0.351	7.32977408307972e-28
si:ch211-286o17.1	5.52378979645632e-32	0.917882088026798	0.811	0.353	8.02606657425103e-28
rpa1	1.14605141199478e-31	0.769028736921967	0.667	0.246	1.66521270162841e-27
si:ch73-281n10.2	1.17588880622152e-31	0.854178633611876	1	0.847	1.70856643543987e-27
crabp2a	1.2434213695433e-31	0.59025625086761	0.34	0.073	1.80669124994641e-27
ahcy	1.38805323952151e-31	0.860620110993646	0.937	0.588	2.01684135702476e-27
junbb	3.79325848520256e-31	0.852966388872502	0.843	0.358	5.51160457899931e-27
meis1a	6.86574343300301e-31	0.661785693316717	0.597	0.195	9.97592520815337e-27
mcm4	8.69696399369806e-31	0.759342109417979	0.66	0.24	1.26366886828433e-26
rps10	1.01963117487932e-30	0.453775700891745	1	0.996	1.48152409709965e-26
cirbpa	1.05813609031441e-30	0.78256110911117	1	0.939	1.53747173922683e-26
rps24	1.133778844213e-30	0.451605665678033	1	0.998	1.6473806606415e-26
ms4a17a.4	1.59074930239227e-30	0.330644088823682	0.233	0.037	2.31135873637597e-26
rpl5a	4.0626187890899e-30	0.552648768542045	1	0.963	5.90298510054762e-26
rps6	1.2638000567379e-29	0.375685568005158	1	0.999	1.83630148244017e-25
rfc4	1.33844752528466e-29	0.629984485825925	0.61	0.212	1.94476425423861e-25
hmgn2	2.70487077590435e-29	0.877477027522262	1	0.958	3.93017723738902e-25
klf6a	3.0042791115907e-29	0.785990135531728	0.994	0.683	4.36521754914129e-25
rps23	4.45603115832882e-29	0.475191395249933	1	0.996	6.47461327305177e-25
ccnd1	6.09867962914924e-29	0.728839125005614	0.818	0.349	8.86138150115385e-25
rbp5	7.95005881256898e-29	0.727135685160607	0.717	0.27	1.15514354546627e-24
lima1a	8.13717668129625e-29	0.728845333775209	0.484	0.148	1.18233177179235e-24
pfkfb4b	1.07278975221017e-28	0.723043054656866	0.541	0.178	1.55876350996137e-24
six4a	1.16000455880114e-28	0.390656100621182	0.396	0.099	1.68548662393806e-24
rpl5b	1.31450367371449e-28	0.553740944927626	1	0.972	1.90997383790716e-24
zfp36l1b	1.37036675579477e-28	0.690938110483154	0.836	0.426	1.9911428961698e-24
hnrnpa0l	3.67836506195246e-28	0.664383439377334	1	0.935	5.34466443501693e-24
rpl7a	3.71045368657346e-28	0.373506542549601	1	1	5.39128920659124e-24
rpl8	1.22168523050841e-27	0.357105181097383	1	1	1.77510863992872e-23
rpl27	1.22216336860645e-27	0.397488738849242	0.994	0.998	1.77580337458518e-23
rpl14	1.48764982525242e-27	0.560795387785583	1	0.965	2.16155519609177e-23
rpl6	2.06136649987797e-27	0.419499579992102	1	0.999	2.99516552432269e-23
si:dkey-23i12.7	2.11500122921e-27	0.905311377701588	0.597	0.233	3.07309678604214e-23
rpa3	2.75265490863963e-27	0.716982443529358	0.711	0.294	3.99960758225338e-23
eif5a2	3.1963406639117e-27	0.69929114177814	0.994	0.838	4.64428298466369e-23
rps18	3.24943948829389e-27	0.370985909601436	1	0.997	4.72143557649102e-23
cyyr1	4.47291563692024e-27	0.573844676238587	0.604	0.215	6.49914642044511e-23
sumo3b	7.81779594500375e-27	0.783734214505794	0.906	0.518	1.13592575080905e-22
rps5	1.55756710738006e-26	0.365975918317336	1	0.998	2.26314500702322e-22
rnaseh2a	1.82754572465303e-26	0.610202340219375	0.522	0.177	2.65542393792086e-22
rps15	4.33566959519107e-26	0.358104064457871	0.994	0.998	6.29972792181262e-22
uba52	5.26242769471698e-26	0.488396620761611	1	0.982	7.64630744042377e-22
ms4a17a.1	5.4377106630012e-26	0.271890489555042	0.17	0.024	7.90099359334075e-22
eef1b2	5.99421710991697e-26	0.440894943487393	1	0.995	8.70959746070936e-22
glipr2l	6.26348891989221e-26	0.743213279081271	0.377	0.105	9.10084940060338e-22
ssrp1a	8.39282552957645e-26	0.647816661362092	0.648	0.254	1.21947754944746e-21
orc6	1.44230891260654e-25	0.477089469529946	0.371	0.099	2.0956748500173e-21
eef1g	1.50570309734566e-25	0.442877349090026	1	0.991	2.18778660044324e-21
snrpd1	1.58377926819431e-25	0.749444472329808	0.918	0.57	2.30123127668634e-21
sfrp2	1.61385112074384e-25	0.307107682799134	0.509	0.166	2.3449256784408e-21
uhrf1	2.8208237467928e-25	0.503449848344656	0.453	0.139	4.09865690408994e-21
rps7	3.50346820349869e-25	0.37160748900747	1	0.998	5.09053929968359e-21
rps12	5.72079024975969e-25	0.369455342146694	1	0.999	8.31230823290083e-21
rpl18	6.62334266152621e-25	0.330958621253536	1	0.999	9.62371688719759e-21
prrx1b	9.09009181975451e-25	0.60440785828438	0.585	0.208	1.32079034141033e-20
serbp1a	9.99380693241737e-25	0.575005455176548	1	0.922	1.45210014728024e-20
rpl31	1.16680643703619e-24	0.49446054107228	1	0.993	1.69536975301358e-20
rpl11	1.83468018496484e-24	0.359519065023925	1	0.999	2.66579030875392e-20
spry4	2.18360473159208e-24	0.494091819891717	0.679	0.261	3.1727776750033e-20
hnrnpa1b	2.52021658511993e-24	0.783684496864099	0.937	0.617	3.66187469817926e-20
phlda3	4.654066397235e-24	0.731406564676447	0.566	0.218	6.76235847518246e-20
ms4a17a.5	6.14423583445786e-24	0.29363456879351	0.189	0.031	8.92757466746727e-20
eef2b	9.73065541528343e-24	0.459680767634446	1	0.985	1.41386423184068e-19
gadd45bb	1.15138440327553e-23	0.657710369851576	0.868	0.423	1.67296153795934e-19
rplp1	1.33993055173449e-23	0.33412049055032	1	0.999	1.94691909167022e-19
taf15	1.85488909085324e-23	0.745577817617689	0.874	0.534	2.69515384900976e-19
sall4	1.90236297151558e-23	0.509230450366506	0.377	0.107	2.76413339761214e-19
mfap2	2.79185411779168e-23	0.483657188055812	0.956	0.491	4.05656403315131e-19
hmgn6	5.16698563418765e-23	0.568145703341491	0.994	0.855	7.50763012647466e-19
TXN	6.12876256864932e-23	0.566423037559466	0.987	0.916	8.90509201224747e-19
csf1a	7.38571190878257e-23	0.336899954907842	0.151	0.022	1.07314394034611e-18
nucks1a	1.00873619614512e-22	0.686987032007071	0.981	0.716	1.46569369299887e-18
fen1	1.02621540357885e-22	0.579575524812183	0.579	0.22	1.49109098140006e-18
faua	1.28486028554924e-22	0.336063723811916	1	0.997	1.86690199490305e-18
notch3	1.28496369331422e-22	0.420938187322206	0.409	0.126	1.86705224638555e-18
f3b	1.3994352931468e-22	0.360296612300364	0.742	0.319	2.03337948094229e-18
ybx1	2.33458896541986e-22	0.407385447140681	1	0.998	3.39215776675506e-18
rasl11a	3.38209677207458e-22	0.389539499507454	0.283	0.07	4.91418660982437e-18
rpl36a	4.06170815642729e-22	0.3460572247282	1	0.998	5.90166195128885e-18
dhfr	4.09808099323862e-22	0.49233389150163	0.472	0.163	5.95451168317571e-18
rpl7	4.45668331410688e-22	0.32257743752492	0.994	0.999	6.4755608553973e-18
tent5ba	4.83826180361112e-22	0.779204151653029	0.667	0.295	7.02999440064696e-18
rps29	5.02952098427335e-22	0.363267730808603	1	0.995	7.30789399014918e-18
rpl30	5.56762594771889e-22	0.35991762000165	1	0.996	8.08976050203555e-18
rrm1	5.88115295051078e-22	0.482253625372186	0.579	0.22	8.54531523709216e-18
trim71	7.22212674293845e-22	0.547942439675239	0.736	0.328	1.04937501574896e-17
eif3ba	7.65693161864102e-22	0.565703281386517	0.987	0.798	1.11255216418854e-17
lsp1	1.37949971198538e-21	0.670463323868729	0.453	0.162	2.00441308151475e-17
prrx1a	1.40049621164757e-21	0.497901959705566	0.642	0.262	2.03492099552391e-17
rps15a	1.41196026788249e-21	0.329219453034169	1	0.999	2.05157826923326e-17
rps19	1.42123198061178e-21	0.290542194883373	1	0.999	2.06505006782891e-17
rps16	1.50588252860827e-21	0.311861724827518	1	0.999	2.18804731406782e-17
cd248a	1.82015353409805e-21	0.395914023745474	0.371	0.108	2.64468308504447e-17
arl4cb	2.31505348841922e-21	0.535523856468844	0.516	0.193	3.36377271867312e-17
zgc:158343	2.57709646315844e-21	0.584137962621372	0.899	0.549	3.74452116096921e-17
zgc:154093	2.64769471779563e-21	0.432669764188179	0.264	0.063	3.84710042495704e-17
mcm2	2.97701286268128e-21	0.536614452445085	0.56	0.21	4.32559968947589e-17
phldb2b	3.00495824487308e-21	0.379965624030447	0.321	0.087	4.36620432980058e-17
sae1	3.99875857030376e-21	0.499723347045579	0.654	0.268	5.81019620265136e-17
ms4a17a.9	4.37038774827769e-21	0.468313286508922	0.585	0.23	6.35017339824748e-17
SBNO2	4.7910309728336e-21	0.372576123018528	0.428	0.137	6.96136800352722e-17
rpl22l1	2.07638791770714e-20	0.487386624431472	0.987	0.952	3.01699164442847e-16
rps13	2.81365074984664e-20	0.332090861171915	1	0.999	4.08823453952717e-16
xirp2a	4.16580643048992e-20	0.504313966467439	0.296	0.08	6.05291674350185e-16
rps26l	4.40774202240577e-20	0.360785701249459	1	0.995	6.40444915855559e-16
sdc4	4.42272848694841e-20	0.574152380841728	1	0.848	6.42622449153604e-16
rpl18a	6.1535942302272e-20	0.28212212353797	1	1	8.94117241652012e-16
angptl4	8.00863341057739e-20	0.40317134504516	0.981	0.644	1.16365443455689e-15
eed	1.13968056800466e-19	0.445201657221616	0.434	0.153	1.65595586531078e-15
six1a	1.15239173097539e-19	0.44849814061555	0.484	0.176	1.67442518510724e-15
snu13b	1.18291992131717e-19	0.676063630542259	0.799	0.45	1.71878264567385e-15
snrpf	2.56077406466679e-19	0.627594429392499	0.925	0.603	3.72080471596084e-15
cebpd	2.81315471454724e-19	0.295994531987069	0.962	0.578	4.08751380023714e-15
RPS17	3.5473899240761e-19	0.345363558241071	1	0.996	5.15435755968257e-15
rfc3	3.80460946507789e-19	0.434797933206234	0.459	0.165	5.52809755275818e-15
asap3	4.35277943255175e-19	0.382506886079505	0.459	0.161	6.3245885154977e-15
ets2	5.10700195671947e-19	0.396888445876655	0.78	0.355	7.42047384311339e-15
mcm3	7.74601919174477e-19	0.471109377720776	0.421	0.147	1.12549658856052e-14
si:dkey-16p21.8	8.66449578773677e-19	0.458437240079146	0.654	0.291	1.25895123795815e-14
fosl2	9.61309102296303e-19	0.494574358250101	0.541	0.214	1.39678212563653e-14
sinhcaf	1.02923354482509e-18	0.371785068503527	0.503	0.184	1.49547634063086e-14
hmgb2a	1.12802017896647e-18	0.42951712815609	0.987	0.902	1.63901332003828e-14
tgif1	1.18576112472525e-18	0.404294599933483	0.824	0.405	1.72291091422578e-14
emx3	1.50197818068108e-18	0.291025388763375	0.138	0.022	2.1823742965296e-14
rbbp4	1.6539700905166e-18	0.553890714764755	0.792	0.403	2.40321854152061e-14
cxcl12b	1.98699542451095e-18	0.666587885670455	0.233	0.057	2.8871043518144e-14
ccl25b	2.30419538975416e-18	0.716440573335889	0.201	0.045	3.3479959013128e-14
amotl2b	3.206787928141e-18	0.257828407600302	0.34	0.103	4.65946285958888e-14
prim2	3.64976190443728e-18	0.388148481652818	0.39	0.131	5.30310404714737e-14
phactr4a	3.8342995127473e-18	0.330197077533641	0.233	0.058	5.57123719202182e-14
hirip3	5.27589891585004e-18	0.445535567654248	0.472	0.183	7.66588112473011e-14
dusp6	7.46224559693944e-18	0.318387174661677	0.226	0.056	1.0842642852353e-13
rpl35	8.71579731301379e-18	0.288116259476708	1	0.999	1.2664053495809e-13
rpsa	1.12002543941215e-17	0.282399707628656	1	1	1.62739696346586e-13
chaf1a	1.16748001112517e-17	0.523082657862085	0.516	0.209	1.69634845616487e-13
rnd3a	1.21261682342696e-17	0.353975832713615	0.698	0.318	1.76193224443937e-13
errfi1a	1.56112869279753e-17	0.446272321403032	0.365	0.12	2.26831999063481e-13
ebf2	1.57528776834248e-17	0.317639189349977	0.195	0.043	2.28889312740162e-13
zgc:100829	1.77151128995183e-17	0.30793410681091	0.541	0.212	2.57400590430001e-13
si:zfos-128g4.1	1.83305832789073e-17	0.260376296740631	0.283	0.079	2.66343375042523e-13
rpl38	2.72142291296951e-17	0.337370269019781	1	0.988	3.9542274925447e-13
zfand5a	3.11325261140214e-17	0.564249671764695	0.748	0.377	4.52355604436731e-13
unga	3.28610617914965e-17	0.319372539578318	0.289	0.086	4.77471227830444e-13
cnn3a	3.35887155230446e-17	0.567261060151202	0.899	0.543	4.88044036549838e-13
sgk1	3.80200024611795e-17	0.448667343664041	0.44	0.164	5.52430635760938e-13
COX7A2 (1 of many)	4.08086732805191e-17	0.404039849070664	0.396	0.145	5.92950022765942e-13
cdca7b	4.42925337956601e-17	0.38404888606557	0.459	0.177	6.43570516050941e-13
naa40.1	4.4348420826247e-17	0.451952542738076	0.629	0.277	6.4438255460537e-13
cebpb	5.90639392976668e-17	0.505917861906154	0.874	0.549	8.58199037995098e-13
msh2	6.2196499190411e-17	0.354858791952338	0.308	0.095	9.03715133236671e-13
six2a	6.56891826726428e-17	0.290826052495208	0.283	0.081	9.54463824233499e-13
gar1	8.33522989432519e-17	0.522667645409297	0.572	0.255	1.21110890364545e-12
lrrc17	9.63568109842549e-17	0.281826387644234	0.516	0.205	1.40006446360122e-12
pold1	1.04556632759985e-16	0.382948765818611	0.296	0.09	1.51920787400259e-12
snrpe	1.46852381591428e-16	0.597289081032701	0.893	0.612	2.13376510452345e-12
apex1	2.47237871318277e-16	0.402293454359193	0.723	0.349	3.59236627025456e-12
FP236812.1	2.82046116450833e-16	0.74421241329602	0.579	0.258	4.0981300720306e-12
si:ch211-288g17.3	2.83252043140601e-16	0.4703316678811	0.962	0.685	4.11565218683294e-12
mdka	2.88109463628577e-16	0.750966336046016	0.925	0.569	4.18623050652322e-12
rrm2.1	2.88644183195379e-16	0.430393951576453	0.472	0.187	4.19399998182886e-12
kri1	3.36002105198742e-16	0.333145744534442	0.358	0.122	4.88211058853772e-12
admb	4.66537013737515e-16	0.394499110058103	0.151	0.03	6.77878280960609e-12
mcm6	4.83910986436465e-16	0.330183248816643	0.509	0.205	7.03122663292183e-12
dnajc9	5.07296194700574e-16	0.389032845149373	0.497	0.203	7.37101370899934e-12
elmsan1b	5.15067616770135e-16	0.325907179901587	0.421	0.155	7.48393247167007e-12
pole4	5.18486306196028e-16	0.422083966915784	0.597	0.265	7.53360602902829e-12
cdca7a	5.69216969765214e-16	0.497319712100166	0.421	0.163	8.27072257068856e-12
cishb	6.44406690985547e-16	0.327442318553558	0.182	0.042	9.36322922001999e-12
polr2h	7.56177833332602e-16	0.367095297857941	0.44	0.17	1.09872639183227e-11
ola1	1.35643939521458e-15	0.475681029173185	0.95	0.648	1.97090644124678e-11
ackr3b	1.44548085116864e-15	0.320118561457506	0.447	0.174	2.10028367674804e-11
rfc2	1.46143975883631e-15	0.301996945712374	0.371	0.131	2.12347196958915e-11
h3f3b.1	1.76310156394765e-15	0.445664131167319	0.987	0.895	2.56178657241594e-11
npm3	1.80534975090268e-15	0.455567821293219	0.616	0.296	2.6231731880616e-11
agtr2	1.8238135677444e-15	0.611680830452496	0.277	0.087	2.65000111393261e-11
anp32b	1.8393780205112e-15	0.552663696353162	0.912	0.572	2.67261626380277e-11
s1pr5a	2.39346249789529e-15	0.322820993879867	0.252	0.072	3.47770100944186e-11
rps27.1	2.39462862019069e-15	0.263970450458671	0.994	0.998	3.47939538513707e-11
ddx39ab	2.53516650879997e-15	0.552384475252607	0.893	0.605	3.68359693728635e-11
lmo4a	2.65838110780497e-15	0.382925362835098	0.56	0.247	3.86262774964062e-11
nutf2l	3.63490198842945e-15	0.456598294575967	0.698	0.364	5.28151258918799e-11
tma7	3.77729922335607e-15	0.465094046230044	0.956	0.717	5.48841577153637e-11
eif4ebp3l	3.7945497249312e-15	0.67827109028804	0.61	0.318	5.51348075032503e-11
efna1a	3.95006033894059e-15	0.275209660784173	0.233	0.065	5.73943767248068e-11
gins4	5.54067892001165e-15	0.282921434683562	0.27	0.084	8.05060647077693e-11
tspan7	5.6839869130062e-15	0.486912775967758	0.824	0.46	8.25883298459800e-11
eif3k	6.25335739990391e-15	0.488617441877593	0.887	0.556	9.08612830206037e-11
bzw1b	7.00233396308946e-15	0.509083206901799	0.836	0.477	1.0174391248369e-10
ppm1g	7.65225842697017e-15	0.46381770896962	0.616	0.3	1.11187314943877e-10
srsf1a	1.16174749941818e-14	0.507316055897916	0.723	0.399	1.68801911665461e-10
igf2bp1	1.44981947937356e-14	0.488150867817125	0.849	0.492	2.10658770352979e-10
fzd7a	1.68124263648889e-14	0.3189963149631	0.61	0.281	2.44284555081836e-10
cx43.4	1.73815441386451e-14	0.386260533320527	0.679	0.337	2.52553836334513e-10
kpnb1	2.29875192726167e-14	0.418573300974645	0.572	0.27	3.34008655031121e-10
sat1a.2	2.57488514190493e-14	0.399569298388473	0.887	0.565	3.74130811118787e-10
zbtb16a	2.83077467717674e-14	0.256383953093187	0.371	0.134	4.11311560593781e-10
cct8	2.88471635600918e-14	0.424304671179666	0.95	0.708	4.19149286528133e-10
zgc:113983	3.64030040362658e-14	0.267162002575385	0.201	0.054	5.28935648646942e-10
sub1a	3.87420065062586e-14	0.485932047322845	0.937	0.695	5.62921354535937e-10
bysl	3.91984693073348e-14	0.356476723199662	0.528	0.234	5.69553759035574e-10
ilf2	4.0049884115263e-14	0.442682809789916	0.969	0.702	5.81924816194771e-10
adma	4.32857288397933e-14	0.541541822701002	0.113	0.02	6.28941640042197e-10
rpl32	4.55276288541985e-14	0.25513582167632	1	0.999	6.61516447251504e-10
snrpa1	5.13932863873708e-14	0.46887923022481	0.66	0.344	7.46744451208497e-10
lpl	6.39213639793763e-14	0.446935092526082	0.346	0.128	9.28777418620338e-10
eif1axa	6.7333308485425e-14	0.364233389068394	0.604	0.288	9.78352972293225e-10
zfp36l2	9.5063644933326e-14	0.361610133292323	0.447	0.187	1.38127476088123e-09
gins1	9.64435842182504e-14	0.266635102976375	0.233	0.069	1.40132527869118e-09
f3a	1.00428361834447e-13	0.295562292040674	0.189	0.05	1.45922409745451e-09
si:dkey-79d12.5	1.01812532130349e-13	0.311249589201468	0.277	0.09	1.47933609185397e-09
pak1ip1	1.31382859060471e-13	0.272317518861427	0.352	0.131	1.90899294214865e-09
dusp1	1.52280274784625e-13	0.399712809422964	0.535	0.253	2.2126323926206e-09
tmem176	1.53554508900624e-13	0.298843107105675	0.686	0.348	2.23114701432607e-09
snrpd3l	1.63708962612554e-13	0.462053749522973	0.792	0.472	2.37869122676041e-09
ppiaa	1.82209118672587e-13	0.262095739245605	1	0.997	2.64749849431268e-09
rbm4.3	2.09861013452447e-13	0.486856260107614	0.969	0.746	3.04928052546405e-09
sarnp	2.41893052748632e-13	0.381313762213311	0.799	0.441	3.51470605643763e-09
irf2bp2b	3.2231626285587e-13	0.254046684384039	0.912	0.528	4.68325529929579e-09
fli1a	3.50111053735619e-13	0.270204150246447	0.434	0.177	5.08711361077854e-09
inip	4.28994189901694e-13	0.322645363922069	0.547	0.251	6.23328557927162e-09
apln	5.10345939226607e-13	0.358669867603852	0.321	0.121	7.4153264969626e-09
clns1a	5.34183369204839e-13	0.322786741020556	0.591	0.28	7.76168435454632e-09
idh2	6.03344039721487e-13	0.423648496907126	0.969	0.781	8.7665888971532e-09
magoh	6.83878074336638e-13	0.412913093715404	0.774	0.434	9.93674842011135e-09
si:ch211-15b10.6	8.80798134712541e-13	0.345120635409517	0.742	0.399	1.27979968973732e-08
lsm4	8.9192929242963e-13	0.409554936053026	0.874	0.549	1.29597326190025e-08
odc1	9.0747561603988e-13	0.58797960684546	0.692	0.38	1.31856207010595e-08
il15l	9.7448252506583e-13	0.345292469523641	0.119	0.024	1.41592310892065e-08
eif3s6ip	1.06101662300651e-12	0.438730709932359	0.931	0.669	1.54165715322846e-08
ptges3b	1.61840265595798e-12	0.493990436359375	0.805	0.516	2.35153905910694e-08
rbm28	2.12981772548846e-12	0.365134130874127	0.528	0.255	3.09462515513473e-08
pa2g4a	2.37572172396087e-12	0.51876134362279	0.642	0.362	3.45192366491514e-08
ruvbl2	2.42093760303165e-12	0.362442676397706	0.403	0.171	3.51762233720498e-08
nap1l1	2.47870587441239e-12	0.33565962705529	0.61	0.288	3.60155963552121e-08
traf7	2.49170307469998e-12	0.293239665791144	0.296	0.105	3.62044456753907e-08
sema3fa	2.96739094454943e-12	0.26943196060462	0.195	0.056	4.31161904243032e-08
cct3	3.28937605214968e-12	0.440380707080038	0.925	0.718	4.77946340377349e-08
dvl2	3.98734940281415e-12	0.333375910110168	0.478	0.215	5.79361868228896e-08
tcp1	4.92468650252354e-12	0.445362503211763	0.937	0.781	7.15556948816671e-08
rpl22	5.29041738342809e-12	0.253410116208699	1	0.994	7.68697645812102e-08
snrpc	5.30506159044597e-12	0.40215595247464	0.78	0.464	7.70825449091799e-08
zgc:113314	6.02761033084855e-12	0.291549244456368	0.233	0.076	8.75811781072294e-08
rnaseh2c	6.20823427744512e-12	0.25522192676951	0.371	0.152	9.02056440512776e-08
si:ch211-131k2.3	6.36222609027884e-12	0.683325582639234	0.308	0.121	9.24431450917515e-08
snrpa	6.69791337770325e-12	0.407609783061132	0.698	0.405	9.73206813780282e-08
rps17	7.36587066812101e-12	0.285512525068769	1	0.989	1.07026100807798e-07
vmp1	8.70817455280428e-12	0.657151792045164	0.302	0.118	1.26529776252246e-07
thoc5	9.13559047261251e-12	0.266326339510783	0.384	0.157	1.3274012956706e-07
esm1	1.42271628698812e-11	0.292855398006584	0.145	0.036	2.06720676499374e-07
dkc1	1.63546123708723e-11	0.380648779490231	0.585	0.288	2.37632517748775e-07
nr2f1b	2.17797108636763e-11	0.303000665296621	0.22	0.071	3.16459198849216e-07
mych	5.31946718946967e-11	0.333881742345523	0.484	0.232	7.72918582629943e-07
rab5if	6.05727316412902e-11	0.414020833085068	0.792	0.494	8.80121790747946e-07
klf7b	6.18506915801879e-11	0.339144027948465	0.509	0.245	8.98690548660131e-07
LO018188.1	6.422227344305e-11	0.252482045814724	0.314	0.125	9.33149633127516e-07
ewsr1b	7.20700515264613e-11	0.378796536062707	0.912	0.611	1.04717784867948e-06
tsr2	7.56067864011031e-11	0.302670308712667	0.384	0.169	1.09856660640803e-06
elavl1a	7.67083824098517e-11	0.387791635672934	0.786	0.448	1.11457279641514e-06
abcf1	8.82951009004312e-11	0.356546273140244	0.692	0.381	1.28292781608327e-06
mycn	8.87629207880008e-11	0.283767978525425	0.516	0.261	1.28972523904965e-06
sf3b5	8.98616391515093e-11	0.360281042138691	0.774	0.44	1.30568961687143e-06
dlx3b	9.69625613305220e-11	0.33623453490198	0.264	0.099	1.40886601613249e-06
si:dkey-102m7.3	1.07470352092525e-10	0.4341481708137	0.447	0.222	1.56154421590439e-06
nop56	1.19183585334227e-10	0.405611827700494	0.742	0.451	1.73173749490632e-06
rfc5	1.24165003048377e-10	0.341909129104099	0.434	0.206	1.80411749429291e-06
sinhcafl.1	1.2761521400496e-10	0.440649155588657	0.673	0.361	1.85424905949206e-06
emg1	1.35006603286915e-10	0.254829747065278	0.321	0.13	1.96164594575888e-06
setb	1.43213559127448e-10	0.437714826074349	0.943	0.767	2.08089301412182e-06
ier5l	1.77502918848753e-10	0.369603316738594	0.792	0.454	2.57911741087238e-06
banf1	2.010805656496e-10	0.376953429357521	0.742	0.449	2.92170061888869e-06
psma8	2.21511029604083e-10	0.381888337285314	0.918	0.639	3.21855526014733e-06
si:dkey-239h2.3	2.86124107566927e-10	0.267285102850001	0.484	0.233	4.15738328294744e-06
fscn1a	3.41119643115885e-10	0.318886889497594	0.654	0.377	4.9564684144738e-06
dlx2a	3.51054954631514e-10	0.267074332990859	0.321	0.133	5.1008284907959e-06
polr2f	3.61916427692291e-10	0.351690075406269	0.673	0.378	5.25864569436899e-06
nme3	3.85199956121236e-10	0.358114371905704	0.792	0.498	5.59695536244156e-06
ivns1abpb	4.24291492334436e-10	0.286642143471896	0.465	0.225	6.16495538361935e-06
nop58	4.83500239241051e-10	0.32636317082153	0.679	0.369	7.02525847617247e-06
bms1	5.11005458513303e-10	0.27338049518139	0.283	0.112	7.4249093121983e-06
cldn5a	5.6436826098238e-10	0.840881340476374	0.195	0.065	8.20027083207398e-06
ppid	6.23712755802966e-10	0.293585872331978	0.786	0.447	9.0625463418171e-06
pa2g4b	6.689389311316e-10	0.405731835993928	0.73	0.444	9.71968266934215e-06
lrrc20	6.89757637251578e-10	0.282821132746779	0.371	0.169	1.00221784692654e-05
adssl	7.12038761330713e-10	0.274863373280108	0.491	0.241	1.03459232021353e-05
sf3b4	7.33791996452326e-10	0.322997983122084	0.591	0.315	1.06619977084523e-05
endouc	7.70910636570652e-10	0.265897278553583	0.201	0.069	1.12013315493716e-05
prkab1b	7.77529263642718e-10	0.274930359700312	0.566	0.29	1.12975002007287e-05
si:ch211-51e12.7	9.16343274359696e-10	0.344161129270073	0.906	0.624	1.33144677764464e-05
nog2	1.26235971495584e-09	0.258742994669501	0.226	0.082	1.83420866583084e-05
ube2ib	1.27641851962383e-09	0.36248522904908	0.843	0.56	1.85463610901342e-05
cbx1a	1.29384170126344e-09	0.372922271503979	0.66	0.371	1.87995199193578e-05
slc16a9b	1.32332489963796e-09	0.372204252705181	0.453	0.221	1.92279107917395e-05
gas1a	1.39602461473663e-09	0.286739635685542	0.365	0.164	2.02842376521232e-05
p4ha1b	1.46472880120364e-09	0.29603965298004	0.34	0.148	2.1282509481489e-05
snrpd2	1.57333779092483e-09	0.33095878060531	0.906	0.65	2.28605981021377e-05
phb	1.72019641461502e-09	0.348256148261379	0.679	0.392	2.49944539043563e-05
histh1l	1.77076905244059e-09	0.459267675981898	0.994	0.936	2.57292743319618e-05
ccnd2a	2.12324816986453e-09	0.37143384510827	0.497	0.263	3.08507959081316e-05
gspt1l	2.22453892193563e-09	0.277923513769659	0.503	0.26	3.23225505357247e-05
lsm7	2.32229077691803e-09	0.371638081543016	0.818	0.539	3.3742884988619e-05
rpl7l1	2.41921594004888e-09	0.268806591836471	0.579	0.31	3.51512076089102e-05
gabpa	2.58494475058279e-09	0.273966123309838	0.522	0.267	3.75592472259679e-05
srrt	2.64604286982635e-09	0.28950948161473	0.39	0.187	3.84470028985769e-05
rsl24d1	2.70359605248391e-09	0.264237171615922	0.994	0.943	3.92832506425912e-05
ddx39aa	2.78630409265167e-09	0.371862219996253	0.862	0.588	4.04849984662287e-05
eif3i	2.92469149730427e-09	0.351682207112856	0.975	0.772	4.2495767455831e-05
cstf2	3.04708380278986e-09	0.286802430136488	0.597	0.321	4.42741276545367e-05
supt16h	3.08959608221446e-09	0.256764411799733	0.44	0.213	4.48918310745761e-05
eif3ea	3.0905382938619e-09	0.319421516553161	0.981	0.877	4.49055214098134e-05
fbl	3.44363831384275e-09	0.391052386258229	0.66	0.382	5.00360647001351e-05
nfil3	3.57410516010893e-09	0.367969350336684	0.428	0.211	5.19317479763828e-05
eif3ha	3.85706098948547e-09	0.355970092214747	0.899	0.664	5.60430961772238e-05
ranbp1	4.36533131865229e-09	0.331195127801601	0.799	0.528	6.34282640600178e-05
cbx5	4.84179658935701e-09	0.398638034427534	0.843	0.606	7.03513044433573e-05
mrps6	5.1556537227168e-09	0.361460900700994	0.597	0.338	7.49116485910751e-05
mrps25	5.36621164441962e-09	0.288167837942549	0.591	0.323	7.79710551934171e-05
rtca	6.36117012285619e-09	0.276114649064099	0.547	0.291	9.24278018851004e-05
mrrf	6.79337188512346e-09	0.289634556614051	0.264	0.109	9.87076934908438e-05
rsl1d1	7.25763685149238e-09	0.333921899536367	0.478	0.26	0.000105453463452184
rbb4l	7.55251854936392e-09	0.33794582051792	0.604	0.347	0.000109738094522258
bcas2	8.9918475354592e-09	0.307515517950913	0.761	0.481	0.000130651544690222
timp2b	1.14393040903843e-08	0.456843434249733	0.34	0.159	0.000166213088433284
zgc:77086	1.14909181884516e-08	0.354173649075711	0.572	0.32	0.000166963041278202
rcc2	1.39890751472138e-08	0.283003568641614	0.698	0.388	0.000203261261889017
eny2	1.79851268331724e-08	0.280328315533624	0.679	0.389	0.000261323892885995
mydgf	1.87406300083663e-08	0.302510062540309	0.478	0.258	0.000272301354021562
eif4a3	2.04812595790868e-08	0.293312690449247	0.78	0.49	0.000297592701684131
marcksl1a	2.48480572385563e-08	0.314354412304197	0.547	0.313	0.000361042271676224
nhp2	2.64522928429163e-08	0.252086882600344	0.56	0.306	0.000384351815007574
zgc:171759	3.39430142746275e-08	0.399821668706558	0.245	0.104	0.000493191997410338
pdap1a	3.4324034900601e-08	0.382425209912217	0.755	0.497	0.000498728227105732
h2afva	3.58525325011959e-08	0.325235555107009	0.925	0.677	0.000520937297242377
atp5fa1	3.65376044749443e-08	0.329860475334161	0.962	0.807	0.00053089139302094
dll4	3.72618740083753e-08	0.288199346717557	0.201	0.076	0.000541415029341693
lsm8	3.90486735532457e-08	0.257491251018007	0.692	0.407	0.00056737722672866
khsrp	3.99865101015935e-08	0.31876607449974	0.717	0.434	0.000581003991776153
pfdn5	4.19255217911847e-08	0.267767878048433	0.698	0.424	0.000609177831625914
ruvbl1	4.59378759350783e-08	0.306798838841156	0.44	0.24	0.000667477337336688
pomp	4.85403790540208e-08	0.288013519888184	0.912	0.736	0.000705291707654922
abce1	5.58712500811355e-08	0.31181386555451	0.591	0.348	0.000811809263678898
rpe	5.90492854556746e-08	0.27139280292751	0.497	0.269	0.000857986117670952
ppih	6.04210710518243e-08	0.291278833959747	0.478	0.263	0.000877918162383007
cct4	6.72879150912606e-08	0.316337613990064	0.95	0.76	0.000977693406276016
glrx5	6.89235649780716e-08	0.32192623722884	0.572	0.324	0.00100145939913138
nr2f6b	7.56547465531098e-08	0.255371357568285	0.447	0.232	0.00109926346741669
ddx21	7.61281090092839e-08	0.257437097932361	0.566	0.321	0.00110614142390489
eif5b	8.17726421193811e-08	0.267175802936976	0.623	0.355	0.00118815648999461
nup93	1.07606997743854e-07	0.265674097039605	0.377	0.191	0.00156352967721821
psma3	1.19194178222283e-07	0.283796399344366	0.899	0.641	0.00173189140956978
acta1a	1.28212991344203e-07	0.361881821189106	0.145	0.049	0.00186293476423126
eif3c	1.51310225633502e-07	0.313370217725546	0.761	0.525	0.00219853757845479
mrpl57	1.53767836223012e-07	0.253490783375497	0.528	0.295	0.00223424666032037
eif4h	1.60975399888559e-07	0.325174207326832	0.736	0.477	0.00233897256038076
psmb1	1.69098957068087e-07	0.301150873091848	0.95	0.725	0.00245700784619931
polr2eb	1.95778380031652e-07	0.253996453139438	0.616	0.351	0.00284465986185991
psma5	2.01017904115982e-07	0.324448173817362	0.849	0.573	0.00292079014680522
rasgef1ba	2.11531900845098e-07	0.357096134716802	0.472	0.265	0.00307355851927927
chrac1	2.18243209492069e-07	0.256920688405745	0.522	0.287	0.00317107383391976
cdc26	2.21825827147645e-07	0.28769497045259	0.428	0.237	0.00322312926845528
c1qbp	2.24686270850857e-07	0.280303495483855	0.396	0.207	0.00326469151546295
npm1a	2.59762689046243e-07	0.25662917167625	0.679	0.408	0.00377435187184191
lmnb1	2.95636551436448e-07	0.303246556666601	0.604	0.352	0.0042955990923716
cct5	3.28080979441462e-07	0.316567017855031	0.956	0.836	0.00476701663128444
hnrnpabb	4.17882351471808e-07	0.268901379210163	0.943	0.793	0.00607183056688536
gtf2f2a	4.44470927580357e-07	0.266200959532117	0.566	0.33	0.00645816257774258
rbmx	4.58540643025213e-07	0.296067621086862	0.774	0.489	0.00666259554315634
tomm20a	5.16927466035056e-07	0.309974550500423	0.459	0.255	0.00751095608148937
u2af1	5.93746767767031e-07	0.320181570321959	0.786	0.516	0.00862714053565496
cct2.1	6.24997373422895e-07	0.271526235618685	0.956	0.781	0.00908121183583466
hdac1	6.36951567964922e-07	0.262649694531469	0.931	0.76	0.00925490628253032
ak2	1.37215971705471e-06	0.256854300877318	0.943	0.72	0.0199374806888049
hspd1	1.39146771747418e-06	0.253315337523256	0.692	0.428	0.0202180259348998
rad21a	1.46850293283381e-06	0.283300310627067	0.912	0.69	0.0213373476140753
h2afx	1.5130724034762e-06	0.305602398732472	0.34	0.179	0.0219849420225092
ncln	1.51713548457667e-06	0.334829531499686	0.384	0.21	0.022043978590899
lsm3	1.86676376134316e-06	0.267527718702857	0.667	0.433	0.0271240774523162
hnrnpk	2.19231430789626e-06	0.297769858883244	0.811	0.555	0.0318543268937327
psmb3	2.51556711543733e-06	0.260494724858153	0.811	0.617	0.0365511901873044
psmb2	2.68226517569053e-06	0.255862752717988	0.849	0.66	0.0389733130027834
fkbp3	2.72773950706995e-06	0.277701150506731	0.811	0.573	0.0396340550377263
st13	3.01978874128709e-06	0.305560232828643	0.717	0.472	0.0438775304109014
