gene	p_val	avg_log2FC	pct.1	pct.2	p_val_adj
nell2b	0	3.09655002301132	0.751	0.031	0
lmx1bb	0	3.25887718407572	0.891	0.031	0
pou2f2a	0	2.80047797423884	0.667	0.02	0
slc1a2b	0	2.10283915665418	0.706	0.03	0
sncb	2.67557387310355e-301	2.80799413666233	0.881	0.067	3.88760883761946e-297
uncx	1.31782010388457e-294	2.18541784179336	0.602	0.021	1.91479261094428e-290
tfap2b	3.73648162378312e-275	2.83705583509922	0.552	0.019	5.42910779935687e-271
fez1	5.6203480244266e-269	2.16630565564054	0.886	0.08	8.16636567949185e-265
adcyap1b	5.32432476868223e-261	2.29905356178798	0.816	0.064	7.73624388889529e-257
tmsb	5.33019595179451e-258	3.27879244922248	0.995	0.13	7.74477471795743e-254
ppp1r14ab	9.62027634108515e-250	2.19885734940605	0.672	0.043	1.39782615235967e-245
gng3	1.89340441505883e-249	2.5984174749872	0.97	0.109	2.75111661508049e-245
mcama	2.31957699490955e-248	2.30998951455007	0.667	0.044	3.37034537360358e-244
onecut1	6.7879613600943e-247	2.4015272156163	0.647	0.038	9.86290785621702e-243
zgc:101840	9.66217114798648e-233	2.03636082780976	0.801	0.076	1.40391346780244e-228
pou2f2a.1	1.68939546171777e-219	2.54690711259032	0.716	0.064	2.45469160587591e-215
cadm4	2.36977110619357e-218	1.79071976121004	0.687	0.053	3.44327741729925e-214
stmn1b	7.28161349179085e-212	3.04985932849356	1	0.174	1.05801844035721e-207
elmo1	2.62956995235087e-208	2.1494148804257	0.781	0.089	3.82076514076581e-204
stmn2b	8.08426566890448e-204	2.09744058106888	0.831	0.093	1.17464380169182e-199
elavl3	8.33634333218256e-204	2.55235909044278	0.99	0.154	1.21127068616613e-199
tuba2	5.58060760212563e-198	1.97064696475442	0.741	0.075	8.10862284588854e-194
uncx4.1	6.11707834091023e-196	1.5798068769385	0.463	0.021	8.88811482934256e-192
mllt11	6.48245601130246e-196	2.18252012895786	0.816	0.095	9.41900858442248e-192
stx1b	7.83459546205723e-194	1.95025497303872	0.711	0.07	1.13836672063692e-189
stmn2a	2.67446192671556e-191	2.1787802972587	0.781	0.086	3.88599317951771e-187
nrn1a	2.09713745435129e-190	1.74709356483413	0.517	0.031	3.04714072117242e-186
nova2	6.89558769149583e-187	2.94112250253653	0.995	0.221	1.00192889157434e-182
celf3a	9.40524120546569e-186	1.79705560047469	0.726	0.079	1.36658154715416e-181
nsg2	2.31453238612045e-183	2.12709524157201	0.9	0.143	3.36301555703301e-179
r3hdm1	1.19892422252165e-181	1.94289505496774	0.627	0.061	1.74203689532395e-177
golga7ba	1.78128560732729e-175	1.7256042727812	0.637	0.061	2.58820798744656e-171
gap43	5.52403140394638e-172	2.4449882644346	0.91	0.157	8.0264176299341e-168
zfhx3	6.26041242375338e-171	2.88132456304683	0.826	0.141	9.09637925171366e-167
scrt2	1.84249667487215e-170	1.47921765647871	0.512	0.035	2.67714766858924e-166
tfap2a	1.14996968286098e-169	2.96946883041	0.871	0.166	1.67090594919701e-165
si:ch73-386h18.1	1.3836035318566e-168	1.73962696333588	0.637	0.067	2.01037593178763e-164
nrxn1a	1.57036901922767e-167	1.35215417787021	0.512	0.037	2.2817461849378e-163
serp2	7.25596626284697e-167	1.15344745938644	0.383	0.017	1.05429189799167e-162
zgc:65894	1.84699439742353e-165	1.73187656624854	0.761	0.095	2.68368285945639e-161
tmem59l	4.92608902508987e-165	1.85362487997761	0.811	0.126	7.15760735345559e-161
gng2	8.43978999051252e-165	2.24248603134777	0.96	0.206	1.22630148562147e-160
tmsb2	1.26446092475131e-164	2.13670316934421	0.632	0.064	1.83726172366365e-160
csdc2a	4.4787905647022e-163	1.71092942813599	0.682	0.082	6.50768269051229e-159
stap2a	3.12634688647411e-162	1.4060554775588	0.493	0.035	4.54258202604688e-158
atcaya	1.58879275682697e-161	1.61105469410742	0.657	0.073	2.30851587566959e-157
si:dkey-56f14.7	1.34442110920753e-160	1.20538942760922	0.453	0.029	1.95344387167854e-156
tlx2	3.64514707617381e-160	2.34353259325178	0.781	0.117	5.29639870168054e-156
si:dkeyp-75h12.5	3.19673599666226e-159	2.27003761168203	0.945	0.219	4.64485740315026e-155
rtn1a	1.18611605500053e-158	2.70569436931231	1	0.284	1.72342662791576e-154
zgc:153426	1.20541199242957e-157	2.00861950256521	0.731	0.094	1.75146362500016e-153
basp1	6.1634122290762e-155	1.70738898572049	0.652	0.075	8.95543796884771e-151
epb41a	9.18771841805259e-150	1.81101442588136	0.771	0.128	1.33497548614304e-145
robo2.1	1.91027263548574e-148	1.40257497238141	0.493	0.041	2.77562613936078e-144
phox2bb	4.84653966358584e-148	3.75894080087049	0.851	0.194	7.04202213119023e-144
tuba1c	7.36423445589737e-148	3.24354652199665	1	0.333	1.07002326644189e-143
meis2a.1	1.48639551011865e-147	2.44135961864563	0.905	0.2	2.15973267620239e-143
tuba1a	1.30563515498606e-146	3.03033852994374	1	0.331	1.89708788019474e-142
shox	1.96698395126224e-146	0.937504832507621	0.299	0.01	2.85802768118404e-142
gpm6ab	3.95399566602282e-146	2.29956322760563	0.975	0.261	5.74515570273115e-142
si:dkey-12h9.6	1.2542637291088e-144	1.08759521210677	0.348	0.016	1.82244519839509e-140
map7d2a	1.32202709516364e-144	1.01675983744859	0.333	0.015	1.92090536927278e-140
raraa	2.41020994208589e-143	2.43871683165034	0.821	0.173	3.5020350458508e-139
gpm6aa	2.10384471207415e-141	1.62643185836797	0.657	0.085	3.05688636664374e-137
snap25a	2.63137249661728e-141	1.5638361254682	0.577	0.061	3.8233842375849e-137
diras1a	8.12789447168854e-141	1.01450820431	0.363	0.019	1.18098306673635e-136
sox11b	3.9982566427586e-136	3.07767303720068	0.915	0.266	5.80946690192824e-132
nmnat2	5.1063442753471e-135	1.2304478202337	0.438	0.034	7.41951823207934e-131
elavl4	6.87353656653215e-135	2.2200139766085	0.781	0.131	9.98724863117121e-131
atat1	3.70233878810595e-134	1.07850832192819	0.413	0.03	5.37949825911795e-130
zc4h2	6.95074211012588e-134	2.82459959339192	0.995	0.451	1.00994282860129e-129
tmeff1b	8.82976873535211e-134	2.56242430572024	1	0.435	1.28296539724666e-129
tubb5	2.53281879342002e-133	2.73179635419594	0.975	0.318	3.68018570683929e-129
vamp2	1.39654679069172e-132	1.51508005788633	0.642	0.085	2.02918248687507e-128
si:dkey-276j7.1	7.36833962000468e-130	2.51498779997147	0.99	0.416	1.07061974678668e-125
mab21l2	8.78357587567156e-129	2.84024462348646	0.871	0.226	1.27625357473508e-124
myt1b	6.57763277646032e-128	1.51441415144863	0.652	0.091	9.55730042419685e-124
zfhx4	2.28708778561855e-127	2.90288517041763	0.766	0.168	3.32313855250376e-123
dpysl5a	5.54877450361093e-127	1.30587136414328	0.522	0.057	8.06236935374669e-123
kctd15a	4.51703401535955e-125	1.4557309235871	0.463	0.044	6.56325042431742e-121
syt11a	1.15204752428081e-122	1.47985217427965	0.582	0.075	1.67392505278001e-118
sept3	7.5109807379301e-122	1.1484965108725	0.517	0.058	1.09134550122124e-117
rtn1b	1.25173435805422e-120	1.94272468856129	0.92	0.215	1.81877002225279e-116
ywhah	1.2900996650602e-120	2.0721849665274	0.99	0.395	1.87451481333247e-116
hmga1b	7.39480504172349e-120	0.897916422749002	0.308	0.016	1.07446517256242e-115
cd99l2	8.41651276824382e-119	2.02797452213465	0.861	0.255	1.22291930522583e-114
si:ch211-10a23.2	9.11234808251843e-119	0.939875419233653	0.308	0.017	1.32402417638993e-114
rundc3ab	1.41561534428824e-118	1.19577197451623	0.473	0.049	2.05688909525081e-114
carmil2	2.42869973906909e-118	1.12573479086915	0.388	0.031	3.52890072086738e-114
ppp2r2ca.1	6.03474963068781e-118	0.870400401801252	0.269	0.011	8.76849121338939e-114
gpr85	5.0632467514708e-117	1.09496306063349	0.423	0.038	7.35689752988707e-113
ppp1r14ba	1.05162211530708e-116	1.03679817687593	0.338	0.022	1.52800693354119e-112
cnrip1a	1.93091130612431e-116	1.468256810037	0.597	0.086	2.80561412779862e-112
si:dkey-178k16.1	2.98756261697437e-115	0.783047698298909	0.254	0.01	4.34092848246376e-111
ctnna2	1.76400080898013e-112	1.23579871730178	0.488	0.056	2.56309317544813e-108
myt1a	5.27800740875801e-111	1.12417388208967	0.388	0.034	7.66894476492539e-107
aig1	4.42221851272294e-108	0.828236755212081	0.294	0.017	6.42548349898643e-104
stmn4l	1.36033212716745e-107	1.31384922546969	0.547	0.073	1.9765625807743e-103
stxbp1a	2.04580122989132e-107	1.2683876523991	0.552	0.077	2.97254918703209e-103
h3f3d	9.03187054589155e-106	1.26043249512967	1	0.997	1.31233079031804e-101
sall3a	1.28177086715112e-105	1.03797843642949	0.219	0.008	1.86241306997058e-101
phox2a	5.31223276398993e-104	1.26248596932061	0.677	0.113	7.71867420607737e-100
nat8l	4.16131939539441e-103	2.14887914706135	0.711	0.171	6.04639708150808e-99
FO704786.1	4.18014643766017e-103	0.850144303215836	0.299	0.019	6.07375277392023e-99
gabrb4	1.07139342995967e-102	0.482472809876472	0.169	0.003	1.5567346537314e-98
kif3cb	1.93396673498815e-101	0.897826794221913	0.313	0.023	2.81005366593778e-97
cplx2l	4.69325126569359e-101	0.81646772349511	0.388	0.036	6.81929408905279e-97
appa	2.74241962783442e-99	2.05452654071217	0.9	0.369	3.98473571924341e-95
hnrnpaba	5.04033289848785e-99	1.59978891340306	1	0.921	7.32360370150285e-95
pik3r3b	1.12711705382642e-97	1.71816732257324	0.602	0.11	1.63770107920978e-93
ank2b	3.45161020780553e-97	1.23380519379902	0.463	0.061	5.01518963194143e-93
olfm1b	5.21912442417191e-97	1.28199516922609	0.488	0.065	7.58338778832179e-93
slc17a6a	8.47800029091592e-97	0.533261895920802	0.139	0.001	1.23185344227008e-92
pkib	8.55807599847325e-97	0.898179952802614	0.284	0.019	1.24348844257816e-92
cnp	1.71082093870353e-95	1.97935323787041	0.786	0.254	2.48582282393624e-91
cd9a	2.23966147910824e-95	0.936545667555066	0.378	0.038	3.25422812914428e-91
hmgb3a	2.08910658724125e-94	1.86788371276601	0.995	0.696	3.03547187126154e-90
cadm3	2.6048297923249e-94	1.10722996998425	0.408	0.046	3.78481768824808e-90
phactr3a	4.68370640504394e-94	0.693154936557016	0.234	0.012	6.80542540652885e-90
adam22	2.70210947498424e-93	0.839555410403698	0.279	0.019	3.9261650671521e-89
aplp1	6.07635340661192e-93	1.10374081681049	0.418	0.049	8.82894149980712e-89
draxin	6.99286363336906e-92	0.713139308624423	0.229	0.011	1.01606308592852e-87
si:dkey-35i13.1	8.7650169532603e-92	0.88544672819045	0.259	0.016	1.27355696330872e-87
celf2	1.8395871460506e-91	1.57789400650481	0.572	0.11	2.67292012321152e-87
marcksb	3.21898693175458e-90	1.76833041313092	0.96	0.495	4.67718801183941e-86
dpysl3	8.72292480530956e-90	1.29993740814468	0.567	0.102	1.26744097421148e-85
snap25b	1.23634052469131e-89	1.89610493504808	0.318	0.028	1.79640278237648e-85
sall1a	2.25933174839781e-89	1.13706128656557	0.323	0.03	3.28280903042202e-85
mpnd	4.06240663125524e-89	1.03677947106829	0.388	0.046	5.90267683521386e-85
si:dkey-56m19.5	6.77811518263005e-89	1.70012510375547	0.836	0.278	9.84860136036147e-85
ptmaa	3.1739126127008e-88	1.54070623968869	1	0.898	4.61169502625426e-84
map1aa	6.36498413286269e-86	1.15278153201503	0.473	0.068	9.24832194504949e-82
pcsk1nl	1.01339636585952e-85	1.17564569439976	0.443	0.059	1.47246491959388e-81
atp1a3a	1.81692510669306e-84	0.946684008909459	0.348	0.036	2.63999218002502e-80
mtus2a	2.9122968929482e-84	0.563597424646607	0.144	0.003	4.23156738545373e-80
rheb	7.4696040610112e-83	1.18671479437352	0.587	0.124	1.08533347006493e-78
ywhag2	4.84218196768944e-82	1.78773108692068	0.766	0.226	7.03569039905276e-78
kif5aa	1.54150017876186e-80	0.88061258714754	0.338	0.036	2.23979975974099e-76
anos1a	2.18233110738765e-80	0.913622361153838	0.289	0.026	3.17092709903426e-76
bcam	2.25146711448405e-80	1.25931859331283	0.463	0.072	3.27138171734533e-76
cbln2b	2.53991901103419e-80	1.05079881482643	0.139	0.003	3.69050232303268e-76
camk2d2	3.91794004135074e-80	0.860823585060517	0.294	0.026	5.69276688008263e-76
b3gat2	1.02795273276571e-79	0.968087686708918	0.244	0.017	1.49361532070857e-75
si:ch73-1a9.3	2.54325542928486e-79	1.18609292811272	1	0.96	3.69535013875091e-75
ssbp3b	2.84056866203274e-78	1.55757307711067	0.811	0.318	4.12734626593357e-74
h2afx1	4.44493854315762e-78	1.47228464252302	1	0.92	6.45849570320803e-74
si:ch211-288g17.3	6.63365877750006e-78	1.51027219631042	0.995	0.68	9.63870620370759e-74
si:dkey-280e21.3	7.00809562392982e-78	1.08955800218505	0.373	0.047	1.018276294157e-73
hp1bp3	7.15815615914139e-78	1.44224570631248	0.985	0.752	1.04008008992324e-73
rab1bb	3.69850073085892e-77	0.923971526664614	0.383	0.05	5.37392156193802e-73
mdkb	9.22938947463127e-77	1.773859272688	0.866	0.336	1.34103029066392e-72
sprn	1.5644098059953e-76	0.596851732333747	0.189	0.009	2.27308744811118e-72
dclk1b	1.89079993804998e-76	1.0363662816997	0.358	0.045	2.74733230998663e-72
nsfa	2.64480528939051e-76	0.981857346267188	0.363	0.045	3.84290208548441e-72
cspg5a	3.78228798947392e-76	1.27488464622292	0.388	0.053	5.4956644487056e-72
tnrc6c1	4.69894203201345e-76	1.65035823448251	0.866	0.408	6.82756277251554e-72
hsp90ab1	1.00874266674863e-75	0.83393933113366	1	0.998	1.46570309478576e-71
FQ311928.1	1.04672877668185e-75	0.567545158358067	0.149	0.005	1.52089691251873e-71
dync1i1	3.69679969569371e-75	0.810016021465851	0.303	0.031	5.37144995784295e-71
smarce1	4.47873896996349e-75	1.41870538319493	0.99	0.743	6.50760772335695e-71
plxna4	1.64831368821274e-74	1.04658219669754	0.393	0.056	2.39499978897311e-70
fabp3	7.54379290738102e-74	1.4421973541244	1	0.745	1.09611310944246e-69
hoxa3a	8.27496872153008e-74	1.95147502921409	0.806	0.335	1.20235295523832e-69
atp6v0cb	3.62480277409609e-73	1.51968813780682	0.726	0.217	5.26683843076162e-69
prr12b	6.72467627045203e-73	1.28852461812128	0.507	0.106	9.7709546209668e-69
atl1	6.92378852170612e-73	0.769830324858499	0.318	0.035	1.0060264722039e-68
thsd7aa	8.66366692371591e-73	0.75423662749644	0.259	0.022	1.25883080401592e-68
zswim5	4.65346857280812e-72	1.41089787503206	0.711	0.232	6.76148983629019e-68
XKR4	7.94656440755167e-72	0.823630010409659	0.318	0.037	1.15463580841726e-67
fyna	1.16061040773898e-71	0.930749150125024	0.363	0.049	1.68636692244474e-67
ebf3a	1.20651881938766e-71	2.1528841724101	0.711	0.229	1.75307184457027e-67
rnf144ab	1.60298123187606e-71	1.1682942695945	0.418	0.07	2.32913172991591e-67
hoxc1a	2.13511766899127e-71	1.28541423887687	0.507	0.102	3.10232597304431e-67
tlx3b	3.35626107643351e-71	0.813708297602135	0.199	0.012	4.87664734405788e-67
map1b	3.8309114805623e-71	1.3367191251994	0.358	0.048	5.56631438125703e-67
fam168a	1.06416565508668e-70	1.47207032107113	0.945	0.607	1.54623269684094e-66
hmgb1b	5.16839406947832e-70	1.45664777807114	0.995	0.697	7.50967658295201e-66
lmx1ba	1.0114368891208e-69	0.658906192796259	0.199	0.012	1.46961779989252e-65
mab21l1	1.22359995539746e-69	1.61634245083129	0.746	0.256	1.7778907351925e-65
mapk11	2.62211522338137e-69	0.793395713190282	0.269	0.026	3.80993341957313e-65
tox2	3.47780084245711e-69	1.17700340391917	0.517	0.11	5.05324462409018e-65
syt4	8.32840921281183e-69	0.920302698454073	0.383	0.056	1.21011785862156e-64
ppfia3	2.99635035797168e-68	0.608239027045159	0.224	0.017	4.35369707013286e-64
pak1	4.31766451476128e-67	0.973487983663606	0.398	0.065	6.27356653994814e-63
zgc:165603	7.39052011630718e-66	0.762691193810895	0.209	0.015	1.07384257289943e-61
elovl4a	3.33896303536926e-65	0.828442506249707	0.323	0.042	4.85151329039153e-61
nkain1	3.44789746319154e-64	1.39900019957085	0.741	0.288	5.00979501401731e-60
vcam1b	9.46821695397962e-64	0.504423325672906	0.169	0.009	1.37573192341324e-59
lin7b	9.70706736092124e-64	0.942660348219315	0.323	0.044	1.41043688754186e-59
cirbpb	1.28022492016181e-63	0.949700741478788	1	0.985	1.86016680899511e-59
sypb	7.15698767213281e-63	0.847040628338188	0.294	0.035	1.0399103087609e-58
apc	1.9307697006378e-62	0.928175928404503	0.363	0.059	2.80540837502673e-58
fscn1a	2.40332031605214e-62	1.42845855203974	0.811	0.365	3.49202441922375e-58
ing4	2.9665267275889e-62	1.38683530383112	0.851	0.447	4.31036333518667e-58
add2	5.5975413779083e-62	0.664398187587271	0.224	0.02	8.13322762210075e-58
irx5b	8.20837573877248e-62	0.527948000956873	0.119	0.003	1.19267699484364e-57
tubb2b	1.13808810293649e-61	1.34686995134069	1	0.698	1.65364201356672e-57
dnaja2b	1.21943942853256e-61	1.29583621490013	0.791	0.362	1.77184548965782e-57
kifap3a	1.25431145385498e-61	1.14041350162245	0.498	0.117	1.82251454245129e-57
si:ch211-150g13.3	1.72229083589904e-61	0.632811909250703	0.214	0.018	2.5024885845613e-57
pop7	1.74623741420768e-61	1.18483647230607	0.701	0.257	2.53728296284376e-57
hnrnpa0l	2.63154769976879e-61	1.01445821942332	1	0.934	3.82363880776405e-57
onecut2	2.69975127591352e-61	0.354632610167596	0.104	0.002	3.92273860390235e-57
si:dkeyp-117h8.2	1.63193481165e-60	0.779439707662133	0.318	0.043	2.37120128132746e-56
h3f3c	1.90019741466094e-60	0.880109316079487	1	0.966	2.76098684350234e-56
rnasekb	3.55566479236105e-60	1.10213177473835	0.612	0.161	5.1663809433006e-56
id4	3.56465139387215e-60	1.34672634005724	0.433	0.086	5.17943847529624e-56
meis1b	1.18370113059985e-59	1.48823437144257	0.851	0.409	1.71991774276158e-55
marcksl1b	8.56272975453115e-59	1.16659962614147	0.99	0.772	1.24416463333338e-54
AP3B2	1.76514373458416e-57	0.610630897142913	0.234	0.024	2.56475384635078e-53
map4l	1.90881217555675e-57	0.719293293329346	0.274	0.033	2.77350409108396e-53
dpf1	2.29698929052793e-57	0.741211545094462	0.249	0.028	3.33752543913709e-53
fam49al	2.81499792476652e-57	0.775204711590672	0.313	0.045	4.09019198468575e-53
zgc:100920	4.48043099984077e-57	1.19693883387371	0.532	0.138	6.51006624276865e-53
coro1b	6.2607064833362e-57	0.692338827854257	0.249	0.028	9.0968065202875e-53
ptbp2b	8.67247532952919e-57	1.16508236599008	0.512	0.136	1.26011066538059e-52
hmgn6	1.12074599414663e-56	1.14969831023403	1	0.853	1.62844392949506e-52
kctd13	2.26890200854293e-56	0.91827485665066	0.383	0.071	3.29671461841288e-52
gnb1b	9.6892682759678e-56	1.16032863374547	0.94	0.774	1.40785068049812e-51
si:dkey-153k10.9	2.07046020937996e-55	0.647378355255517	0.239	0.026	3.00837868422909e-51
h3f3b.1.2	2.8952248690654e-55	1.13191659713609	0.975	0.826	4.20676173475203e-51
ndrg4	7.85024906580955e-55	0.772618416838361	0.239	0.027	1.14064118926213e-50
cacng2b	8.46957327969285e-55	0.425107584501004	0.134	0.006	1.23062899753937e-50
rybpa	9.44748610326438e-55	0.986398172921864	0.388	0.077	1.37271973080431e-50
tspan7b	9.99813691975403e-55	1.02629140169274	0.433	0.091	1.45272929444026e-50
ank3b.1	1.0441803438239e-54	0.413309785045781	0.114	0.004	1.51719403957612e-50
hist2h2l	2.02413012354063e-54	1.20031953495957	0.955	0.648	2.94106106950453e-50
pou3f1	2.54459887307261e-54	0.965930447396871	0.353	0.059	3.6973021625745e-50
hmgn3	2.75707291746163e-54	1.2663461359003	0.881	0.52	4.00602694907175e-50
ptmab	3.39187819532627e-54	1.01042796630095	1	0.971	4.92839901780907e-50
tardbp	4.98012703081305e-54	1.35575673133163	0.791	0.413	7.23612457577136e-50
srsf9	5.25997685967862e-54	1.30921318819737	0.801	0.439	7.64274637711303e-50
apba2b	1.90136150104174e-53	0.760582766302768	0.264	0.034	2.76267826101366e-49
fgf13a	3.00047394420213e-53	0.749013366098733	0.274	0.037	4.3596886409257e-49
abi1b	3.56244704524323e-53	0.743827261385776	0.269	0.036	5.17623555673841e-49
si:ch211-214j24.9	5.14358689447466e-53	0.555806366066912	0.184	0.015	7.47363175767168e-49
zbtb20	5.73299952733591e-53	0.856612430499721	0.279	0.039	8.33004831321907e-49
hmgb1a	6.21476243872145e-53	1.14666946611489	0.97	0.848	9.03004982346227e-49
coro1cb	1.08086795994177e-52	1.21789027556417	0.612	0.211	1.57050114579539e-48
nexmifa	2.59872973261788e-52	0.662617824769711	0.204	0.02	3.77595430149379e-48
tspan2a	3.48578093235358e-52	1.3442784048674	0.498	0.139	5.06483969470974e-48
ubc	8.9613528387902e-52	0.786605860739381	1	0.982	1.30208456747622e-47
sumo3a	9.85302342423624e-52	1.00484534646531	0.99	0.789	1.43164430354153e-47
plekho1a	1.3213946397312e-51	0.556762740452041	0.159	0.011	1.91998641152944e-47
necap1	1.73720066737906e-51	0.865162767502156	0.373	0.07	2.52415256970178e-47
kif1aa	3.39284148835165e-51	0.617311633837204	0.219	0.024	4.92979868257495e-47
ywhabl	1.44011588893026e-50	1.00383608206526	0.985	0.872	2.09248838661566e-46
khdrbs1a	1.84008991034986e-50	0.916123011314833	1	0.922	2.67365063973835e-46
ube2e2	2.28645034175244e-50	1.25559528837394	0.796	0.456	3.3222123465663e-46
jagn1a	2.44850897325562e-50	0.922622173850548	0.398	0.081	3.55768353814042e-46
insm1a	4.94987112406797e-50	0.987283203506367	0.299	0.046	7.19216274327076e-46
lgi1a	5.46977514927666e-50	0.923080168692567	0.428	0.098	7.94758329189899e-46
syt2a	8.38782500010876e-50	1.1399299539008	0.294	0.046	1.2187509725158e-45
vat1	9.20149687098182e-50	1.3701089975836	0.637	0.234	1.33697749535366e-45
cxxc4	1.02394563702491e-49	0.82922467110801	0.279	0.042	1.48779301059719e-45
map7d2b	1.4723480513988e-49	0.852145564711778	0.299	0.047	2.13932171868246e-45
FNDC10	3.66791871750173e-49	0.631068027432381	0.234	0.029	5.32948589653001e-45
ctnnbip1	5.56096350945448e-49	1.13620646175241	0.716	0.337	8.08007997923736e-45
chd4b	1.19424414477496e-48	1.43996843374496	0.726	0.365	1.73523674235801e-44
scrt1a	4.23914085652002e-48	0.522118413353691	0.144	0.01	6.15947166452358e-44
hpca	4.77632214724972e-48	1.42778740553488	0.348	0.069	6.93999607995385e-44
hoxc5a	5.31790466562678e-48	0.911929769359164	0.259	0.037	7.72691547915572e-44
cbx1b	6.87457546584171e-48	1.12081608342604	0.587	0.202	9.988758151868e-44
tubb2	7.40085587710659e-48	0.909196467300966	0.209	0.023	1.07534435894359e-43
rab3ip	2.05025132457266e-47	1.1440003836982	0.552	0.183	2.97901517460407e-43
pacsin1b	2.35072987018281e-47	0.877578086345734	0.313	0.056	3.41561050137562e-43
tmed4	3.83112910405834e-47	0.917012807797733	0.443	0.11	5.56663058819677e-43
jam3a	4.06938530313741e-47	0.699275797081542	0.289	0.047	5.91281684545865e-43
oaz1b	6.69556509278746e-47	1.04149964205961	0.945	0.812	9.72865607982018e-43
ckbb	1.70757798179308e-46	1.20361406932052	0.766	0.31	2.48111080754535e-42
mbd3b	3.77932632920739e-46	1.23128173607877	0.711	0.348	5.49136115633834e-42
zgc:109889	3.82396217778821e-46	0.465981720286249	0.159	0.013	5.55621704432627e-42
ccni	3.88139742136146e-46	1.0855585610513	0.94	0.693	5.6396704532382e-42
fam168b	4.62023828949259e-46	1.17253097867903	0.721	0.357	6.71320623463274e-42
nkain2	5.83405448405989e-46	0.6273971693208	0.219	0.027	8.47688116533902e-42
ube2d4	5.84847084509389e-46	0.997634386541681	0.443	0.119	8.49782813792142e-42
serinc1	5.95757756546786e-46	1.18992238549387	0.761	0.396	8.65636020262481e-42
fundc1	9.56564687486874e-46	1.15195765269496	0.647	0.269	1.38988849091843e-41
selenow2a	1.08498147676114e-45	1.08623300685199	0.572	0.211	1.57647808573394e-41
rab6bb	1.7401477390956e-45	0.994198265685307	0.299	0.051	2.52843466490591e-41
rac3a	2.24295304352716e-45	0.829714102477604	0.328	0.063	3.25901077224496e-41
mpp2a	3.72162943254062e-45	0.611244603519144	0.189	0.02	5.40752756548152e-41
h3f3b.1	4.45033027762482e-45	0.879240581499618	1	0.893	6.46632989338886e-41
st8sia5	4.76115141756944e-45	0.57373507909486	0.189	0.02	6.91795300972839e-41
sh3bp5b	5.63229790765019e-45	0.52882239530972	0.204	0.024	8.18372885981573e-41
rasd4	5.83777086758662e-45	0.874403737989845	0.144	0.011	8.48228107060336e-41
ptprn2	1.78126161978389e-44	0.566211200157007	0.189	0.02	2.58817313354599e-40
necab2	5.14981978108809e-44	0.447700976413907	0.144	0.011	7.482688141921e-40
ilf2	5.61360175431705e-44	0.953246486838424	0.97	0.699	8.15656334902268e-40
ctbp1	1.43407029403983e-43	1.06646471527656	0.682	0.313	2.08370413723987e-39
cntnap2b	1.79783727022476e-43	0.377316150491962	0.1	0.004	2.61225755363658e-39
ankra2	2.2967503745557e-43	0.790814403600355	0.373	0.086	3.33717829422943e-39
atp6v1b2	2.68882335027924e-43	0.614228939923703	0.239	0.034	3.90686032795574e-39
crabp1b	5.2027315130495e-43	1.58593701614206	0.368	0.081	7.55956888846093e-39
atpv0e2	1.1249373096662e-42	0.857720094371182	0.478	0.132	1.63453391094499e-38
calm3a.1	2.81250068643761e-42	1.38532928380104	0.821	0.523	4.08656349739385e-38
hnrnpr	4.23200327993256e-42	1.01340084043205	0.662	0.3	6.149100765742e-38
gdi1	4.82761654290686e-42	1.03996749824367	0.592	0.213	7.01452683684367e-38
scg2b	4.86843231659108e-42	0.976657697978714	0.274	0.045	7.07383215600684e-38
fam57ba	5.38949923809006e-42	0.76200809332955	0.284	0.052	7.83094239294486e-38
h2afy2	6.45155893123986e-42	1.13971270658683	0.891	0.66	9.37411512709152e-38
katnal1	7.65549657890006e-42	0.581693018552854	0.219	0.03	1.11234365291418e-37
si:dkey-81l17.6	1.13975179379744e-41	0.777393515122165	0.308	0.06	1.65605935638767e-37
hnrnpa0a	1.43249602405286e-41	1.17991054422613	0.881	0.621	2.0814167229488e-37
ube2e1	1.48498533455536e-41	1.1766130010609	0.816	0.53	2.15768369110894e-37
lnx2a	1.66023965702988e-41	0.508546626554168	0.159	0.015	2.41232822166442e-37
atp6v1e1b	2.34619939779471e-41	0.961210029998415	0.756	0.345	3.40902772499571e-37
ptpn5	4.57649401654199e-41	0.464950806240096	0.154	0.014	6.64964580603551e-37
dnajc5aa	5.98255130490076e-41	1.0476070372532	0.498	0.163	8.6926470460208e-37
ywhag1	6.82198396692718e-41	0.690359752399608	0.209	0.028	9.91234270394519e-37
nlk1	7.21191595663081e-41	0.941782474079155	0.428	0.122	1.04789138849846e-36
tshz1	8.83853098880263e-41	1.19065565978478	0.478	0.155	1.28423855267302e-36
amph	9.78956022377425e-41	0.568163611343179	0.204	0.027	1.4224231005144e-36
cers6	1.06941602831493e-40	0.350208456807829	0.124	0.009	1.5538614891416e-36
stox2a	1.09237982323489e-40	0.479280263067834	0.174	0.019	1.5872278831603e-36
rtn4b	1.36303392450185e-40	0.946863964862526	0.438	0.128	1.98048829230119e-36
rbfox3a	2.28276923622958e-40	0.658992501757844	0.244	0.038	3.31686370024157e-36
gnao1b	5.41222979512477e-40	0.571168389601929	0.214	0.03	7.86396989231629e-36
fgf13b	8.23776987572535e-40	0.575111710911595	0.244	0.038	1.19694796294289e-35
hdac1	1.18642500927536e-39	0.891745232026983	0.965	0.756	1.7238755384771e-35
rab11bb	1.49414170256426e-39	0.801432514280116	0.294	0.057	2.17098789382587e-35
spred3	3.25471806522746e-39	0.443386632048971	0.159	0.016	4.7291053487755e-35
si:dkey-40m6.8	3.8673960659728e-39	0.405893323572453	0.119	0.008	5.61932648385848e-35
nfyba	1.85348736687564e-38	1.06664024401009	0.806	0.536	2.69311714407031e-34
ewsr1a	3.95512544097427e-38	0.991261405458169	0.846	0.564	5.74679726573562e-34
atp6v1aa	7.74467029328571e-38	0.85358532260266	0.413	0.116	1.12530059361441e-33
gabarapb	1.0865412783099e-37	0.835186418662691	0.965	0.814	1.57874447738428e-33
ascl1b.1	1.54032180940571e-37	0.445085956742155	0.134	0.012	2.23808758906649e-33
sumo2b	1.92341843811199e-37	0.740608186471127	0.975	0.901	2.79472699057671e-33
mlf2	2.12394898841787e-37	0.982229453833428	0.726	0.402	3.08609788017117e-33
hoxb3a	2.38637668216186e-37	0.962189063179883	0.657	0.282	3.46740531918118e-33
CR974456.1	2.41808940891073e-37	0.376125657483517	0.1	0.006	3.51348391114729e-33
znf609b	2.75869409104084e-37	1.0154122056804	0.552	0.225	4.00838251428234e-33
rab3c	3.09283788374e-37	0.643565854249497	0.244	0.042	4.49389344507422e-33
itm2ca	4.54528111056285e-37	0.546608688898883	0.199	0.028	6.60429345364783e-33
tet3	7.5623990503073e-37	0.849247664567438	0.358	0.094	1.09881658200965e-32
tshz3b	9.64435756405832e-37	0.789112425114572	0.289	0.06	1.40132515405767e-32
tmie	1.22266003271818e-36	0.496316667040836	0.164	0.019	1.77652502753952e-32
tspan3b	1.39199171612408e-36	0.456560199045752	0.159	0.017	2.02256396352829e-32
asb2b	1.41725300437296e-36	0.371052267733971	0.114	0.008	2.05926861535391e-32
hoxb5b	1.60851668126681e-36	1.82105715621514	0.577	0.238	2.33717473788068e-32
atp6v1g1	1.61735638219259e-36	0.865575236742824	0.786	0.431	2.35001882332583e-32
lsm6	2.03875839609779e-36	0.92548019218858	0.811	0.536	2.96231594953009e-32
hrasb	2.60610857248391e-36	0.872202291224976	0.363	0.096	3.78667575581912e-32
rai1	2.72787965984517e-36	0.362185365843734	0.114	0.008	3.96360914575504e-32
eef1a1a	4.98175129587736e-36	0.373635934019498	0.129	0.011	7.2384846329098e-32
atrx	5.52965908915576e-36	1.04148117207955	0.791	0.522	8.03459465654332e-32
st8sia1	6.28697389805388e-36	0.58670572984944	0.209	0.032	9.13497307387229e-32
olfm2a	6.6235998321887e-36	0.781756141941712	0.139	0.013	9.62409055617018e-32
pou4f1	7.03483227601316e-36	0.861698311852874	0.159	0.018	1.02216112970471e-31
phlda1	1.28611329087718e-35	0.826890731415867	0.328	0.078	1.86872261164454e-31
socs7	1.42653028530956e-35	0.499856822371933	0.174	0.022	2.07274850455479e-31
ncor2	1.86343259210963e-35	0.828746169298894	0.418	0.128	2.70756755633529e-31
kdm6bb	2.87629703095436e-35	1.02060460262844	0.612	0.28	4.17925958597668e-31
tp53inp2	5.40003116262355e-35	0.984596872163102	0.537	0.204	7.84624527929201e-31
fam131bb	5.79356088836501e-35	0.364793593227354	0.114	0.009	8.41804397079436e-31
gabarapl2	1.09918163676391e-34	0.983234096549276	0.652	0.316	1.59711091821796e-30
cplx2	1.26895186258571e-34	0.668317031824323	0.328	0.075	1.84378705633703e-30
mpp2b	1.4393216698666e-34	0.361547595446741	0.119	0.01	2.09133438631617e-30
oaz1a	1.44834804453855e-34	1.00000058238859	0.886	0.771	2.10444970871451e-30
CAMK2N1	3.37718739161384e-34	0.410215994414697	0.134	0.013	4.90705328001491e-30
dhrs11a	3.3796129514497e-34	0.504377850439122	0.154	0.018	4.91057761845642e-30
sarm1	3.43576894436652e-34	0.372404035670567	0.129	0.012	4.99217227616456e-30
magi1b	5.34769371383961e-34	0.689224111408547	0.264	0.054	7.77019896620895e-30
polb	5.64179186709729e-34	0.924569802816563	0.552	0.236	8.19752358289237e-30
fam131ba	6.20048226388826e-34	0.396776951833748	0.119	0.01	9.00930072942964e-30
cxxc5a	1.05489635023566e-33	1.09837044240941	0.567	0.25	1.53276439689242e-29
khdrbs2	1.32728077646307e-33	0.687257996867118	0.139	0.015	1.92853896820084e-29
rnf2	1.70680836470622e-33	0.920761359687231	0.677	0.369	2.47999255391814e-29
dazap2	2.27617983514358e-33	0.955107289988862	0.577	0.257	3.30728930046362e-29
ptp4a1	2.4537953623803e-33	0.852347458753869	0.925	0.787	3.56536466153858e-29
unc119b	4.77066604968158e-33	0.714172476566465	0.303	0.074	6.93177777018734e-29
ube2g1a	8.22519191949436e-33	0.884197561621473	0.438	0.153	1.19512038590253e-28
vdac1	9.43602058278268e-33	0.879657747621909	0.896	0.746	1.37105379067832e-28
scocb	9.89583184663242e-33	0.965561680983535	0.552	0.234	1.43786436731569e-28
adam23a	1.139916798598e-32	0.44402367360074	0.159	0.02	1.65629910836289e-28
ppp3r1a	1.52531153455203e-32	0.990484519136202	0.413	0.137	2.2162776597041e-28
FP236812.1	1.52850025716684e-32	1.1324914326056	0.607	0.253	2.22091087366342e-28
rab39bb	1.64901081428003e-32	0.562558949314909	0.209	0.035	2.39601271314889e-28
rnd3a	1.79694612022781e-32	1.18315472842857	0.637	0.317	2.610962712691e-28
phactr3b	2.26414694855134e-32	0.640412776646285	0.209	0.035	3.2898055162451e-28
st8sia2	2.86458053511534e-32	0.599567103771593	0.214	0.037	4.16223551752259e-28
CU639469.1	6.9911382051177e-32	0.575704225680866	0.214	0.038	1.0158123812036e-27
homer1b	9.9105175108678e-32	0.387912544052572	0.139	0.016	1.43999819432909e-27
tbc1d30	1.19967126921515e-31	0.517428004569717	0.154	0.02	1.74312235416961e-27
pbx4	1.86224200965186e-31	1.02134294200922	0.701	0.41	2.70583764002415e-27
sms	2.13747790800679e-31	0.749958992827208	0.333	0.092	3.10575540033386e-27
cxxc5b	2.93466560987886e-31	0.642897507142765	0.254	0.054	4.26406913115398e-27
atf7ip	3.10491360387538e-31	1.11459679670919	0.766	0.506	4.51143946643093e-27
dpysl4	3.59536791012889e-31	0.444732231132933	0.154	0.02	5.22406957341728e-27
gnb2	5.06601065255033e-31	0.635856496521152	0.279	0.064	7.36091347815563e-27
nucks1a	5.36363570405468e-31	0.77682924515595	0.94	0.716	7.79336267799145e-27
znf513a	6.03251058219777e-31	0.698520447898492	0.294	0.072	8.76523787593336e-27
amer2	1.15681741246926e-30	0.517017274646247	0.199	0.034	1.68085570031783e-26
rcor2	1.19107358615955e-30	0.86616430632097	0.388	0.129	1.73062992068982e-26
flot1a	1.44225011916585e-30	0.667578812188666	0.303	0.075	2.09558942314798e-26
dap	1.75557789797123e-30	0.923638393383123	0.706	0.423	2.5508546857522e-26
scg5.1	4.63387728591324e-30	0.582364484060812	0.244	0.049	6.73302369643194e-26
pcmtd1	5.80369035876244e-30	0.778377554758644	0.338	0.095	8.43276209128183e-26
ubap2a	6.22954742394712e-30	0.937720417654514	0.483	0.2	9.05153240699516e-26
rnf44	6.64586970134632e-30	1.07420730035725	0.478	0.199	9.6564486760562e-26
irx6a	6.84744680228848e-30	0.433076621847978	0.109	0.01	9.94934020372516e-26
ankrd12	1.09666574069373e-29	0.941715059334075	0.577	0.277	1.59345532122799e-25
cyfip2	1.36070316233744e-29	0.587350931543339	0.249	0.053	1.97710169487629e-25
srsf3b	1.41902853661055e-29	0.827928179876849	0.896	0.693	2.06184846369513e-25
cdk5r2a	2.16100748182903e-29	0.655272436680617	0.154	0.021	3.13994387109758e-25
g3bp2	2.92545137710857e-29	0.76880302724007	0.383	0.124	4.25068085093876e-25
pcloa	3.18277741646394e-29	0.429788438666461	0.139	0.017	4.6245755861221e-25
ywhaqa	3.36175575411154e-29	0.881792503344576	0.741	0.468	4.88463111072407e-25
negr1	5.51293228946904e-29	0.489311103121181	0.169	0.026	8.01029061659852e-25
rps7	7.2183041143678e-29	0.474375019227961	1	0.998	1.04881958781764e-24
chst1	1.13249349579049e-28	0.49559097619499	0.144	0.019	1.64551304938358e-24
tox	1.44118989917884e-28	1.09361602924838	0.517	0.225	2.09404892350685e-24
smarcd1	1.51671739399112e-28	0.900977764596968	0.667	0.385	2.20379037346909e-24
cacnb4b	1.59304228428948e-28	0.304172478010677	0.104	0.009	2.31469043907261e-24
pdcl	1.65260229984908e-28	0.913780513566548	0.493	0.209	2.40123114168071e-24
zgc:171759	1.87803776307783e-28	0.888270966576587	0.338	0.097	2.72878886975208e-24
plppr3a	2.31236829826196e-28	0.666797884977374	0.279	0.071	3.35987113737463e-24
cdc34b	2.83560249581542e-28	1.02578543958465	0.547	0.271	4.12013042641981e-24
znf703	3.10891657984841e-28	0.940586673687192	0.378	0.126	4.51725579051974e-24
kidins220a	3.41343860219324e-28	0.357332686704908	0.1	0.009	4.95972628898678e-24
nrg3b	3.88741313778131e-28	0.359124549220934	0.104	0.01	5.64841128919625e-24
fam117ba	5.88681421523144e-28	0.336447811061525	0.114	0.012	8.55354105473128e-24
tac3a	5.97650225289448e-28	0.815457799089148	0.104	0.01	8.68385777345568e-24
ppp2r2ca	6.30031879778281e-28	0.359596176588444	0.124	0.014	9.15436321317842e-24
arl8a	6.81392967250535e-28	0.897653674120569	0.607	0.318	9.90063981415028e-24
brk1	7.5768442439408e-28	0.830650489116441	0.791	0.577	1.1009154686446e-23
asb8	1.28969249369655e-27	0.802276366823026	0.413	0.15	1.87392319334108e-23
zgc:194665	1.34490832668558e-27	0.311017811306225	0.1	0.009	1.95415179867414e-23
ctnnd2b	1.67787903031872e-27	0.375329644079632	0.124	0.015	2.43795823105311e-23
pcbp2	2.24851166962151e-27	0.783572401105472	0.866	0.697	3.26708745596006e-23
si:ch211-194k22.8	2.39072381892497e-27	0.888690211546065	0.527	0.24	3.47372170889798e-23
si:dkey-234h16.7	3.15636847173208e-27	0.519006849139154	0.174	0.029	4.58620338942671e-23
hnrnpa3	5.20063210342747e-27	0.56754009818892	0.204	0.04	7.55651844628012e-23
nr2f1a	5.60531518764015e-27	0.987993648689604	0.368	0.123	8.14452296764114e-23
ube2e3	6.68829364491491e-27	0.782870775390034	0.881	0.739	9.71809066606136e-23
CABZ01075125.1	9.47093343631184e-27	0.986303014825078	0.328	0.098	1.37612662829611e-22
si:ch211-51e12.7	1.088537517236e-26	0.779638026412116	0.856	0.624	1.58164501254391e-22
dixdc1a	1.1528683281587e-26	0.563892937820259	0.244	0.057	1.67511768081459e-22
FAM53C	1.73113447560581e-26	0.63058918253364	0.269	0.069	2.51533839305524e-22
maptb	1.96087397619212e-26	0.554288592706171	0.383	0.114	2.84914988740714e-22
ppme1	2.38039837523098e-26	0.883094624552782	0.502	0.23	3.45871883921061e-22
txndc9	3.01974577848659e-26	0.857939822295257	0.771	0.545	4.38769061614101e-22
trim3a	3.26521622953958e-26	0.385606873044451	0.139	0.019	4.74435918152101e-22
upf3a	3.55309623504213e-26	0.472241300222958	0.174	0.03	5.16264882951622e-22
sult4a1	5.33906638691053e-26	0.517126020133858	0.184	0.033	7.757663460181e-22
kdm4b	6.09256447995935e-26	0.921701816319009	0.552	0.282	8.85249618938094e-22
chd4a	6.09790097945686e-26	1.18567546096114	0.622	0.361	8.86025012315082e-22
reep2	7.26646854173234e-26	0.465658033832361	0.159	0.026	1.05581787911371e-21
tmem35	7.87760402440043e-26	0.835198612734236	0.418	0.157	1.14461586474538e-21
kdm1a	7.95820070619755e-26	0.90664582354934	0.607	0.347	1.1563265626105e-21
syn2a	9.22103145212369e-26	0.497590677385845	0.209	0.042	1.33981586999357e-21
pak2b	1.64295939547508e-25	0.911078770019195	0.622	0.379	2.38722000162529e-21
ywhae1	1.72324210820682e-25	0.761734154527246	0.856	0.709	2.5038707832245e-21
nptna	1.76614516823342e-25	0.471387016961612	0.164	0.027	2.56620892944315e-21
prr18	2.03800144925977e-25	0.361684407250867	0.104	0.011	2.96121610577445e-21
znf576.1	2.97918536742251e-25	0.532751634635758	0.224	0.051	4.32875633886491e-21
vma21	5.02121133728465e-25	0.881941678795796	0.607	0.339	7.2958200730746e-21
si:dkey-19e4.5	5.10810597212976e-25	0.92216063391875	0.443	0.194	7.42207797750453e-21
h3f3b.1.1	5.5017495551285e-25	0.605927700161742	0.985	0.883	7.99404210360171e-21
sf3b5	5.90938892773091e-25	0.915575194048137	0.687	0.441	8.58634211199302e-21
tnrc6c2	6.4167560961062e-25	0.497170870509509	0.164	0.028	9.32354660764231e-21
dctn1b	6.85674504998446e-25	0.336893427845156	0.104	0.011	9.96285055762743e-21
si:dkey-28b4.7	7.82041822537922e-25	0.875070340902802	0.687	0.447	1.1363067681476e-20
drgx	8.25873290158847e-25	0.583932218064822	0.104	0.011	1.1999938906008e-20
syt12	8.3254050581955e-25	0.527189025986047	0.1	0.01	1.20968135495581e-20
srsf5b	9.47652301683904e-25	0.852403396049423	0.517	0.258	1.37693879434671e-20
clstn3	1.03605966501077e-24	0.498920127203475	0.134	0.019	1.50539469326065e-20
rapgef2	1.10683133734532e-24	0.615589338956286	0.234	0.057	1.60822593316274e-20
hnrnpub	1.48448457379329e-24	0.86938722773188	0.692	0.455	2.15695608572166e-20
arnt2	1.67855928772693e-24	0.653765488452619	0.294	0.086	2.43894664506724e-20
bsnb	1.7192012357505e-24	0.414588161721478	0.134	0.019	2.49799939554548e-20
zgc:110130	2.00389470030037e-24	0.529083067307588	0.229	0.053	2.91165899953644e-20
zgc:112356	2.01253967516513e-24	0.856662478371889	0.413	0.169	2.92422014801493e-20
irx1a	2.0160773978283e-24	0.719621096811574	0.154	0.026	2.92936045904453e-20
clvs2	2.42923630740618e-24	0.4561762135219	0.174	0.032	3.52968035466117e-20
ptp4a2a	2.90158853451566e-24	0.815090605562169	0.582	0.319	4.21600814065125e-20
jpt1b	3.24178088169285e-24	0.723678989396359	0.846	0.652	4.71030762109972e-20
lrfn5b	3.53570359199738e-24	0.333556754217003	0.109	0.013	5.1373773191722e-20
kat5b.1	3.55320331233823e-24	0.679161337626319	0.313	0.099	5.16280441282745e-20
zgc:100906	3.65670453865578e-24	0.519723472574499	0.209	0.045	5.31319169466685e-20
elocb	3.99329626061187e-24	0.765706736133231	0.786	0.612	5.80225946666905e-20
smarcc2	4.86235804621021e-24	0.57435317947798	0.224	0.053	7.06500624114344e-20
syncrip	4.90519556317759e-24	0.729892127817623	0.9	0.771	7.12724915329703e-20
hoxd3a	5.68648652482729e-24	0.630161912288307	0.244	0.061	8.26246492057405e-20
ubtf	6.34143792081594e-24	0.86849101204324	0.498	0.235	9.21410929894556e-20
ttc5	7.30775016831963e-24	0.559194200852932	0.229	0.056	1.06181609945684e-19
calm2a	1.26170075154728e-23	1.0294086975574	0.776	0.57	1.8332511919982e-19
hsbp1a	1.52417378979295e-23	0.753270866877016	0.547	0.277	2.21462451656915e-19
rtn4r	1.55651510600495e-23	0.349901076736852	0.114	0.015	2.2616164490252e-19
zdhhc9	1.67284140575219e-23	0.514722004500005	0.214	0.05	2.43063856255793e-19
marcksa	2.04874332783928e-23	0.773814022743738	0.368	0.139	2.97682405535047e-19
pgam1b	2.13559164059783e-23	0.41354660950425	0.164	0.03	3.10301465378864e-19
si:ch73-46j18.5	2.37925860457747e-23	0.856729220009176	0.627	0.368	3.45706275245106e-19
ap1s2	2.51763103195742e-23	0.796355401070853	0.726	0.487	3.65811788943413e-19
zgc:122979	2.52382190014877e-23	0.381080152558916	0.109	0.013	3.66711322091617e-19
gnb1a	3.05004110107986e-23	0.840522485358773	0.776	0.565	4.43170971986904e-19
gse1	3.05706594377927e-23	0.776839325589325	0.348	0.126	4.44191681631128e-19
vdac3	3.29422318856148e-23	0.759302004766461	0.891	0.795	4.78650629297983e-19
eef1g	4.26050787715685e-23	0.422364717418086	1	0.991	6.1905179455089e-19
lmo2	5.43463960963534e-23	0.406459071240636	0.144	0.024	7.89653135280016e-19
slc25a1a	5.85578327633592e-23	0.690376581599363	0.299	0.095	8.50845310051609e-19
glra1	6.12372284423918e-23	0.362235177919554	0.104	0.012	8.89776929267952e-19
pou3f3b	6.4082289909892e-23	0.60117435498535	0.229	0.056	9.31115672390731e-19
smarca4a	7.11066779960627e-23	0.877915140872968	0.622	0.379	1.03318003128279e-18
kmt5aa	1.24816124287146e-22	0.83990400648762	0.662	0.444	1.81357828589224e-18
glrbb	1.4544528350067e-22	0.383601175366167	0.144	0.024	2.11331996926474e-18
tmpob	1.62419282291717e-22	0.742524327333017	0.299	0.097	2.35995217169865e-18
otub1a	2.0498906681779e-22	0.861360159693978	0.537	0.295	2.97849114086248e-18
evla	2.11692127233699e-22	0.622503040197842	0.274	0.081	3.07588660870565e-18
rbm4.1	2.29100559678666e-22	0.758863603254281	0.438	0.196	3.32883113213102e-18
atp1b2a	2.33033641229045e-22	0.657457532578346	0.333	0.114	3.38597880705802e-18
si:ch211-195b15.8	2.61946442321536e-22	0.821281833748138	0.498	0.22	3.80608180693192e-18
dpysl2b	2.65670179957219e-22	0.387184328370428	0.159	0.03	3.8601877147784e-18
phf21aa	3.32512111289919e-22	0.502352001762613	0.184	0.039	4.83140097704252e-18
rab33a	4.08213155738409e-22	0.313543153366705	0.104	0.013	5.93133715287908e-18
camta1b	4.32923953083941e-22	0.44459286879242	0.154	0.028	6.29038503830967e-18
atp1b3a	5.36302074335121e-22	0.839273901676384	0.532	0.282	7.79246914008931e-18
nono	6.66286753334211e-22	0.86195448560786	0.612	0.371	9.68114652594609e-18
siah1	7.2817890629579e-22	0.790530904814455	0.517	0.264	1.05804395084778e-17
ywhaqb	8.61891922899492e-22	0.78102335203235	0.831	0.678	1.25232896397296e-17
cpe	8.68702391641064e-22	0.538447381181745	0.313	0.097	1.26222457505447e-17
ssbp4	8.84163143142183e-22	0.839570493456104	0.413	0.183	1.28468904698559e-17
fam184b	8.95978993339749e-22	0.376249294686693	0.114	0.016	1.30185747732266e-17
epb41l3a	1.190355196877e-21	0.355688952271241	0.119	0.017	1.72958610106228e-17
lcor	1.35326549244612e-21	0.49937326152683	0.209	0.05	1.96629476052421e-17
ss18	1.94719118801603e-21	0.797109125733159	0.532	0.288	2.82926879618729e-17
cct8	2.17006125601491e-21	0.699087169470911	0.856	0.711	3.15309900498966e-17
actl6a	2.26656038822828e-21	0.823707408287368	0.532	0.295	3.2933122440957e-17
zgc:194578	2.29132477740777e-21	0.313672299303613	0.104	0.013	3.32929490157349e-17
syngr3a	2.29977162163501e-21	0.414999264018474	0.149	0.027	3.34156816623567e-17
kalrnb	2.64487282384222e-21	0.497198475754222	0.179	0.039	3.84300021304275e-17
mdh1aa	2.73219775407002e-21	0.53530820228496	0.726	0.476	3.96988333666375e-17
prkacab	2.92032512266892e-21	0.689779189749057	0.358	0.14	4.24323240323794e-17
gnb5b	3.32074143111054e-21	0.274260102628921	0.104	0.013	4.82503729940361e-17
si:dkeyp-72g9.4	3.38250186519489e-21	0.384617998029414	0.144	0.025	4.91477521012818e-17
taf7	3.55338699612191e-21	0.792870350455736	0.537	0.305	5.16307130536514e-17
eif4a1b	3.69285462295734e-21	0.645696225868692	0.891	0.772	5.36571776715702e-17
pou2f1b	3.8543434327329e-21	0.643499453176769	0.224	0.06	5.6003610077609e-17
gas7a	3.88109522574754e-21	0.287605443668674	0.104	0.013	5.63923136301118e-17
znrf1	4.1611808685843e-21	0.417244156222734	0.139	0.024	6.04619580205299e-17
trappc5	5.26932942661814e-21	0.813367472907205	0.502	0.264	7.65633565687615e-17
fbxl6	5.92648814963491e-21	0.797849991704833	0.398	0.169	8.61118728141952e-17
hnrnph1l	5.93328865689187e-21	0.749817623234029	0.711	0.498	8.62106841846389e-17
zgc:77262	6.33870252573896e-21	0.745559197930875	0.393	0.17	9.21013476989871e-17
tubb4b	6.52083662567073e-21	0.562010122302521	1	0.97	9.47477561709957e-17
cbx6a	6.60676928148247e-21	0.624038229799701	0.244	0.071	9.59963576599403e-17
eif4ebp1	7.27741717758348e-21	0.781854836298134	0.667	0.427	1.05740871590288e-16
hnrnpa0b	7.47303928643328e-21	0.65699415666773	0.95	0.83	1.08583260831876e-16
hnrnpl	1.05408740704218e-20	0.749054759677882	0.716	0.485	1.53158900243228e-16
pbx1a	1.1736243435979e-20	0.981304568289303	0.468	0.222	1.70527617124775e-16
zmiz1a	1.76197649944995e-20	0.783760505079444	0.373	0.155	2.56015185370078e-16
hmg20a	2.09049300688248e-20	0.737008984124928	0.423	0.195	3.03748633900025e-16
rgs20	3.3414092137017e-20	0.406993737994985	0.134	0.023	4.85506758750857e-16
pcdh19	3.63456359509246e-20	0.589022473794839	0.204	0.051	5.28102090366935e-16
ralaa	3.90454527977037e-20	0.632161908754972	0.323	0.118	5.67330429150635e-16
arl6ip1	4.1488626695455e-20	0.38765266558654	0.776	0.521	6.02829745884961e-16
ncs1a	4.59405900181728e-20	0.33672395895316	0.119	0.019	6.67516772964051e-16
rdh12	5.32001129751492e-20	0.385668901730799	0.129	0.022	7.72997641528918e-16
arfip2a	5.7726964823719e-20	0.557978040258894	0.254	0.077	8.38772798888637e-16
fkbp1aa	6.81721312190894e-20	0.445816623594991	1	0.962	9.90541066613368e-16
tshz2	7.69481618295952e-20	0.443147238961699	0.184	0.043	1.11805679138402e-15
zgc:153615	8.31574750217201e-20	0.382371494482847	0.114	0.017	1.20827811206559e-15
nfasca	1.10106093145668e-19	0.470147849319986	0.229	0.061	1.59984153340655e-15
cirbpa	1.49105140954682e-19	0.455737462969035	1	0.939	2.16649769807152e-15
stmn4	1.76047882569796e-19	0.628277553699622	0.149	0.029	2.55797573373913e-15
rab14	2.15326062578487e-19	0.651519728439144	0.697	0.465	3.12868768926541e-15
atg101	2.18212451593639e-19	0.6155469890404	0.308	0.113	3.17062692165557e-15
dynll2b	2.26735776281427e-19	0.91891168563203	0.542	0.311	3.29447082936914e-15
nanos1	4.05924732016443e-19	0.729702950806422	0.522	0.268	5.89808635619892e-15
stard10	6.1368988749599e-19	0.491650829318555	0.209	0.055	8.91691406531673e-15
parvb	7.06929574272797e-19	0.420744351275875	0.139	0.027	1.02716867141837e-14
dab2ipa	8.29542608214063e-19	0.56373543397299	0.224	0.065	1.20532540973503e-14
ppp3cb	9.32422799570275e-19	0.389704757560347	0.129	0.023	1.35481032777561e-14
camk2n1a	1.30536874633894e-18	0.90885587845772	0.313	0.116	1.89670078843048e-14
sh3gl2a	1.32094670514674e-18	0.445382604130543	0.184	0.045	1.91933556257821e-14
fam78ba	1.33826695820259e-18	0.303671120747884	0.104	0.016	1.94450189026837e-14
brd3b	1.40776518253033e-18	0.767426441332349	0.642	0.454	2.04548281021658e-14
dync1li1	2.9143754191374e-18	0.675923576915379	0.323	0.128	4.23458748400665e-14
ilf3b	3.11109140360892e-18	0.732986195568312	0.706	0.519	4.52041580944376e-14
hdx	3.11397666822186e-18	0.504317444697154	0.214	0.061	4.52460809892636e-14
otud5a	4.47512717622949e-18	0.623684300884035	0.428	0.204	6.50235978706144e-14
zgc:173587	4.85054851384597e-18	0.616585839568468	0.224	0.066	7.04784699061819e-14
bach2b	5.51094319179242e-18	0.313128713436908	0.109	0.018	8.00740045767438e-14
zfand3	6.27541276098227e-18	0.706014752129349	0.572	0.364	9.11817474170724e-14
tmem179	8.14194972757337e-18	0.31712886409056	0.124	0.023	1.18302529541641e-13
mboat2b	9.88601063825051e-18	0.479782317077271	0.189	0.05	1.4364373457378e-13
tdg.2	1.09125319128955e-17	0.478556588661814	0.174	0.044	1.58559088694371e-13
cxxc1a	1.14116002222597e-17	0.55172988714267	0.279	0.099	1.65810551229434e-13
cct6a	1.18780144619999e-17	0.673769823003351	0.806	0.679	1.72587550132859e-13
gapdhs	1.41156868671715e-17	0.57670505192017	0.806	0.574	2.05100930180002e-13
irx5a	1.43551406896452e-17	0.648646968006519	0.189	0.05	2.08580194220544e-13
map2	1.72911685422098e-17	0.463349220940263	0.174	0.044	2.51240678918309e-13
ckmt1	1.76543024706306e-17	0.363366251313951	0.154	0.034	2.56517014898263e-13
hnrnpabb	2.27534174462825e-17	0.518080152632277	0.96	0.791	3.30607155494485e-13
rab39ba	2.3081558224992e-17	0.311999164720488	0.119	0.021	3.35375041009134e-13
vldlr	2.34187905967686e-17	0.416874624797186	0.179	0.046	3.40275027371047e-13
meaf6	2.45191347524207e-17	0.621774939271611	0.801	0.644	3.56263027952673e-13
baz2ba	3.07112748818455e-17	0.632769445740959	0.333	0.138	4.46234824033216e-13
FBXO48	4.11878233131944e-17	0.549825529953406	0.219	0.066	5.98459072740715e-13
nrsn1	4.43335586724852e-17	0.394771628946634	0.144	0.031	6.44166607511209e-13
gnao1a	5.28155309107623e-17	0.283730378730363	0.104	0.017	7.67409664133376e-13
nr2f6a	5.53730611366704e-17	0.768506676147414	0.413	0.214	8.0457057831582e-13
apba1b	6.90316351070898e-17	0.305380431304278	0.129	0.026	1.00302965810601e-12
si:ch211-137a8.4	7.0233349650511e-17	0.551850217494751	0.517	0.264	1.02049057042193e-12
commd3	8.13950569407235e-17	0.692981660453982	0.378	0.175	1.18267017734871e-12
dbn1	8.33167466265643e-17	0.402422086997323	0.144	0.032	1.21059232848398e-12
ube2d2	8.4184462087239e-17	0.695866623843945	0.751	0.62	1.22320023412758e-12
ttll7	8.6456796112337e-17	0.318923042967062	0.119	0.022	1.25621724751226e-12
mxi1	8.82245198046297e-17	0.733452441746292	0.254	0.088	1.28190227276127e-12
si:dkey-196j8.2	1.04383164694796e-16	0.319389994372116	0.1	0.016	1.51668738301539e-12
ube2ia	1.04488661032815e-16	0.720551704253479	0.607	0.426	1.5182202448068e-12
fzd8b	1.07902313087735e-16	0.399264396294028	0.1	0.016	1.56782060916479e-12
sv2a	1.19036276393063e-16	0.407015625009756	0.109	0.019	1.7295970959912e-12
fam32a	1.31231313552623e-16	0.736100784195096	0.692	0.557	1.90679098591961e-12
csnk1e	1.68098169849694e-16	0.504653559052711	0.224	0.07	2.44246640791605e-12
ube2v1	1.68189611735672e-16	0.55108685186119	0.861	0.714	2.44379505851932e-12
wdr41	1.77206035345565e-16	0.473386715042754	0.194	0.055	2.57480369357106e-12
vamp4	2.03867773818992e-16	0.554102524292804	0.289	0.111	2.96219875358995e-12
camk2g2	2.13782093449209e-16	0.554017167959525	0.229	0.073	3.106253817817e-12
pole4	2.88501257886656e-16	0.59660569194397	0.488	0.267	4.19192327709312e-12
u2af2a	3.03413762415285e-16	0.72643558478237	0.413	0.215	4.40860196789409e-12
zgc:113149	3.48576595554715e-16	0.575399009165188	0.308	0.125	5.06481793341e-12
syngr3b	4.18441102921637e-16	0.355237168424718	0.129	0.026	6.07994922545139e-12
ube2ib	4.61132587787802e-16	0.63154412905962	0.741	0.562	6.70025650055677e-12
tle3a	5.79687164873106e-16	0.68089959210118	0.299	0.121	8.42285450560623e-12
rgmb	6.92978331366849e-16	0.785135965289434	0.408	0.203	1.00689751547603e-11
yaf2	7.15510489435943e-16	0.841455058430932	0.403	0.208	1.03963674115042e-11
hmgn7	7.79450366393981e-16	0.497257146360245	0.98	0.889	1.13254138237045e-11
taf12	7.98044070076033e-16	0.63500743199302	0.701	0.56	1.15955803382048e-11
ikzf5	8.16601427745006e-16	0.457021176627185	0.204	0.062	1.18652187451349e-11
bckdk	9.09921287400534e-16	0.595119470130889	0.423	0.218	1.32211563059298e-11
strbp	9.27674096279538e-16	0.383087682145726	0.114	0.022	1.34791046189417e-11
epdr1	1.10853829155889e-15	0.386756547590349	0.169	0.044	1.61070613763507e-11
tspan13b	1.24171173463308e-15	0.435852231634895	0.179	0.049	1.80420715042187e-11
isl1	1.33059846193874e-15	0.360861456030274	0.1	0.017	1.93335956519699e-11
dcun1d4	1.41739779282893e-15	0.444210832196978	0.199	0.06	2.05947899298044e-11
caprin1b	1.50702811251352e-15	0.665830385350862	0.522	0.324	2.18971184748214e-11
klf7b	1.75642564174023e-15	0.714657706736589	0.458	0.244	2.55208645744855e-11
CSRNP3	1.76325298663855e-15	0.301203141700311	0.104	0.019	2.56200658958581e-11
akirin1	1.82490629364101e-15	0.657698719811448	0.567	0.376	2.65158884466038e-11
kifap3b	1.90507681171742e-15	0.456874386330394	0.169	0.046	2.76807660742541e-11
elovl6	1.91073694190797e-15	0.535321972149549	0.239	0.081	2.77630077659228e-11
brd8	2.30906612025158e-15	0.681803562504218	0.318	0.141	3.35507307272555e-11
si:ch211-222l21.1	2.39001941412227e-15	0.263541954657124	1	0.824	3.47269820871966e-11
hmgb3b	2.42428521686917e-15	0.763415726461291	0.522	0.331	3.52248642011091e-11
calm3b	2.42722711791968e-15	0.576713982202736	0.93	0.839	3.52676100233729e-11
rimkla	2.47894685481578e-15	0.704608064000708	0.453	0.255	3.60190978004733e-11
klf7a	2.60379719927326e-15	0.845294579305194	0.388	0.19	3.78331733054405e-11
ncam1a	2.79006460790997e-15	0.402432761238221	0.139	0.032	4.05396387529319e-11
atp5if1b	3.13429982099921e-15	0.630821811031069	0.507	0.296	4.55413763991186e-11
top2b	3.85681424526692e-15	0.761181520168051	0.363	0.181	5.60395109837283e-11
aif1l	4.09307640932736e-15	0.689446326897978	0.343	0.16	5.94724002275265e-11
otub1b	4.10394249166587e-15	0.652035630864235	0.443	0.251	5.96302844039051e-11
usf1	4.52082775646578e-15	0.750472893110266	0.453	0.262	6.56876273014478e-11
igdcc3	4.64648945892701e-15	0.442637873772647	0.179	0.052	6.75134918382094e-11
pacsin1a	4.80361666320745e-15	0.303565467603883	0.104	0.019	6.97965501164043e-11
gtf2b	5.08718955409137e-15	0.695282682960965	0.433	0.241	7.39168642209476e-11
cpsf6	5.370552775287e-15	0.637922399335634	0.607	0.438	7.80341318249201e-11
palm1a	5.50724474883473e-15	0.462020023225528	0.194	0.058	8.00202662005686e-11
hacd2	7.20473083749138e-15	0.638473387868471	0.408	0.209	1.0468473906875e-10
hoxb6b	7.87577679353054e-15	1.70153781103181	0.194	0.06	1.14435036809999e-10
pdzd11	8.10478685028271e-15	0.68031604740555	0.438	0.243	1.17762552934608e-10
dpy19l3	9.17348043722452e-15	0.37081923307336	0.119	0.025	1.33290670752872e-10
dpf2l	9.21207085011189e-15	0.671452473197172	0.348	0.169	1.33851389452126e-10
ap1ar	9.44000611251477e-15	0.467188276054249	0.199	0.063	1.3716328881484e-10
kidins220b	1.05204798984167e-14	0.535857555517956	0.179	0.052	1.52862572923995e-10
tia1	1.06078292200261e-14	0.730821373830386	0.453	0.266	1.54131758566979e-10
hmgxb4a	1.31459090293923e-14	0.286802864779685	0.1	0.018	1.91010058197071e-10
march8	1.38097541728223e-14	0.409316276035141	0.124	0.027	2.00655728131107e-10
tdg.1	1.60577352138865e-14	0.671994887313309	0.303	0.135	2.33318892657771e-10
hnrnpc	1.73275880201508e-14	0.614836098514437	0.547	0.367	2.51769853932791e-10
wrb	1.73548581319889e-14	0.621855631933634	0.423	0.232	2.52166088657798e-10
dock7	1.99036960271688e-14	0.568111940262928	0.299	0.127	2.89200703274763e-10
sypa	2.15006394879355e-14	0.455388578675105	0.139	0.034	3.12404291759702e-10
kmt2cb	2.17443381024321e-14	0.641308093140998	0.333	0.154	3.15945232628338e-10
hoxb5a	2.17725770895615e-14	1.37446387680809	0.403	0.209	3.16355545111329e-10
hnrpkl	3.26085655340124e-14	0.690390533359995	0.607	0.435	4.73802457209199e-10
tusc3	3.38510603025071e-14	0.625759660569553	0.363	0.179	4.91855906195428e-10
kif3a	3.72085583328721e-14	0.505448434764521	0.204	0.067	5.40640352576631e-10
trim33	3.78014851464787e-14	0.556054325953066	0.254	0.098	5.49255579178335e-10
pebp1	4.27537684952567e-14	0.672983896834101	0.353	0.179	6.21212256236079e-10
cdkn1ca	4.35842994066466e-14	0.727020963286842	0.323	0.143	6.33279870378575e-10
tmem53	4.45020270063992e-14	0.45050046482982	0.159	0.044	6.4661445240298e-10
stk11	4.49487284288278e-14	0.558012329685047	0.328	0.153	6.53105024070868e-10
zfr	5.74067109227309e-14	0.618746631299993	0.328	0.156	8.3411950970728e-10
smarcad1b	5.88988610406019e-14	0.408243715794311	0.169	0.05	8.55800450919946e-10
rab41	6.75745404974101e-14	0.663556239806947	0.398	0.212	9.81858073427368e-10
purab	6.95249071627056e-14	0.501947594485904	0.229	0.082	1.01019690107411e-09
rbm4.3	7.29377484920994e-14	0.580726320698897	0.871	0.748	1.0597854855902e-09
cbx5	7.6788364111332e-14	0.544355660421157	0.781	0.607	1.11573493053765e-09
kif5ba.1	7.69101624363719e-14	0.444542605798305	0.174	0.051	1.11750466020048e-09
daam1b	7.73881818749807e-14	0.296272572332551	0.114	0.025	1.12445028264347e-09
myh14	1.10876822886517e-13	0.298849270231972	0.109	0.023	1.61104023654109e-09
ankrd46b	1.12051587674333e-13	0.489524896896522	0.229	0.084	1.62810956890806e-09
kif1b	1.15871666150651e-13	0.423415880737095	0.144	0.037	1.68361530916896e-09
si:ch211-241b2.1	1.38585666750538e-13	0.432052596123908	0.184	0.058	2.01364973788532e-09
cep170aa	1.40382239360823e-13	0.467734122447569	0.204	0.07	2.03975393791276e-09
rogdi	1.49488062344114e-13	0.525868096263365	0.303	0.134	2.17206154585998e-09
si:ch211-276i12.9	1.50010915123237e-13	0.649365423040326	0.557	0.381	2.17965859674063e-09
asphd2	1.57085629473548e-13	0.401213910290631	0.144	0.038	2.28245419625065e-09
btbd10a	1.61048674024429e-13	0.51435906141669	0.234	0.088	2.34003723357496e-09
ccdc106a	1.90025890520133e-13	0.321358459567383	0.119	0.027	2.76107618925753e-09
max	2.10326924455925e-13	0.666148349293169	0.587	0.43	3.05605021234459e-09
cct4	2.13156461788397e-13	0.527081558819505	0.881	0.761	3.0971633897854e-09
atp6v1d	2.1480051840767e-13	0.570567608584615	0.264	0.107	3.12105153246344e-09
phf20a	2.14987875673022e-13	0.363354431270192	0.144	0.038	3.123773833529e-09
tmeff2a	2.4770163662766e-13	0.705924944870609	0.194	0.064	3.5991047801999e-09
gabarapa	2.68383139318502e-13	0.673170731199591	0.542	0.367	3.89960701429784e-09
MARK4	2.93147235199108e-13	0.433688915470607	0.174	0.053	4.25942932744304e-09
skp1	3.1422860406919e-13	0.486592032330512	0.856	0.79	4.56574161712533e-09
ap3m2	3.43141503945781e-13	0.495258488431393	0.328	0.145	4.98584605233219e-09
cdr2l	3.54327092596266e-13	0.511164481772752	0.259	0.103	5.14837265542375e-09
elob.1	3.68222008312506e-13	0.690494831359501	0.572	0.416	5.35026578078071e-09
map1lc3b	3.74740900577838e-13	0.527955369507384	0.721	0.554	5.44498528539599e-09
mospd1	4.50355750306802e-13	0.560263632779912	0.348	0.171	6.54366905195783e-09
rnft2	5.23645690622783e-13	0.368123368090361	0.129	0.032	7.60857188474904e-09
agbl5	5.37261671103562e-13	0.370237431830605	0.114	0.026	7.80641208113476e-09
roraa	5.5679131358187e-13	0.369580197039676	0.124	0.03	8.09017778634457e-09
pdlim5a	5.70068014992139e-13	0.534816661502303	0.259	0.099	8.28308825783577e-09
sipa1l2	6.19269661178116e-13	0.384836452086315	0.124	0.031	8.99798817691803e-09
calm2b	7.17450986089607e-13	0.57708020465333	0.93	0.874	1.0424562827882e-08
znf827	9.52774755641952e-13	0.517345080617391	0.184	0.061	1.38438171994776e-08
inpp4aa	1.03306218607722e-12	0.383754602170987	0.129	0.033	1.5010393563702e-08
gpc1a	1.17955392340032e-12	0.251270253173499	0.104	0.022	1.71389185070066e-08
prkab1a	1.18757608568591e-12	0.471539460778865	0.204	0.073	1.72554805250162e-08
tmed7	1.23880213435478e-12	0.471067714444223	0.716	0.57	1.79997950121749e-08
zgc:56304	1.57062958547108e-12	0.565810998544627	0.612	0.447	2.28212478768948e-08
mcrip1	1.6243578789381e-12	0.610854534590252	0.423	0.253	2.36019199809706e-08
znf281b	1.81192686182785e-12	0.366044620141871	0.129	0.034	2.63272973023587e-08
zgc:111986	1.85713382017391e-12	0.638468659109436	0.607	0.456	2.6984154407127e-08
calm3a	1.95017965781054e-12	0.605152254075168	0.368	0.192	2.83361104279872e-08
elof1	1.97877966109422e-12	0.604625373298332	0.677	0.542	2.8751668475699e-08
nrp2a	1.99914815631618e-12	0.465433572928229	0.209	0.076	2.90476227112741e-08
cct3	2.01657846691868e-12	0.500339519305459	0.856	0.719	2.93008851243284e-08
flrt3	2.39432685759614e-12	0.466229342538993	0.274	0.117	3.47895692408719e-08
rab11a	2.46880231779476e-12	0.592642353928022	0.577	0.421	3.58716976775579e-08
tnip1	2.60760549503698e-12	0.490074714965021	0.249	0.102	3.78885078428873e-08
arrdc3b	3.39104689683276e-12	0.604461684449188	0.721	0.57	4.927191141098e-08
rsrc2	3.51251571817055e-12	0.641227577529965	0.478	0.316	5.10368533850181e-08
ndufa4	3.5200427079967e-12	0.467663964327122	0.164	0.05	5.11462205471921e-08
kdm6ba	3.74040345721567e-12	0.521578656154215	0.279	0.123	5.43480622333436e-08
mycbp2	4.22158201129264e-12	0.42531682136096	0.209	0.078	6.1339586624082e-08
appb	4.97328784222572e-12	0.453521649890119	0.428	0.229	7.22618723475397e-08
clcn4	5.12004297499449e-12	0.407674695588856	0.164	0.051	7.43942244266699e-08
si:ch211-284f22.3	5.13633666778036e-12	0.701605245262388	0.338	0.172	7.46309717828486e-08
dpysl5b	5.58461127642193e-12	0.267968993579589	0.1	0.021	8.11444018464106e-08
gpr63	6.64307125356229e-12	0.292890246125027	0.109	0.026	9.652382531426e-08
si:dkey-22o12.2	7.73077877140499e-12	0.391978669412597	0.114	0.028	1.12328215548515e-07
zgc:77880	8.17988777422973e-12	0.386917005351253	0.169	0.055	1.18853769359558e-07
ppp3r1b	8.30820256456785e-12	0.708761345599439	0.512	0.365	1.20718183263171e-07
arhgef4	8.62237152406933e-12	0.397224541427954	0.184	0.063	1.25283058244727e-07
bcl2l10	9.68903074231162e-12	0.543985446191823	0.468	0.289	1.40781616685788e-07
heca	9.75745317461157e-12	0.336382365586043	0.129	0.035	1.41775794627106e-07
spen	1.25398042679503e-11	0.565838776645864	0.308	0.151	1.82203356013318e-07
mtfr1l	1.38560190140776e-11	0.506527897627663	0.234	0.098	2.01327956274547e-07
dynll1	1.43893953099028e-11	0.406482565305784	0.965	0.859	2.09077913852888e-07
pnrc2	1.50432467259699e-11	0.336410102258107	0.98	0.939	2.18578374928343e-07
tcea1	1.66529365531091e-11	0.674057656862648	0.567	0.458	2.41967168116675e-07
mapk7	1.66801305176044e-11	0.314088544764693	0.114	0.029	2.42362296420793e-07
casc4	1.83246200836805e-11	0.335670801467223	0.109	0.027	2.66256729815878e-07
atp6v1c1a	1.9372757284881e-11	0.588846411442005	0.338	0.177	2.81486163349321e-07
dctn2	2.02207184705681e-11	0.364499761827035	0.642	0.455	2.93807039377354e-07
slc35g2a	2.13326850649447e-11	0.721644678280455	0.169	0.055	3.09963913993646e-07
mapk8ip3	2.42602534658176e-11	0.270626996830071	0.1	0.023	3.5250148285833e-07
map1ab	2.66240404885825e-11	0.452727419000099	0.104	0.025	3.86847308299104e-07
ankrd54	2.76349185793168e-11	0.488650213435883	0.333	0.175	4.01535366957473e-07
phc2a	2.91348930658215e-11	0.572752444973344	0.358	0.195	4.23329996246386e-07
tada3l	3.19593961617761e-11	0.505022301086841	0.229	0.096	4.64370026230607e-07
ola1	3.20728941905716e-11	0.46494652670743	0.766	0.655	4.66019152589005e-07
nptnb	3.31871470717145e-11	0.291027191086579	0.109	0.027	4.82209246952012e-07
dynlrb1	3.4150651633315e-11	0.395238546692867	0.826	0.691	4.96208968232067e-07
si:ch73-119p20.1	3.65659514365729e-11	0.25422106280152	0.1	0.023	5.31303274373404e-07
meis2a	3.84807617472913e-11	0.334385522571717	0.104	0.025	5.59125468188142e-07
tox3	3.89525097134833e-11	0.394986531982603	0.199	0.073	5.65979966136913e-07
efna2b	4.07377184572965e-11	0.487773123782763	0.184	0.066	5.91919049184518e-07
polr3glb	4.40025400674891e-11	0.57812704748142	0.318	0.166	6.39356907180616e-07
smarcb1b	5.15019152854738e-11	0.643923276660871	0.473	0.323	7.48322829097935e-07
brd4	6.41816655487464e-11	0.528934701383896	0.338	0.185	9.32559600423285e-07
bod1	7.99830671088178e-11	0.58171435288965	0.358	0.206	1.16215396509112e-06
elavl1b	8.04049153454507e-11	0.51047868656383	0.284	0.139	1.1682834199694e-06
madd	8.33618206780723e-11	0.29911948656617	0.109	0.028	1.21124725445239e-06
rarab	9.02833411755677e-11	0.513242991120889	0.179	0.066	1.311816947281e-06
proser1	1.01597333515709e-10	0.406686239566365	0.159	0.054	1.47620925598325e-06
enoph1	1.02186851226799e-10	0.502416233642486	0.254	0.118	1.48477494832539e-06
marcksl1a	1.03838592258772e-10	0.473615951466454	0.498	0.313	1.50877474551995e-06
nxn	1.11276602403387e-10	0.496750635382224	0.224	0.093	1.61684903292121e-06
homezb	1.17133291515022e-10	0.39615431372056	0.164	0.057	1.70194672571327e-06
rcan1a	1.23586668670875e-10	0.569460186648256	0.388	0.227	1.79571429578781e-06
zgc:113348	1.35689597972339e-10	0.313137331176075	0.124	0.035	1.97156985853809e-06
hoxb2a	1.38767542012924e-10	0.48832597744733	0.254	0.113	2.01629238544779e-06
srgap3	1.41871358397985e-10	0.578355462163388	0.244	0.107	2.06139083752273e-06
csnk2b	1.50717604127926e-10	0.449641276314522	0.846	0.785	2.18992678797876e-06
polr2d	1.56281411867964e-10	0.534307876518277	0.652	0.523	2.27076891444152e-06
ppp1r9ba	1.72373083610458e-10	0.366980192352753	0.124	0.036	2.50458090485996e-06
pcnp	1.7952641416956e-10	0.491840440309045	0.383	0.226	2.60851879788371e-06
fam133b	2.09335242002973e-10	0.556784029353733	0.652	0.524	3.0416410663032e-06
msl2b	2.18262534079827e-10	0.371321662110027	0.174	0.063	3.17135462017989e-06
LEPROTL1	2.20987748193514e-10	0.479490195588438	0.557	0.4	3.21095198125176e-06
usp12a	2.46878688504656e-10	0.354703188635902	0.159	0.055	3.58714734397265e-06
si:zfos-80g12.1	2.53560566074576e-10	0.337257590185585	0.114	0.031	3.68423502506359e-06
trim8b	2.67914842370635e-10	0.33932763022487	0.139	0.044	3.89280265964533e-06
hes6	2.70406523345675e-10	0.593152661310942	0.303	0.155	3.92900678421266e-06
pfdn5	2.78058008181531e-10	0.581572264696075	0.562	0.428	4.04018285887764e-06
eif3m	2.95149736765404e-10	0.404493245355966	0.965	0.892	4.28852567520132e-06
bud31	3.00347533093661e-10	0.463696383272416	0.751	0.628	4.3640496558509e-06
rbfox1	3.11041662429495e-10	0.740110270900098	0.289	0.139	4.51943535510056e-06
mbd3a	3.15144328058636e-10	0.601477236171746	0.532	0.406	4.57904708669198e-06
golga7	3.38767309420981e-10	0.514709339851697	0.662	0.537	4.92228900588685e-06
drap1	3.42776652404808e-10	0.483308748371824	0.706	0.615	4.98054475944186e-06
maea	3.63244164670147e-10	0.430665763206282	0.194	0.077	5.27793771265723e-06
bcl7a	3.65410444110143e-10	0.548146824133256	0.423	0.27	5.30941375292037e-06
eno1a	3.70471287423377e-10	0.616102328602929	0.373	0.214	5.38294780626167e-06
FOXK2	3.85639921074851e-10	0.581741714281509	0.368	0.221	5.60334805321759e-06
sfpq	4.02946992143527e-10	0.653130847408337	0.498	0.366	5.85481979584545e-06
spsb4a	4.12452846870045e-10	0.48218125758852	0.234	0.104	5.99293986502175e-06
cmip	4.20522678701709e-10	0.425166535024641	0.179	0.068	6.11019452153582e-06
oxct1a	5.10193034018768e-10	0.447239762088318	0.174	0.066	7.4131047842927e-06
larp6a	6.0609481620343e-10	0.443662165491877	0.194	0.078	8.80655767943585e-06
hnrnpk	6.10950060077157e-10	0.483368635396363	0.682	0.56	8.87710437292109e-06
adprhl2	6.76102047030785e-10	0.322072553143082	0.124	0.038	9.82376274335731e-06
snrpd2	7.17078015005571e-10	0.401139027822778	0.831	0.651	1.04191435580309e-05
h2afva	7.2331851250394e-10	0.392141656293397	0.836	0.679	1.05098179866823e-05
pde7a	7.46154720504485e-10	0.450609271757189	0.229	0.101	1.08416280889302e-05
tenm3	7.48805013303566e-10	0.8210900974778	0.378	0.227	1.08801368433008e-05
irx3a	8.27768681377234e-10	0.342340974490166	0.124	0.037	1.20274789404112e-05
arl6ip4	8.46497708809478e-10	0.520708449387731	0.254	0.124	1.22996117090017e-05
ywhabb	8.96702561335198e-10	0.390572857698996	0.831	0.763	1.30290882162004e-05
cbx3a	9.45755376492276e-10	0.49002369119418	0.672	0.523	1.37418256204328e-05
g3bp1	1.01249022560105e-09	0.747349901611658	0.398	0.259	1.47114829779832e-05
ccdc85b	1.02871725461561e-09	0.466643822216378	0.259	0.124	1.49472617095648e-05
ldha	1.11208230394554e-09	0.562433183022396	0.244	0.114	1.61585558763287e-05
si:dkeyp-87e7.4	1.17609665384212e-09	0.470922132472804	0.254	0.123	1.7088684380326e-05
ppiab	1.17672711085005e-09	0.359564639171839	0.995	0.977	1.70978449206512e-05
rhoac	1.18338105976713e-09	0.491129293639912	0.662	0.571	1.71945267984164e-05
tmem47	1.29407171794523e-09	0.366192985557128	0.139	0.046	1.88028620617442e-05
kdm2ba	1.39847662034612e-09	0.471758438337848	0.274	0.137	2.03198652936292e-05
brd1b	1.59215347399722e-09	0.450517920610248	0.204	0.088	2.31339899771796e-05
ssu72	1.66279636242542e-09	0.666161496356867	0.448	0.32	2.41604311460414e-05
pip4p1a	1.96031974559208e-09	0.408460359598222	0.179	0.07	2.84834459034529e-05
rps27.2	2.04014313087679e-09	0.302827702798949	0.99	0.965	2.96432796916397e-05
akap8l	2.24790908515802e-09	0.618313532343306	0.547	0.429	3.2662119007346e-05
srsf4	2.42689049262321e-09	0.542829498604688	0.527	0.406	3.52627188578153e-05
strap	2.49020947072929e-09	0.545298130532724	0.418	0.284	3.61827436096965e-05
nexmifb	2.51980472970099e-09	0.287246551840327	0.104	0.029	3.66127627225554e-05
arid1ab	2.60473723045887e-09	0.468393932988321	0.199	0.085	3.78468319585674e-05
rnf38	2.95497540469207e-09	0.355137670965341	0.149	0.053	4.29357926301757e-05
yod1	2.97613322669023e-09	0.375548779680309	0.159	0.059	4.3243215783809e-05
rbm8a	3.47418886828659e-09	0.375453470434679	0.866	0.762	5.04799642562041e-05
ip6k2a	3.49688091294421e-09	0.46079533228392	0.323	0.177	5.08096796650793e-05
dclre1b	3.5682050023778e-09	0.46797852173386	0.174	0.07	5.18460186845494e-05
scml2	4.32127911773973e-09	0.539335000065702	0.318	0.179	6.27881855807583e-05
mapre1b	4.34664557784699e-09	0.585180082635306	0.542	0.446	6.31567602461167e-05
ppp3ccb	4.34949172828754e-09	0.3520303435279	0.129	0.042	6.31981148120179e-05
palm1b	4.48976850750621e-09	0.399276363019376	0.463	0.287	6.52363364140653e-05
ldb1a	4.49622352938026e-09	0.56041871703043	0.393	0.252	6.53301278818952e-05
rbfox2	4.76562066861987e-09	0.550398912828647	0.363	0.226	6.92444683150467e-05
slc7a6os	4.8969344759515e-09	0.460462119597276	0.274	0.141	7.11524579355753e-05
srsf5a	4.92807498648625e-09	0.372669653922949	0.846	0.747	7.16049295536453e-05
insm1b	4.94544242581543e-09	0.366463160691344	0.209	0.085	7.18572784470982e-05
wtap	5.24083708698078e-09	0.544809369021557	0.403	0.265	7.61493628738308e-05
ndel1a	5.42933350019955e-09	0.374229753754222	0.194	0.08	7.88882157578994e-05
itm2cb	5.61479281992242e-09	0.397577548936264	0.169	0.066	8.15829396734728e-05
akt1s1	5.8123510629221e-09	0.522347428494006	0.468	0.331	8.44534609442581e-05
morn4	6.05756120678507e-09	0.29514064333235	0.119	0.037	8.8016364334587e-05
cdc42	6.20190634412455e-09	0.416680742731954	0.776	0.735	9.01136991801297e-05
fmnl2b	6.32083484122297e-09	0.350649651114922	0.124	0.041	9.18417302429697e-05
cab39l	6.33269580849459e-09	0.580116970360421	0.408	0.273	9.20140700974263e-05
lsm12b	6.50779810443609e-09	0.526012804665569	0.657	0.589	9.45583064574564e-05
egr4	6.56216195411731e-09	0.732974876008129	0.244	0.111	9.53482131933245e-05
rsl24d1	7.23740851577358e-09	0.266406200171038	0.945	0.945	0.00010515954573419
snrnp27	7.64742498268351e-09	0.477111850185119	0.552	0.435	0.000111117084998391
gdf11	8.23826083487264e-09	0.368453014555985	0.139	0.049	0.000119701929930699
slc35g2b	8.35482704489841e-09	0.26171206849355	0.119	0.037	0.000121395636962374
ccdc50	8.50976624938884e-09	0.279407398067398	0.104	0.03	0.00012364690360362
rnf175	8.84297004975451e-09	0.377778845499101	0.229	0.106	0.000128488354822933
zgc:66160	9.55087078632874e-09	0.512417227421898	0.308	0.176	0.000138774152525357
tpi1b	9.85343393503487e-09	0.627053506866653	0.502	0.358	0.000143170395076057
hrasa	1.18931487973213e-08	0.362516485348523	0.174	0.07	0.000172807452025078
pygo2	1.21295729119257e-08	0.322293906979875	0.129	0.044	0.00017624269441028
snrpd3l	1.23467111779497e-08	0.505227168476968	0.602	0.479	0.000179397713415609
kdm5bb	1.27286434754363e-08	0.400362196929846	0.204	0.091	0.000184947189698089
camlg	1.28561473236217e-08	0.450351277494224	0.269	0.144	0.000186799820612223
sh3glb2b	1.4600885620491e-08	0.354317645090578	0.358	0.203	0.000212150868065734
clgn	1.48198122144571e-08	0.417293185116365	0.299	0.165	0.000215331871476061
selenot2	1.52030274960054e-08	0.392253599109311	0.537	0.404	0.000220899989516958
runx1t1	1.61873757009228e-08	0.353273773850681	0.144	0.053	0.000235202568934408
ric8a	1.67219998939427e-08	0.388167760387979	0.194	0.083	0.000242970658458987
fus	1.71712211016323e-08	0.587866471498705	0.418	0.291	0.000249497842606717
luc7l	1.72973393852699e-08	0.520221631288703	0.333	0.204	0.000251330341267971
fzr1a	1.73702717500553e-08	0.495707924733974	0.328	0.193	0.000252390048528303
ptgr1	1.81618880720783e-08	0.457398784592647	0.587	0.459	0.000263892233687297
gpatch11	1.87010204854552e-08	0.483667859384854	0.299	0.171	0.000271725827653664
ppp2cb	1.89916756146654e-08	0.475849878370669	0.781	0.72	0.000275949046681089
ywhaba	1.90111162233054e-08	0.376570020426228	0.871	0.84	0.000276231518724628
synrg	1.94956700439878e-08	0.294904992072755	0.104	0.031	0.000283272085739143
BX005085.7	1.99951072337393e-08	0.281599051285678	0.119	0.039	0.000290528908106232
ik	2.04898818564562e-08	0.504436078702171	0.448	0.319	0.000297717983374308
tmem198a	2.25211897443231e-08	0.300232778602322	0.109	0.034	0.000327232886985015
kpna1	2.26515335246075e-08	0.386702071151043	0.209	0.096	0.000329126782112547
rfxap	2.35723662398964e-08	0.477884659568012	0.363	0.225	0.000342506481465695
dclk1a	2.36125510584879e-08	0.29547394282356	0.149	0.055	0.000343090366879829
snrpd1	2.57636803740059e-08	0.34770641819485	0.756	0.575	0.000374346275834305
atp2b1a	2.59630287415224e-08	0.465228635841917	0.303	0.169	0.000377242807614321
actr1	2.89937694725692e-08	0.446390777389777	0.468	0.329	0.000421279470436431
seta	2.96476685255188e-08	0.35085801960682	0.871	0.77	0.000430780623675788
cldnd1a	3.02961271342599e-08	0.280224923489802	0.114	0.037	0.000440202727260796
desi1a	3.24028408604843e-08	0.321885367822764	0.159	0.063	0.000470813277702837
cfl1	3.3717788284699e-08	0.257286607376312	1	0.977	0.000489919463776676
u2af2b	3.39672508439215e-08	0.479982930939231	0.577	0.472	0.000493544154762179
man2a2	3.59981012577725e-08	0.358174949406132	0.174	0.073	0.000523052411275434
ptbp3	3.60820337782302e-08	0.433103183249343	0.229	0.113	0.000524271950797685
bsg	3.6499101246012e-08	0.370965215805852	0.891	0.865	0.000530331941104554
pik3ip1	3.70901350126423e-08	0.50403627602765	0.333	0.19	0.000538919661733693
cct7	3.80059407540314e-08	0.370230102269744	0.886	0.798	0.000552226319156077
fnbp4	4.0007459507013e-08	0.455736890109656	0.294	0.168	0.000581308386636899
trappc6b	4.04060657803985e-08	0.386430466285314	0.209	0.097	0.00058710013578919
gtf2a1	4.05292530383665e-08	0.563299312123869	0.363	0.238	0.000588890046647465
emc9	4.53595327544287e-08	0.45195908053119	0.328	0.202	0.000659074010921848
arid1b	4.67207703064892e-08	0.334824989721126	0.144	0.055	0.000678852792553289
tmbim4	4.74678243813345e-08	0.43400362383047	0.348	0.213	0.00068970748826079
ing2	4.87565299625058e-08	0.397803911445566	0.239	0.121	0.00070843238035521
ppm1la	5.11948625594299e-08	0.483605899900518	0.294	0.167	0.000743861352988517
CABZ01113192.1	5.2088058679444e-08	0.423024937219911	0.199	0.093	0.000756839492612321
CABZ01072083.2	5.39656851945213e-08	0.273716323602931	0.129	0.046	0.000784121405876394
clasp2	5.67204447630394e-08	0.350430947684554	0.164	0.067	0.000824148062406963
yeats4	5.92935407074311e-08	0.505262444060656	0.413	0.294	0.000861535146478974
senp3b	6.1690365204336e-08	0.286982879397541	0.124	0.044	0.000896361006419002
kmt2bb	6.23982709670684e-08	0.549836508482852	0.443	0.324	0.000906646877151503
srrm1	6.45296013017807e-08	0.496305450409289	0.343	0.22	0.000937615106914873
b3galt2	6.60868075291518e-08	0.47321256696621	0.234	0.116	0.000960241313398576
clstn1	6.60903465711165e-08	0.404480923360399	0.269	0.137	0.000960292735678323
phf10	7.27555529261966e-08	0.513025373094477	0.313	0.192	0.00105713818401764
lrp12	7.45449129279411e-08	0.302019017621633	0.114	0.039	0.00108313758484298
zgc:101130	7.50569267193992e-08	0.269442554616704	0.109	0.036	0.00109057714523287
lgmn	7.58804519147804e-08	0.396420777361502	0.348	0.209	0.00110254296632176
foxo3a	7.73167446460215e-08	0.297992956993954	0.119	0.041	0.00112341229970669
calr	7.88255228267715e-08	0.430509297738888	0.781	0.699	0.00114533484667299
btbd2a	7.98016758741794e-08	0.275769686037434	0.114	0.038	0.00115951835045183
sumo1	8.61241076995878e-08	0.453375300022813	0.647	0.555	0.00125138328487501
znf346	8.67666158206531e-08	0.512677564957692	0.373	0.249	0.00126071892787409
abhd17c	8.83500270103538e-08	0.424457012742561	0.259	0.141	0.00128372589246044
smg7	1.00854376966438e-07	0.409346466585188	0.254	0.137	0.00146541409732234
pisd	1.15628636106996e-07	0.358142921005785	0.174	0.075	0.00168008408263466
ppp1cab	1.17427044230306e-07	0.503469036692994	0.483	0.371	0.00170621495266634
hoxc3a	1.27580802488988e-07	0.668731619642574	0.308	0.182	0.001853749060165
caskb	1.30171049351226e-07	0.359518573942508	0.214	0.104	0.00189138534707331
smap1	1.39987058119485e-07	0.460317655409175	0.214	0.106	0.00203401195447611
phf14	1.40625828525737e-07	0.462398396048225	0.244	0.131	0.00204329328847896
phf21ab	1.43523256295062e-07	0.31941630848123	0.129	0.048	0.00208539291396725
mff	1.45118367717748e-07	0.464380508842984	0.333	0.212	0.00210856988293888
ccdc6a	1.47975936527843e-07	0.438112370784172	0.259	0.143	0.00215009035774957
get4	1.58368777561943e-07	0.419977197232011	0.343	0.219	0.00230109833797504
cnih1	1.60677733991404e-07	0.543964337531918	0.507	0.412	0.0023346474748951
flot2a	1.61512113746528e-07	0.455557443402376	0.303	0.178	0.00234677101273705
syf2	1.62567554389825e-07	0.451032669128506	0.597	0.52	0.00236210656528416
cct5	1.63005978997198e-07	0.312857772591667	0.925	0.837	0.00236847687482928
zc2hc1a	1.70896427470396e-07	0.377608254001151	0.194	0.091	0.00248312509114485
tcp1	1.71397367619546e-07	0.348137326506293	0.856	0.784	0.002490403751512
fam122b	1.80027011219491e-07	0.34643378445561	0.139	0.055	0.00261579247301921
zgc:56676	1.80479624341839e-07	0.440104241657415	0.552	0.444	0.00262236894168692
nbeaa	1.81684731926123e-07	0.260518287888796	0.104	0.034	0.00263987915488657
spag7	1.84946470535814e-07	0.446746105900206	0.423	0.306	0.00268727221688537
nsd3	1.89211146442454e-07	0.29938360063976	0.139	0.055	0.00274923795780885
eno2	1.89945740567536e-07	0.292107213034396	0.134	0.049	0.00275991161044629
apoob	1.90687723012319e-07	0.395125954225834	0.239	0.125	0.002770692615369
uba1	1.95003224178204e-07	0.558415495585178	0.468	0.368	0.00283339684730931
tp53inp1	2.06284746739401e-07	0.34165025453764	0.249	0.129	0.00299731737012349
si:dkey-46a10.3	2.20457820485297e-07	0.500279214250283	0.373	0.249	0.00320325213165137
ubtfl	2.20618006416251e-07	0.430650967923483	0.249	0.133	0.00320557963322812
cct2.1	2.25263019117204e-07	0.358684058684062	0.866	0.784	0.00327307166777298
si:ch73-109d9.2	2.4241748434991e-07	0.341784295203699	0.179	0.082	0.00352232604760419
ap3s2	2.4441100067148e-07	0.532632363459002	0.413	0.296	0.0035512918397566
myef2	2.44733631033393e-07	0.539902756177168	0.463	0.358	0.0035559796589152
pias4a	2.51370795289247e-07	0.547888309915269	0.318	0.206	0.00365241765555276
ndrg3a	2.55910863254637e-07	0.553981954803457	0.308	0.185	0.00371838484308988
znf410	2.75306986196182e-07	0.440335462050194	0.244	0.132	0.00400021050943053
CABZ01080702.1	2.8480295794137e-07	0.428599029300519	0.483	0.355	0.0041381869788881
lpgat1	3.17838690652917e-07	0.356681152443936	0.149	0.063	0.00461819617518688
ttll1	3.19354821040848e-07	0.260069378825995	0.109	0.038	0.00464022554972352
psmd8	3.36294331109668e-07	0.41332293667249	0.637	0.535	0.00488635663102348
mat2b	3.40381953113307e-07	0.310884650697891	0.149	0.062	0.00494574977873635
tmtc4	3.47300864029534e-07	0.356707624978382	0.159	0.069	0.00504628155434912
zgc:154164	3.47922253911216e-07	0.401776423960427	0.184	0.084	0.00505531034932996
celf4	3.49801561058796e-07	0.431571473265975	0.179	0.08	0.00508261668218431
kdm5c	3.67362833976114e-07	0.49542030611725	0.244	0.133	0.00533778197767294
ccdc124	3.88840195502133e-07	0.450870876822823	0.378	0.262	0.00564984804064599
sept15	3.93259454276707e-07	0.392038333653974	0.403	0.276	0.00571405987064055
khsrp	3.94019983852535e-07	0.433259522678069	0.557	0.439	0.00572511036537734
hnrnpua	4.00247934067307e-07	0.492824349373539	0.249	0.14	0.00581560248199797
sox4b	4.06094936371185e-07	0.310407864165101	0.159	0.067	0.00590055942547332
dedd	4.09217318056652e-07	0.38061115721769	0.204	0.102	0.00594592763136315
selenot1a	4.74175964519002e-07	0.48193728441641	0.527	0.437	0.0068897767644611
si:dkeyp-44a8.2	4.99811313637995e-07	0.404548546897798	0.373	0.255	0.00726225838716007
zdhhc16a	5.13318144349928e-07	0.312606564587627	0.144	0.06	0.00745851263740446
chd6	5.22376262121366e-07	0.363663587693317	0.199	0.098	0.00759012708862344
rps6kc1	5.38353774039526e-07	0.331191895863506	0.159	0.07	0.00782228033679431
gpkow	5.39886598718252e-07	0.446993264332534	0.284	0.173	0.0078445522793762
memo1	5.49095137469834e-07	0.341530762721785	0.144	0.06	0.00797835234743669
snrpa	5.83252412543818e-07	0.455038031007564	0.512	0.412	0.00847465755426167
ebf1a	6.43616304340826e-07	0.344848704790061	0.159	0.07	0.00935174490207221
kpna4	6.75981223351476e-07	0.412040020075878	0.348	0.234	0.00982200717529694
trir	7.09140035118842e-07	0.495925527148167	0.418	0.321	0.0103038047102768
nr2c1	7.66370746385079e-07	0.351676841932067	0.174	0.082	0.0111353669449752
rpl14	7.75806963463191e-07	0.25460992275627	0.99	0.965	0.0112724751791202
ankrd11	7.77969975158025e-07	0.46488375840617	0.473	0.369	0.0113039037390461
phc2b	8.06676291678428e-07	0.503964470988537	0.194	0.097	0.0117210065180876
npm1b	8.43728005774411e-07	0.50525033762201	0.308	0.204	0.0122593679239022
creb1a	8.89162472495195e-07	0.45990692692466	0.353	0.237	0.0129195307253552
mta2	9.00279468003874e-07	0.455613493298178	0.294	0.182	0.0130810606700963
puf60b	9.93439998225766e-07	0.467487565446751	0.468	0.371	0.0144346831742204
ppig	1.09852670900176e-06	0.496430879040865	0.413	0.31	0.0159615930817956
trappc1	1.20427815695776e-06	0.41645080199344	0.453	0.354	0.0174981616205963
CTBP1	1.21213872300176e-06	0.43544220090865	0.299	0.182	0.0176123756452156
ubtd2	1.21458683863594e-06	0.399297069892456	0.259	0.15	0.0176479467653801
zgc:110158	1.23000761884538e-06	0.387671262230729	0.179	0.086	0.0178720107018233
ddx39b	1.23055275036295e-06	0.290490368906237	0.139	0.058	0.0178799314627736
pabpn1	1.26402518341736e-06	0.390477262388882	0.607	0.522	0.0183662859150542
spcs3	1.26586827654358e-06	0.390185717173587	0.667	0.596	0.0183930660581782
pbx3b	1.37538495740278e-06	0.592063877600022	0.204	0.103	0.0199843434310623
stox2b	1.37819081640238e-06	0.298016292209346	0.139	0.059	0.0200251125623266
tra2a	1.39290328148933e-06	0.429641066002523	0.622	0.537	0.0202388846800399
rnf146	1.47354567266448e-06	0.451209154833451	0.264	0.156	0.0214106186238149
nsd1a	1.63983913560005e-06	0.343339891108262	0.139	0.059	0.0238268626402688
dynlt3	1.75949783111944e-06	0.378882557518923	0.632	0.567	0.0255655034861655
tardbpl	1.76930607223819e-06	0.428710666820874	0.512	0.427	0.0257080172296208
chtopa	1.82551985545449e-06	0.45783653792233	0.498	0.405	0.0265248034997537
scg3	1.83954248066299e-06	0.266815895676355	0.199	0.095	0.0267285522440332
tomm20b	1.86678732024606e-06	0.350371658617981	0.721	0.667	0.0271244197631753
hsbp1b	1.9736791368513e-06	0.385438064422027	0.617	0.57	0.0286775578584494
txnl4a	2.20943170897428e-06	0.409923944339026	0.438	0.334	0.0321030427313964
eif3i	2.29652286180136e-06	0.355144659973351	0.821	0.778	0.0333684771819738
papolg	2.30182660383331e-06	0.410145034897633	0.284	0.177	0.033445540553698
pspc1	2.42336947108134e-06	0.47953549942717	0.303	0.194	0.0352115584148119
aldocb	2.5895829150571e-06	0.624942081639506	0.279	0.163	0.0376266397557797
cdh2	2.65348396980499e-06	0.388462910439229	0.249	0.142	0.0385551220812664
cdk2ap2	2.78523191301558e-06	0.377063564153295	0.229	0.129	0.0404694196961164
dalrd3	2.83757861870116e-06	0.309722044558783	0.129	0.054	0.0412300173297278
si:ch211-209j10.6	2.88256787605049e-06	0.326310012855741	0.159	0.074	0.0418837112390136
sltm	2.98612367404775e-06	0.517123790516536	0.448	0.363	0.0433883769839138
ncoa2	3.0346272772544e-06	0.295890902514602	0.124	0.051	0.0440931343385065
zgc:77849	3.28841232891245e-06	0.357031400191312	0.617	0.531	0.0477806311390979
gb:bc139872	3.31802090747557e-06	0.366133043740316	0.234	0.132	0.0482108437856201
si:dkeyp-113d7.10	3.40169365470969e-06	0.284952165334923	0.129	0.055	0.0494266088029318
