gene	p_val	avg_log2FC	pct.1	pct.2	p_val_adj
slc32a1	0	2.63060066912131	0.628	0.005	0
slc6a5	0	1.84294228376977	0.442	0.001	0
nkx1.2lb	0	2.96951671670162	0.547	0.002	0
lhx1a	0	1.78064736030674	0.477	0.003	0
lhx5	4.79034728105651e-301	1.69626340776993	0.5	0.004	6.96037459937511e-297
gad1b	1.50269660192647e-264	1.80141155450971	0.372	0.002	2.18341816259916e-260
cplx2l	1.21756657636868e-212	3.12222962315477	0.791	0.038	1.76912423546369e-208
tal1	6.52603953871512e-200	2.11382053078679	0.372	0.005	9.48233544975306e-196
gad2	4.38884273784781e-187	1.53858089148965	0.395	0.007	6.37698849809287e-183
rbfox3a	4.64026299823251e-178	2.51186047824037	0.686	0.034	6.74230213643184e-174
hoxa9a	7.23502596698395e-155	2.04652722741106	0.372	0.008	1.05124927300277e-150
onecut1	8.22688432360246e-144	2.25796859236885	0.756	0.054	1.19536629221944e-139
slc6a1b	7.7737134567456e-140	2.17346818553009	0.36	0.009	1.12952056526514e-135
stx1b	2.15059346605444e-139	2.6820451181753	0.884	0.085	3.1248123061771e-135
golga7ba	2.06493326067181e-131	2.00350022149929	0.826	0.074	3.00034802775613e-127
sncb	1.34929654020355e-127	2.52874179058817	0.884	0.091	1.96052787291576e-123
snap25a	1.05226345436816e-123	3.22620017200397	0.767	0.072	1.52893879919693e-119
diras1a	1.11647065027209e-123	1.29443259771499	0.512	0.026	1.62223185484535e-119
grin1a	2.15651952811246e-120	1.02275090671128	0.279	0.006	3.1334228743474e-116
syt2a	3.9557866344845e-117	1.58269378266646	0.628	0.046	5.74775797990598e-113
hoxb9a	1.11797107559087e-116	2.00613545610466	0.349	0.011	1.62441197283353e-112
cacna2d3	5.0189292626513e-114	0.746127342688033	0.186	0.002	7.29250421863233e-110
cadm4	1.84531674634239e-111	1.66813619365719	0.756	0.071	2.68124523243549e-107
vsnl1a	2.19944335897271e-104	1.07212271862963	0.337	0.012	3.19579120058735e-100
nsg2	3.88007357442527e-104	3.18180024739029	0.977	0.164	5.63774690363992e-100
gng3	8.96349042235831e-104	2.66153812069951	0.942	0.135	1.30239515836866e-99
tubb2	4.35625570378073e-100	1.74204626106169	0.43	0.023	6.3296395375934e-96
hoxc10a	5.92218702015735e-100	1.57222366065585	0.291	0.009	8.60493774028862e-96
hoxb10a	7.99472649571566e-100	0.983209074019826	0.221	0.004	1.16163375982748e-95
nrxn3a	8.32728630870058e-100	0.528884149908972	0.128	0	1.20995470065419e-95
gnao1b	6.77548246643754e-97	1.27840189188612	0.465	0.029	9.84477602373375e-93
stmn2b	7.33353979743396e-97	2.06621412805157	0.872	0.114	1.06556333256715e-92
stxbp1a	5.84943538526761e-95	2.18980346098814	0.744	0.087	8.49922961479384e-91
camta1b	8.68454809121919e-95	1.36402369266089	0.43	0.025	1.26186483765415e-90
atcaya	2.71233471472213e-94	1.88228585761704	0.756	0.089	3.94102234049125e-90
elavl4	2.87112870816277e-94	3.15450278819032	0.93	0.147	4.1717500129605e-90
sypb	9.86835672260563e-93	1.46943591813684	0.512	0.038	1.4338722317946e-88
csdc2a	1.89378592035296e-91	1.92244793176878	0.767	0.098	2.75167094227285e-87
sall3b	3.91882131240388e-90	0.699322412253488	0.198	0.004	5.69404736692283e-86
gpm6aa	7.48661580117383e-90	1.93961142292183	0.779	0.1	1.08780527591056e-85
cbfa2t3	2.49527848992694e-83	0.839410351992614	0.279	0.011	3.62563964586384e-79
nova2	3.08336318414439e-83	2.93731378197214	1	0.244	4.4801267065618e-79
cnrip1a	1.89352994133372e-82	1.78493664195078	0.733	0.098	2.75129900475789e-78
elavl3	1.29579151452908e-81	2.14593560069145	1	0.179	1.88278507061075e-77
fez1	4.07195251046855e-81	1.89609578165664	0.767	0.107	5.9165469977108e-77
tmem59l	4.07361468393364e-81	2.19896433951916	0.849	0.146	5.91896213575558e-77
pcsk1nl	1.53173930594599e-80	1.52222800692465	0.628	0.067	2.22561721153952e-76
rundc3ab	1.20904271344694e-79	1.40093486409058	0.581	0.059	1.7567390626384e-75
nefma	2.04789891268521e-79	0.709884278552404	0.128	0.001	2.97559712013161e-75
nrxn1a	8.08379963750484e-79	1.61775537236521	0.535	0.051	1.17457608732945e-74
nptna	1.03665143469786e-78	1.3354740698362	0.395	0.026	1.50625453461599e-74
gata3	4.00801871405694e-78	2.32728310996846	0.419	0.031	5.82365119152473e-74
tmsb	6.6203486712416e-77	2.20232064130068	0.907	0.158	9.61936661931405e-73
eno2	4.43788878224779e-76	1.69520090416166	0.488	0.044	6.44825240060603e-72
calb2b	4.87421068297989e-76	2.10030098597658	0.233	0.008	7.08222812236978e-72
tmie	2.97141125806646e-75	0.93840846968596	0.337	0.019	4.31746055797056e-71
slc1a2b	6.48427064585262e-75	1.39900954143344	0.547	0.054	9.42164524842386e-71
scrt2	2.59080459708309e-74	1.41933693350989	0.523	0.049	3.76443907956173e-70
zgc:65894	7.91113196730995e-74	1.84292084032111	0.767	0.114	1.14948747485014e-69
si:ch211-215d8.2	1.47858799734477e-73	0.622821795020448	0.209	0.006	2.14838836014195e-69
mllt11	2.72333196362263e-73	1.89282328295562	0.779	0.117	3.95700134314368e-69
si:dkey-35i13.1	4.25108265810368e-73	1.0376003938692	0.349	0.021	6.17682310222465e-69
pax2b	5.60465212686562e-73	0.414543834278628	0.105	0.001	8.14355954033574e-69
vamp1	1.57752222273409e-72	1.60275434396226	0.337	0.02	2.29213978963264e-68
jagn1a	1.70968045077126e-72	1.58012759944938	0.651	0.085	2.48416569497064e-68
gng2	1.33948494263451e-71	2.21064190996157	0.965	0.228	1.94627162164794e-67
aig1	7.20582610306432e-71	0.956691443083235	0.36	0.024	1.04700653277525e-66
pik3r3b	8.41150715809559e-71	2.41203922471886	0.744	0.122	1.22219199007129e-66
sh3gl2a	9.42705659436198e-71	1.25931092737696	0.465	0.042	1.3697513231608e-66
stmn1b	1.8540748655231e-70	2.21870916164729	0.953	0.2	2.69397077960507e-66
tuba2	2.72280304927396e-69	1.54025583614502	0.698	0.096	3.95623283059506e-65
dclk1b	4.21432503669328e-69	1.31518630840877	0.5	0.051	6.12341427831533e-65
atp1a3a	5.66791922127354e-69	1.32595224352601	0.465	0.043	8.23548662851045e-65
myt1b	6.31162696278007e-69	1.92145245261743	0.709	0.107	9.17079397691944e-65
add2	7.59193353244411e-69	0.923889951180592	0.349	0.023	1.10310794226413e-64
si:dkeyp-75h12.5	1.39678948850772e-68	2.13533703609617	0.953	0.24	2.02953512680171e-64
clstn3	1.23661987839506e-67	0.945802667969722	0.314	0.018	1.79680868330802e-63
vamp2	8.86337168554387e-67	1.69410297435991	0.686	0.101	1.28784790590952e-62
lingo2a	9.39848508233389e-67	0.427219801155777	0.105	0.001	1.36559988246311e-62
ckbb	2.72388063677565e-65	2.90457361981775	0.988	0.319	3.95779856523502e-61
camk2d2	3.1167466539279e-65	1.07926176465127	0.395	0.032	4.52863288815725e-61
cdk5r2a	3.13332411164618e-65	1.11747777864248	0.326	0.021	4.5527199342219e-61
cadm3	4.28394153597539e-65	1.13872962268937	0.512	0.055	6.22456705177224e-61
glrbb	1.83079803925262e-64	0.964534836082965	0.337	0.023	2.66014955103406e-60
necap1	4.80416444885647e-64	1.43187476215117	0.581	0.074	6.98045094418845e-60
zgc:153426	6.16966450729498e-64	2.08197935939354	0.698	0.114	8.9645225290996e-60
si:dkey-56f14.7	6.61480169300504e-64	1.15902095435941	0.442	0.042	9.61130685993632e-60
stmn2a	1.08286566548809e-63	1.72726230205275	0.709	0.109	1.57340381195419e-59
inab	1.41734776705519e-63	0.57752422687213	0.198	0.007	2.05940630553119e-59
map1ab	2.59840075697974e-63	1.38753929990089	0.326	0.022	3.77547629989157e-59
pak1	2.73592077805328e-63	1.28185944726988	0.558	0.071	3.97529289051142e-59
rtn1a	2.06786459454724e-62	2.2116984309387	1	0.306	3.00460725587713e-58
rnasekb	7.58066067003467e-62	1.83015559595416	0.826	0.17	1.10146999535604e-57
zgc:101840	1.21269480193036e-61	1.47572431309448	0.674	0.101	1.76204554720482e-57
tmsb2	1.26477057653425e-61	1.92829624959437	0.593	0.082	1.83771164770427e-57
zgc:100920	1.56352962721957e-61	1.81572194802815	0.744	0.145	2.27180854835003e-57
sstr1a	2.25128135226926e-61	0.384891906848146	0.105	0.001	3.27111180484723e-57
map1aa	2.90401381112972e-61	2.00388053784996	0.57	0.078	4.21953206757149e-57
nmnat2	3.1440952107461e-61	1.20655079499228	0.453	0.046	4.56837034121409e-57
stmn4l	8.97086445738678e-60	1.47042351358	0.616	0.086	1.3034666056583e-55
nxph1	2.73100622712404e-59	1.43597692153526	0.267	0.016	3.96815204801123e-55
atpv0e2	4.48575143651309e-59	1.68352864672441	0.733	0.137	6.51779683725351e-55
id4	6.51045008965893e-59	1.8399227298888	0.605	0.092	9.45968398027443e-55
tuba1c	1.29433424919868e-57	2.85512924499746	0.977	0.353	1.88066766408568e-53
gas7a	2.88360810624649e-57	0.754093840792804	0.244	0.013	4.18988257837615e-53
dmrt3a	4.78038494668337e-57	2.28664935978685	0.105	0.001	6.94589932753093e-53
tmeff1b	1.00660624934195e-56	2.4875412301226	1	0.452	1.46259888029386e-52
si:dkey-12h9.6	1.44717226528517e-56	0.929034291099932	0.337	0.027	2.10274130145935e-52
apba2b	4.52565082802965e-56	1.02919740096209	0.395	0.038	6.57577065312708e-52
si:dkey-276j7.1	4.76329907617537e-56	2.41977840295643	0.988	0.433	6.92107355768281e-52
cetn2	5.07150919720121e-56	0.443730899420686	0.151	0.004	7.36890286353336e-52
rbfox3b	5.19821339049938e-56	0.461695654002763	0.128	0.003	7.5530040563956e-52
nell2b	7.28722238085976e-56	1.88463982320325	0.488	0.059	1.05883341193892e-51
ppp1r14ab	1.32092343918484e-55	1.63912789574535	0.512	0.065	1.91930175713557e-51
ywhah	5.19068264255999e-55	2.22531776698745	0.988	0.413	7.54206187963967e-51
rbfox1	5.65123230421731e-55	2.74027235040019	0.674	0.135	8.21124053802775e-51
glra1	5.85603298928278e-55	0.692962920770349	0.233	0.012	8.50881593342788e-51
si:dkey-153k10.9	7.30919028330481e-55	0.938164435693656	0.349	0.03	1.06202534816419e-50
map7d2b	1.31751426776732e-54	1.01589559727688	0.453	0.051	1.91434823106592e-50
zc4h2	1.70442825443381e-54	2.45358450905526	0.988	0.468	2.47653425369233e-50
basp1	2.30491074706445e-54	1.40814081265582	0.605	0.094	3.34903531548464e-50
tuba1a	9.59788921489102e-54	2.56611799389282	0.965	0.351	1.39457330292366e-49
epb41a	1.04486158417424e-53	1.90985559511575	0.721	0.148	1.51818388180517e-49
stap2a	1.33360732927381e-53	1.35046460695603	0.442	0.049	1.93773144943485e-49
CAMK2N1	7.59994294113891e-53	0.726930013367214	0.244	0.014	1.10427170934748e-48
amph	7.62393693033598e-53	0.835208720263589	0.337	0.029	1.10775803597782e-48
sypa	1.38452621439247e-52	1.16847913517328	0.349	0.032	2.01171658951226e-48
thsd7aa	2.89592772970549e-52	0.967442731168373	0.326	0.027	4.20778299126208e-48
pax2a	3.19175825232719e-52	1.17531316093684	0.198	0.009	4.6376247406314e-48
ctnna2	3.74747968653171e-52	1.17509609772862	0.512	0.069	5.44508798453058e-48
tspan7b	4.00929852164075e-52	1.33465077872398	0.605	0.098	5.82551075194401e-48
gnb5b	9.45398482006674e-52	0.65661837338944	0.233	0.013	1.3736639943557e-47
slc1a1	9.67359017615045e-52	0.631271083352215	0.209	0.01	1.40557265259466e-47
celf3a	1.55687640666672e-51	1.3698857914399	0.616	0.101	2.26214141888674e-47
chrna2a	2.18609558540076e-51	0.818207379914438	0.116	0.002	3.17639688558731e-47
carmil2	2.88057160687243e-51	0.94192202951787	0.395	0.041	4.18547054478565e-47
tspan13b	5.89806845941854e-51	0.916770910909891	0.419	0.048	8.56989347153513e-47
cplx2	9.21164130422426e-51	1.35924951010359	0.535	0.078	1.33845148150379e-46
syt11a	1.06770262734695e-50	1.35968143493388	0.581	0.09	1.55137191753511e-46
adam22	1.29345302828513e-50	0.908017118692938	0.314	0.026	1.87938725009829e-46
hmgb3a	1.77527619813396e-50	2.47253751498505	0.988	0.705	2.57947631588864e-46
ywhag1	4.23048305304873e-50	0.884434395730224	0.337	0.03	6.14689187607981e-46
cacng2a	5.3165361356743e-50	0.392137607195502	0.163	0.006	7.72492700513476e-46
ppp3cb	1.1422791994628e-49	0.979479528065895	0.291	0.023	1.65973167681945e-45
phyhiplb	1.43869913744253e-49	0.859350157317304	0.279	0.021	2.090429846704e-45
sncgb	7.6642303590431e-49	0.642004976464294	0.163	0.006	1.11361267116896e-44
si:dkey-81l17.6	1.74567839301067e-47	1.11499221795505	0.465	0.064	2.5364707050445e-43
sept3	3.60495457756485e-47	1.11960980761625	0.5	0.072	5.23799900120173e-43
tnrc6c2	1.10653410990371e-46	0.927988101124849	0.314	0.029	1.6077940616901e-42
sv2a	1.14185983148257e-46	0.762026363534555	0.256	0.018	1.65912233514417e-42
map1b	3.12083462206658e-46	1.47359822188716	0.43	0.055	4.53457270586273e-42
rab1bb	5.55591240273307e-46	1.07209103484712	0.442	0.059	8.07274072117114e-42
sprn	6.21361215492288e-46	0.764148845063734	0.221	0.014	9.02837846110294e-42
gpr85	6.43753544407981e-46	1.11551217219388	0.407	0.05	9.35373900024797e-42
tmed4	1.29554211219492e-45	1.12223717849724	0.616	0.116	1.88242268901922e-41
olfm1b	3.18976418836722e-45	1.12952768051797	0.512	0.077	4.63472736569757e-41
sall3a	3.4323437817834e-45	0.648715744656001	0.221	0.014	4.98719551493128e-41
elovl4a	2.96928310995261e-44	1.03729510425413	0.395	0.049	4.31436835876114e-40
FNDC10	3.61064669001862e-44	0.802895498732561	0.326	0.033	5.24626964059706e-40
rai1	5.20250203436094e-44	0.616178549016963	0.186	0.01	7.55923545592644e-40
pdzrn4	6.36266426393751e-44	0.436824751223642	0.105	0.002	9.2449511755012e-40
lbx1a	6.43617045919683e-44	0.565282504760011	0.105	0.002	9.351755677213e-40
gata2a	1.0451302434495e-43	1.31295460475832	0.302	0.029	1.51857424373212e-39
zgc:165603	1.87896851268707e-43	0.820218020732447	0.256	0.02	2.73014124893432e-39
chst1	1.96889644709027e-43	0.620289426043634	0.256	0.02	2.86080653762216e-39
ckmt1	2.83132387803276e-43	1.04087329809557	0.326	0.033	4.1139135947816e-39
atp6v0cb	3.57891701621626e-43	1.8779418485685	0.791	0.231	5.20016642456223e-39
elmo1	4.06311853074276e-43	1.38324488940709	0.593	0.114	5.90371122516924e-39
calm3a.1	4.85519147021728e-43	2.38663811701521	0.965	0.529	7.05459320622571e-39
kif5aa	1.79914159658625e-42	1.01886190922351	0.372	0.044	2.61415273983983e-38
ndufa4	2.96049174338231e-42	1.70468935191089	0.384	0.048	4.3015945031345e-38
bhlhe22	3.36415351937526e-42	1.28818236416249	0.209	0.014	4.88811506365225e-38
rheb	4.60600605278126e-42	1.43747022578058	0.616	0.137	6.69252679469118e-38
fyna	1.27962862752161e-41	0.942288507185184	0.419	0.057	1.8593003957889e-37
b3gat2	1.45092656535821e-41	1.05376928107102	0.267	0.023	2.10819629946548e-37
gpc1a	3.04995987849041e-41	0.717353767815044	0.256	0.021	4.43159170344656e-37
dync1i1	2.25129108856311e-40	0.841600168162107	0.337	0.038	3.27112595168219e-36
mxi1	3.61465231289378e-40	1.18890865595384	0.5	0.087	5.25208981063466e-36
tmem179	2.7173314225912e-39	0.739399117209715	0.256	0.023	3.94828255702501e-35
h3f3d	2.93329016415232e-39	1.06679377786432	1	0.997	4.26207060851332e-35
gpm6ab	3.83757027199294e-39	1.45538059309423	0.907	0.284	5.57598960520574e-35
phactr3b	4.79722739122208e-39	0.984833406645034	0.326	0.038	6.97037139944569e-35
marcksb	6.10644405027732e-39	1.815531135023	0.942	0.51	8.87266320505294e-35
fundc1	6.38872635927345e-39	1.68949014302108	0.802	0.277	9.28281940002432e-35
syt3	7.45194532306176e-39	0.533323120786725	0.209	0.015	1.08276765544087e-34
cspg5a	9.51744076613536e-39	1.21868506305559	0.419	0.063	1.38288414331947e-34
zfhx3	1.3051783908758e-38	2.04378511944116	0.651	0.165	1.89642420194254e-34
si:ch211-150g13.3	2.81870887384927e-38	0.62151737725867	0.256	0.023	4.09558399370298e-34
atat1	3.14940338005108e-38	0.767401865007972	0.349	0.043	4.57608311121423e-34
mab21l2	3.65562864872942e-38	2.76567949310205	0.744	0.248	5.31162842660385e-34
irx4a	1.33702215430731e-37	1.05297333427487	0.186	0.012	1.94269319020852e-33
ing4	1.46552989325372e-37	1.52579054563801	0.942	0.457	2.12941493489766e-33
hoxb7a	1.97470408298209e-37	1.46733566227196	0.36	0.048	2.86924503257298e-33
nsfa	2.25344768324194e-37	1.08661332439214	0.384	0.054	3.27425948375054e-33
stmn3	2.44830302593422e-37	0.551747925975854	0.105	0.003	3.55738429668243e-33
ywhag2	2.84457319643916e-37	1.83905804883899	0.767	0.242	4.1331648544261e-33
fam168a	3.0489471474846e-37	1.67416282724193	0.942	0.617	4.43012020529512e-33
rac3a	3.49910613894567e-37	1.02490017712797	0.43	0.068	5.08420121988805e-33
nat16	4.51626991574404e-37	0.644352920881443	0.256	0.024	6.5621401875761e-33
otpa	4.94779874814346e-37	4.08992200807869	0.151	0.008	7.18915158105245e-33
myt1a	6.67400323527958e-37	0.977048649085357	0.349	0.045	9.69732670086123e-33
gnb1b	1.83517463322729e-36	1.38208100816913	0.965	0.778	2.66650874207925e-32
tspan3b	2.41832813935622e-36	0.686958908022117	0.233	0.02	3.51383078648458e-32
coro1cb	2.77209677679562e-36	1.3796271236174	0.721	0.221	4.02785661668403e-32
ndrg4	2.82328470405982e-36	0.846099819290715	0.291	0.032	4.10223267499892e-32
nat8l	2.82493571597977e-36	1.79827730166525	0.674	0.188	4.1046315953186e-32
gphnb	5.38643345112124e-36	0.484735504146826	0.174	0.011	7.82648780447916e-32
hnrnpaba	7.32367522081581e-36	1.40771313796326	1	0.923	1.06413000958454e-31
mafaa	7.86851196983317e-36	0.835204746678856	0.163	0.01	1.14329478921676e-31
sv2bb	1.46980380110726e-35	0.539299404448956	0.163	0.01	2.13562492300886e-31
scrt1a	1.6921611530496e-35	0.774872028546187	0.186	0.013	2.45871015538106e-31
prmt8b	1.82246899714677e-35	0.341369100764085	0.105	0.003	2.64804745285426e-31
atp6v1b2	3.14479910818239e-35	0.992772374337274	0.314	0.039	4.56939310418901e-31
tnrc6c1	3.40306051189207e-35	1.67476029047126	0.907	0.421	4.94464692377918e-31
rybpa	3.44656820014729e-35	0.952122437173815	0.465	0.084	5.00786359481401e-31
dpysl3	3.52552004131982e-35	1.12104249569906	0.558	0.116	5.12258062003769e-31
cxxc4	3.70903793609272e-35	1.00563675249986	0.349	0.047	5.38923212114273e-31
tubb2b	1.41735175880304e-34	1.92580002475345	0.977	0.708	2.05941210554082e-30
pcloa	1.49661350004196e-34	0.60448064076141	0.221	0.019	2.17457941556096e-30
itm2ca	2.44654112495102e-34	0.771732176848496	0.279	0.031	3.55482425455383e-30
si:ch211-288g17.3	2.93016208428063e-34	1.39484557857684	1	0.69	4.25752550845976e-30
cd99l2	3.01513024892615e-34	1.65585023997101	0.767	0.276	4.38098425168969e-30
ube2e2	3.3652053027769e-34	1.39263457893933	0.93	0.463	4.88964330493484e-30
eef1a1a	4.77222302349741e-34	0.543408128231417	0.186	0.014	6.93404005314173e-30
atp6ap1lb	5.92709215259165e-34	0.589526831400764	0.163	0.01	8.61206489771567e-30
dpysl5a	6.10013547294447e-34	1.045144026311	0.43	0.073	8.86349684218832e-30
pbx3b	6.25469343413276e-34	1.64560486507393	0.488	0.1	9.0880695597949e-30
map7d2a	7.68599716529943e-34	0.584116697790963	0.256	0.026	1.11677538811801e-29
fabp3	1.00079727129388e-33	1.58033306396007	1	0.753	1.45415843519001e-29
celf4	1.05185998733375e-33	0.993542195293292	0.442	0.077	1.52835256159594e-29
ablim1a	1.10592058959354e-33	0.453566235196139	0.128	0.006	1.60690261667941e-29
hmgn3	1.14611672066395e-33	1.42869616182037	0.93	0.529	1.66530759512472e-29
pclob	1.77611957632084e-33	0.352059067341532	0.128	0.006	2.58070174439418e-29
mpp2b	2.37156582484013e-33	0.473789953949228	0.174	0.012	3.44588514349272e-29
hoxb8a	2.95935153441564e-33	2.65750243193617	0.43	0.08	4.29993777950592e-29
ppp2r2ca	3.57303684856064e-33	0.577620859650892	0.198	0.016	5.1916225409586e-29
atp6v1e1b	3.71395161479922e-33	1.43251518402553	0.895	0.354	5.39637169630327e-29
spock3	4.77638834360632e-33	1.02429042000103	0.663	0.161	6.94009226325998e-29
lrfn5b	6.44003276520393e-33	0.518470507238095	0.186	0.014	9.3573676078413e-29
atl1	6.54228579575056e-33	0.749450018634751	0.326	0.044	9.50594126122556e-29
adam23a	9.0059838663552e-33	0.634943427802614	0.233	0.022	1.30856945578141e-28
si:ch73-1a9.3	1.23758558950903e-32	1.03698170074362	1	0.961	1.79821186155662e-28
pou2f2a	1.68386722433965e-32	1.35422297678992	0.337	0.047	2.44665907696551e-28
epb41l3a	2.37174866711664e-32	0.570681322631809	0.209	0.018	3.44615081332048e-28
gap43	2.56663886005362e-32	1.13845268951982	0.709	0.184	3.72932626365791e-28
tubb5	3.60611247770117e-32	1.7287547095944	0.849	0.341	5.2396814300998e-28
si:dkeyp-117h8.2	3.77435679462259e-32	0.882888054132228	0.349	0.051	5.48414042258663e-28
XKR4	4.61394866086533e-32	0.815008163920643	0.326	0.045	6.70406740423732e-28
sfrp1b	8.87505171380385e-32	0.514681090687609	0.163	0.011	1.2895450140157e-27
si:dkey-234h16.7	1.03699966497063e-31	0.79431025687189	0.267	0.031	1.50676051320232e-27
hoxc8a	1.10905226857699e-31	0.703203278047789	0.128	0.007	1.61145294624237e-27
phactr3a	2.6315899238847e-31	0.562928548361832	0.209	0.019	3.82370015940448e-27
islr2	3.65005131989696e-31	1.71116818479237	0.314	0.043	5.30352456781028e-27
pbx4	4.74542557588416e-31	1.58004701559595	0.826	0.416	6.89510336175968e-27
nrsn1	6.24616654908699e-31	0.739536200849837	0.267	0.032	9.07567999582339e-27
mapk12b	9.55939497527126e-31	0.367441559983109	0.128	0.007	1.38898008990691e-26
asphd1	1.01937382141063e-30	0.425375674623419	0.163	0.011	1.48115016250964e-26
rab11bb	1.31398997252878e-30	1.21171059985765	0.372	0.063	1.90922743008431e-26
mpp2a	1.43540591260193e-30	0.688297241100966	0.233	0.024	2.08564479101061e-26
fam84a	1.49457963425491e-30	0.795311099793744	0.267	0.032	2.17162420857239e-26
nkain1	1.56360969854326e-30	1.4494512541621	0.756	0.301	2.27192489198336e-26
meis2a.1	1.63614252547222e-30	2.1611548898658	0.686	0.226	2.37731508951114e-26
ube2e3	1.82685187707368e-30	1.26765259748767	0.953	0.741	2.65441577738805e-26
ca16b	1.85807097789341e-30	0.524320725601407	0.14	0.008	2.69977713087912e-26
map4l	2.30658135389636e-30	0.647093704534149	0.302	0.04	3.35146270721141e-26
syn2a	2.50022403401298e-30	1.17376314953481	0.314	0.045	3.63282552142086e-26
tbc1d30	2.56730975114236e-30	0.672853787174624	0.221	0.022	3.73030106840985e-26
fscn1a	2.85883050499632e-30	1.55462255209963	0.826	0.378	4.15388072375966e-26
slc35g2b	3.95258381054911e-30	1.0858800558512	0.279	0.036	5.74310427672785e-26
zgc:100906	4.69552761891452e-30	0.745958905683716	0.326	0.048	6.82260163028279e-26
si:ch73-119p20.1	4.89004827690913e-30	0.757542751576009	0.221	0.022	7.10524014634897e-26
ptpn5	5.05412684013032e-30	0.474281415914431	0.198	0.017	7.34364629870936e-26
h2afx1	5.58722093277428e-30	1.30872767689152	1	0.922	8.11823201532103e-26
si:dkey-56m19.5	6.29115244063107e-30	1.48722676440506	0.779	0.296	9.14104449623695e-26
hp1bp3	8.1079043602753e-30	1.22324223474577	0.965	0.76	1.178078503548e-25
ptmaa	1.05677846739869e-29	1.21579765388197	1	0.901	1.5354991131303e-25
ppp1r14ba	1.15266886821194e-29	0.784704866297006	0.267	0.033	1.67482786551195e-25
stk38l	1.16778328155321e-29	0.434490755391375	0.151	0.01	1.69678910809681e-25
pou2f2a.1	1.25568799192974e-29	1.76593680660604	0.442	0.09	1.82451465227391e-25
irx2a	1.28567464541074e-29	0.790258893731115	0.198	0.018	1.86808525978181e-25
hpca	1.3104011531711e-29	0.961025721589782	0.407	0.076	1.9040128755576e-25
mapk11	2.00398891629229e-29	0.717577002332122	0.267	0.033	2.9117958953727e-25
pkib	2.07754410836748e-29	0.627038113573187	0.244	0.028	3.01867158945794e-25
sms	2.09016974799663e-29	1.04728466438108	0.453	0.097	3.03701664383911e-25
ctnnbip1	3.13138153948071e-29	1.35071681786544	0.791	0.346	4.54989737686547e-25
gabarapl2	5.90494037048606e-29	1.38204077369115	0.791	0.323	8.57987835831624e-25
si:dkeyp-123h10.2	6.80339397171659e-29	0.526665689367622	0.14	0.009	9.88533144090421e-25
atp1b2a	7.4235633808135e-29	1.25586060760549	0.488	0.117	1.0786437592322e-24
dnaja2b	7.72760806257571e-29	1.37223822586233	0.814	0.375	1.12282145149225e-24
ndrg3a	9.40377277333978e-29	1.28981045127674	0.616	0.182	1.36636818396627e-24
fam49al	1.12388227371896e-28	0.786144897413552	0.337	0.053	1.63300094371365e-24
atp6v1g1	1.66852588665089e-28	1.2816891364034	0.895	0.439	2.42436811330374e-24
hmgn6	1.67303805965396e-28	1.26913457252935	1	0.858	2.43092430067721e-24
rtn1b	2.07785732716528e-28	1.3492683835916	0.767	0.239	3.01912669637116e-24
FO704786.1	2.36465394844134e-28	0.712155664396598	0.244	0.029	3.43584218708527e-24
cxxc5a	2.40910133143119e-28	1.50580898726741	0.686	0.257	3.50042423456952e-24
kif1aa	3.73249485006722e-28	0.673080662003203	0.244	0.029	5.42331501714767e-24
syngr3a	3.86482745011245e-28	0.557645209867345	0.244	0.029	5.6155942850134e-24
si:dkey-280e21.3	5.70793228401528e-28	0.800857331323092	0.349	0.057	8.2936256086742e-24
atp6v1aa	5.94465641388964e-28	1.07417912414588	0.5	0.123	8.63758576938165e-24
scrt1b	8.8830942134297e-28	0.613377859483565	0.116	0.006	1.29071358921134e-23
hoxd11a	1.03639559184172e-27	1.09715302788124	0.221	0.025	1.50588279494602e-23
serinc1	1.10123505295632e-27	1.34689473199403	0.86	0.404	1.60009453194553e-23
tmem255a	1.24926741794544e-27	0.445225285086932	0.14	0.009	1.81518555827473e-23
fam184b	1.59678016303486e-27	0.564859978475142	0.186	0.017	2.32012157688965e-23
nbeaa	1.85234776093459e-27	0.669317341332291	0.256	0.033	2.69146129663795e-23
st8sia1	1.98084016263044e-27	0.710017460812905	0.267	0.036	2.87816075630202e-23
hnrnpa0a	1.99496471286334e-27	1.51178458547633	0.919	0.628	2.89868372779043e-23
cbx1b	2.45770638953469e-27	1.20477514475836	0.64	0.212	3.57104738399391e-23
oaz1b	2.57767220865975e-27	1.10849275760966	0.977	0.816	3.74535771918261e-23
ptmab	2.68497815478395e-27	0.996946162520731	1	0.972	3.90127325890108e-23
ppp3r1a	3.33192362790157e-27	1.1785387025916	0.535	0.142	4.84128503134098e-23
ccni	3.49196089339785e-27	1.24315690277574	0.988	0.699	5.07381917810708e-23
meis2a	4.69447271454264e-27	0.603282931160185	0.221	0.025	6.82106885423046e-23
ppp3ca	4.75363822134025e-27	0.526612272643914	0.14	0.01	6.90703633560738e-23
vdac1	5.07899354387427e-27	1.20891597443547	0.919	0.75	7.37977761924931e-23
appa	6.8847462159448e-27	1.36449028230281	0.814	0.387	1.00035362517678e-22
lgi1a	7.17140168452058e-27	1.15801734824143	0.465	0.107	1.04200466476084e-22
hsp90ab1	7.43952206287795e-27	0.78233895905026	1	0.998	1.08096255573617e-22
pbx1a	9.07742331043757e-27	1.61757544037895	0.64	0.226	1.31894960700658e-22
stox2a	1.10360377606668e-26	0.58249632279849	0.209	0.023	1.60353628662489e-22
fut9a	1.26757171993762e-26	0.395571053442937	0.128	0.008	1.84178170906936e-22
cd9a	1.33448403329887e-26	0.79873503282575	0.314	0.049	1.93900530038325e-22
ubc	1.64412422027655e-26	0.898071906565043	1	0.983	2.38891249206182e-22
eno1a	1.64603234209783e-26	2.01584531747173	0.628	0.213	2.39168499306814e-22
hmgb1b	1.79694351442025e-26	1.21666448590891	0.988	0.706	2.61095892645262e-22
zgc:91860	1.94376084189892e-26	0.860569306892482	0.221	0.026	2.82428450327913e-22
marcksl1b	2.20325463565266e-26	1.12092973186865	1	0.778	3.20132898560331e-22
reep2	2.28379678936386e-26	0.625418802305485	0.233	0.028	3.31835673494569e-22
lmo2	2.33850823024427e-26	0.628266643737599	0.221	0.026	3.39785245854492e-22
zfhx4	2.64410070251514e-26	1.4194209227269	0.605	0.189	3.8418783207545e-22
calm2a	3.01187991916024e-26	1.52862639551513	0.919	0.573	4.37626152253982e-22
fam184a	3.93525584241998e-26	0.449071086179448	0.128	0.008	5.71792673903622e-22
rab6bb	4.71074094151002e-26	0.998492176733804	0.337	0.057	6.84470658801406e-22
hrasb	7.68944023720489e-26	1.06528237977992	0.442	0.102	1.11727566646587e-21
cacng2b	7.91750638332206e-26	0.476092524451159	0.14	0.01	1.1504136774967e-21
MGARP	1.00919483682084e-25	0.769171027305015	0.291	0.045	1.46636009790068e-21
aldocb	1.09055655021925e-25	1.79571845597953	0.558	0.16	1.58457866746857e-21
nkain2	1.17711641163541e-25	0.829269850195119	0.244	0.032	1.71035014610625e-21
nova1	1.43307244150973e-25	0.28713793256211	0.105	0.005	2.08225425751364e-21
aplp1	1.58821526247506e-25	0.754541919045641	0.349	0.062	2.30767677637627e-21
mdkb	1.77965618362652e-25	0.99962207348888	0.849	0.352	2.58584043480934e-21
camk2n1a	2.68037898164498e-25	1.25539382396077	0.477	0.118	3.89459066033015e-21
cuedc1a	2.71357225994003e-25	0.399987524577301	0.128	0.009	3.94282049369287e-21
rgs7bpa	3.93458715764208e-25	0.341227845811679	0.116	0.007	5.71695514005395e-21
bsnb	4.76999717082839e-25	0.50892486138657	0.198	0.021	6.93080588921365e-21
fam78ba	5.15252742926123e-25	0.446479804675604	0.174	0.017	7.48662235471656e-21
gabrb4	6.1971819847833e-25	0.424777200195751	0.128	0.009	9.00450542389013e-21
tardbp	6.4492012154745e-25	1.30483305452828	0.814	0.424	9.37068936608444e-21
upf3a	6.78224505072193e-25	0.81612152885755	0.244	0.033	9.85460205869896e-21
lin7b	7.16290563557118e-25	0.683622685080104	0.314	0.053	1.04077018884849e-20
ssbp3b	8.25286172151818e-25	1.11923771490047	0.767	0.333	1.19914080813659e-20
ywhabl	8.63171611015015e-25	1.09047104862831	0.977	0.875	1.25418835080482e-20
rnft2	8.8876373896158e-25	0.535929927222483	0.244	0.033	1.29137371271118e-20
dnajc6	9.877887165753e-25	0.32248674229524	0.105	0.006	1.43525700518391e-20
gpr137bb	1.11433831994115e-24	0.424592892022492	0.14	0.011	1.61913357887449e-20
h2afy2	1.41670252980108e-24	1.33061923248051	0.895	0.666	2.05846877580096e-20
mdh1aa	2.34561001546441e-24	1.025818557431	0.907	0.48	3.40817135246979e-20
hoxb6b	3.0628454759515e-24	2.43898128123928	0.326	0.061	4.45031447655753e-20
dnajc5aa	3.51722744723513e-24	1.1669269713488	0.558	0.172	5.11053148083264e-20
khdrbs2	3.79943711708415e-24	1.05167653495625	0.174	0.017	5.52058213112327e-20
sox11b	3.92681063203183e-24	1.46499051977602	0.733	0.289	5.70565584834225e-20
IGLON5	4.17672630863637e-24	0.772874258868386	0.186	0.02	6.06878332644864e-20
pacsin1a	6.00752703085486e-24	0.504279504130274	0.186	0.02	8.72893677583211e-20
atp2b2	7.02086793920866e-24	0.389675364858171	0.105	0.006	1.02013211156702e-19
spred3	7.44757167915905e-24	0.45883832527338	0.186	0.02	1.08213216498181e-19
vma21	7.84615609825657e-24	1.09559142068659	0.756	0.344	1.14004648107668e-19
stmn4	9.81690260583386e-24	0.832462945477359	0.233	0.031	1.42639594862766e-19
si:dkey-40m6.8	1.13570917974133e-23	0.424632718402193	0.14	0.011	1.65018543816416e-19
sumo3a	1.26183208049286e-23	0.969561309633205	0.988	0.795	1.83344201295612e-19
ube2d4	1.60054546182031e-23	0.916003302209226	0.477	0.128	2.32559255602491e-19
lhfpl3	1.60870855474435e-23	0.435969823013374	0.174	0.018	2.33745353004354e-19
arnt2	2.81015522580719e-23	0.926961423797163	0.395	0.09	4.08315554309785e-19
taok3b	4.62298488632794e-23	0.34560658334291	0.105	0.006	6.7171970398345e-19
fam168b	5.07741836519565e-23	1.23871205407842	0.744	0.367	7.37748888462928e-19
pcp4a	5.62379449473555e-23	1.18587882351328	0.14	0.012	8.17137340085076e-19
rgs7a	8.11312782265245e-23	0.418826444098815	0.151	0.014	1.1788374726314e-18
cers6	9.13295842840831e-23	0.451368144405062	0.14	0.012	1.32701885964773e-18
apba1b	9.90208176036461e-23	0.626447214278131	0.209	0.027	1.43877247978098e-18
tp53inp2	1.04722971898e-22	0.993360977325685	0.628	0.212	1.52162478167794e-18
rab39bb	1.15160742282693e-22	0.642582094064395	0.256	0.039	1.67328558536753e-18
ppp2r2ca.1	1.3709862643384e-22	0.48817588182372	0.186	0.021	1.9920430420837e-18
robo2.1	1.39022837575465e-22	0.994752879673972	0.314	0.059	2.02000182997151e-18
igsf9ba	1.58768045465665e-22	0.365192332590023	0.116	0.008	2.30689970061611e-18
scocb	2.07463906365233e-22	1.07860344011108	0.64	0.241	3.01445055948684e-18
hmgxb4a	2.41380535440605e-22	0.534057286337691	0.174	0.019	3.50725917995198e-18
ube2ql1	2.52597097204353e-22	0.640388750577179	0.198	0.024	3.67023582237925e-18
srgap1b	3.06342158678013e-22	0.310814195247516	0.105	0.007	4.45115156559153e-18
hoxc1a	4.1826808363529e-22	1.17596098474594	0.442	0.115	6.07743525522077e-18
nos1apb	4.56943562929869e-22	0.408005685057017	0.151	0.014	6.639389969371e-18
scg5.1	4.8200945748176e-22	0.720506733451662	0.302	0.054	7.00359741720997e-18
si:dkeyp-72g9.4	5.12211242508065e-22	0.722993378180912	0.209	0.027	7.44242935364218e-18
hoxa9b	6.84967663088378e-22	1.79424451922865	0.302	0.059	9.95258014467413e-18
dpysl5b	7.38228261903671e-22	0.527364528510932	0.186	0.022	1.07264566454603e-17
rab3c	7.52589389869201e-22	0.644422945851529	0.279	0.047	1.09351238347995e-17
ppp3r1b	7.95151442629008e-22	1.25783255532898	0.733	0.364	1.15535504613995e-17
apc	9.77819455116133e-22	0.693844881857095	0.337	0.069	1.42077166828374e-17
olfm2a	1.00658112398951e-21	0.512565712810617	0.163	0.017	1.46256237315676e-17
pacsin1b	1.01789962304489e-21	0.781134214484188	0.326	0.064	1.47900815228423e-17
ss18	1.12668682164412e-21	1.05790959266708	0.686	0.292	1.6370759518489e-17
itm2cb	1.28655146536624e-21	0.762613636861976	0.326	0.065	1.86935927917715e-17
syngr3b	1.44028120812147e-21	0.661917361249572	0.209	0.028	2.09272859540049e-17
scg2b	3.83953853044911e-21	0.791016624694373	0.291	0.052	5.57884948474255e-17
serp2	4.5727156824196e-21	0.647219476564485	0.221	0.031	6.64415588655568e-17
tmem74b	5.25603769424315e-21	0.356142196923285	0.105	0.007	7.6370227697353e-17
hes6	5.97349337572153e-21	1.09174823060017	0.5	0.155	8.67948587492338e-17
CU639469.1	6.34081484759513e-21	0.59099671193184	0.256	0.042	9.21320397355572e-17
zgc:194578	8.89891356461741e-21	0.353358309485933	0.151	0.015	1.29301214093891e-16
nexmifa	9.0432475981812e-21	0.493719273525319	0.198	0.026	1.31398387601573e-16
dazap2	9.70956425077435e-21	0.98764259752054	0.651	0.265	1.41079968563751e-16
hmgb1a	1.2959634501669e-20	1.02841504981524	0.965	0.852	1.8830348930925e-16
si:ch73-386h18.1	1.36673881277883e-20	0.878999387248791	0.384	0.09	1.98587149496765e-16
cirbpb	1.42132241054944e-20	0.78247615862335	1	0.986	2.06518146252833e-16
zgc:122979	1.57893214047891e-20	0.50195504717792	0.151	0.015	2.29418840011586e-16
mcu	1.61967982096962e-20	0.384164648768698	0.14	0.013	2.35339477986886e-16
ube2g1a	1.91827414772346e-20	1.04802800002024	0.5	0.16	2.78725233664218e-16
ptpreb	2.45058146544896e-20	0.384301137947109	0.14	0.013	3.56069486929734e-16
elocb	2.86286956168595e-20	1.01867272764428	0.907	0.614	4.15974947312969e-16
zswim5	3.73848498080265e-20	1.19665083747753	0.628	0.249	5.43201867710624e-16
fgf13b	4.72926869633664e-20	1.31023943551335	0.256	0.044	6.87162741577714e-16
tmem35	4.97600961672891e-20	1.00309797231812	0.512	0.163	7.2301419731071e-16
FP236812.1	5.02719209534254e-20	1.52912032997505	0.651	0.263	7.3045101145327e-16
pou3f3b	5.37950651859712e-20	0.711535989038971	0.302	0.06	7.81642297152162e-16
atp1b3a	5.60173022794808e-20	1.17175731112379	0.651	0.287	8.13931402120856e-16
tet3	5.67882544697887e-20	0.762079202222137	0.395	0.101	8.2513333744603e-16
smarce1	5.91506626271816e-20	1.09138503274866	0.942	0.751	8.59459127972949e-16
rcan3	5.98365696685515e-20	0.489910802992451	0.128	0.011	8.69425357284053e-16
kdm6bb	6.37419876158483e-20	1.03667587758084	0.674	0.288	9.26171080058277e-16
nkx6.2	6.38619113684829e-20	0.404004551506509	0.105	0.008	9.27913572184056e-16
rdh12	7.64016085685252e-20	0.494329851004719	0.186	0.024	1.11011537250067e-15
sulf2a	7.84347833038323e-20	0.332131159552083	0.128	0.011	1.13965740140468e-15
gabarapb	8.00964624906689e-20	0.875728248479429	0.965	0.819	1.16380159998942e-15
rims2a	8.19280301256785e-20	0.396274258915472	0.128	0.011	1.19041427772611e-15
vdac3	8.97895713502124e-20	1.09323643396411	0.919	0.797	1.30464247171859e-15
gdi1	1.17531011688761e-19	1.04474180748131	0.605	0.224	1.70772559983769e-15
hoxc3a	1.18757105423135e-19	1.67603639507695	0.512	0.181	1.72554074179815e-15
meis1b	1.26844011350205e-19	1.42482231020871	0.779	0.424	1.84304348491847e-15
ewsr1a	1.54543304808442e-19	0.995938786900951	0.872	0.572	2.24551421886667e-15
clstn1	1.65581957344216e-19	0.947531876784278	0.465	0.136	2.40590584021145e-15
h3f3c	2.32318224748785e-19	0.720277148106382	1	0.967	3.37558380559984e-15
ankrd13d	2.76644216562198e-19	0.369772222564082	0.14	0.014	4.01964046664874e-15
tox	3.66958956315087e-19	1.17815407525258	0.581	0.232	5.33191363525822e-15
si:ch211-10a23.2	4.16002168372262e-19	0.535885771351528	0.198	0.028	6.04451150644897e-15
h3f3b.1.2	4.40521787169967e-19	0.874955989335255	0.977	0.831	6.40078156757962e-15
pdcl	5.02306243319299e-19	0.972915472198529	0.57	0.216	7.29850971542942e-15
meis3	5.09851891858795e-19	0.736751785793985	0.267	0.051	7.40814798870829e-15
madd	5.20332657836182e-19	0.549991444512995	0.198	0.028	7.56043351835973e-15
lmo3	5.38957000703537e-19	0.719674823322517	0.209	0.032	7.83104522022239e-15
fam117ba	5.71816978532349e-19	0.433233441623286	0.14	0.014	8.30850069807504e-15
prkab1a	5.79255802979263e-19	0.796509461044596	0.326	0.074	8.41658681728868e-15
zgc:153615	6.63963329891072e-19	0.438600088552893	0.163	0.019	9.64738718331728e-15
srsf9	1.10486505547147e-18	1.00167419319555	0.791	0.45	1.60536892560005e-14
ywhaqa	1.32304651930636e-18	1.02202081085344	0.802	0.475	1.92238659255215e-14
atp6v1c1a	1.48347753844759e-18	0.977985239676533	0.523	0.177	2.15549286336435e-14
nrn1a	1.80087974285899e-18	0.935216122523715	0.267	0.051	2.61667826637411e-14
galnt9	1.89965185520537e-18	0.307794617186436	0.116	0.01	2.7601941456134e-14
ppme1	1.99797028743354e-18	1.06878561492044	0.593	0.236	2.90305082764093e-14
calm2b	2.56555253973684e-18	1.14305177161379	0.977	0.874	3.72774784023764e-14
atp6v1d	2.78607044319099e-18	0.917010508857351	0.395	0.109	4.04816035395651e-14
ankra2	2.82095759562175e-18	0.732223582950385	0.372	0.095	4.0988513864384e-14
calm3b	3.02759916148005e-18	1.11966188379927	0.942	0.842	4.39910158163051e-14
panx1b	3.10517850295033e-18	0.435207273051988	0.151	0.017	4.51182436478682e-14
hoxd10a	3.68905785800452e-18	1.15989716288328	0.209	0.034	5.36020106768057e-14
nlk1	3.84504002998848e-18	0.901317044188808	0.43	0.132	5.58684316357326e-14
prkacab	3.95882048257849e-18	0.904378462880874	0.453	0.145	5.75216616118655e-14
tusc3	4.34804279082587e-18	1.07468689612016	0.5	0.181	6.31770617506998e-14
pspc1	5.12101065851724e-18	0.87224931095069	0.523	0.192	7.44082848682556e-14
ralaa	5.54637163909412e-18	0.783127239448536	0.419	0.122	8.05887799160376e-14
pgam1b	6.72032687007521e-18	0.492340262396288	0.209	0.033	9.76463494221928e-14
zgc:109889	7.04896141841544e-18	0.406653640449043	0.151	0.018	1.02421409409576e-13
gdf11	7.99566786891508e-18	0.679246892452973	0.256	0.049	1.16177054135336e-13
nrxn2b	1.22510664144944e-17	0.298271324910438	0.116	0.011	1.78007995002603e-13
pop7	1.323376897516e-17	1.07686855184036	0.616	0.272	1.92286663209075e-13
ube2e1	1.5354941329354e-17	0.908829128368209	0.849	0.537	2.23107297515514e-13
nptnb	1.55696921230278e-17	0.63983449902478	0.186	0.028	2.26227626547594e-13
cyfip2	1.64231166272861e-17	0.725063701446083	0.279	0.059	2.38627884594467e-13
kctd13	2.08792914591398e-17	0.665764511872367	0.337	0.082	3.03376104901301e-13
hoxc6b	2.15330567319383e-17	0.82604498979678	0.105	0.009	3.12875314315064e-13
FAM53C	2.49286275815419e-17	0.701959985253066	0.314	0.074	3.62212958759804e-13
bcat1	2.68942289706641e-17	0.390655963781862	0.14	0.016	3.9077314694375e-13
ap1s2	2.69857376077976e-17	0.976829221450713	0.814	0.492	3.92102767441299e-13
kidins220b	2.93852217230946e-17	0.578000656549772	0.267	0.053	4.26967271636565e-13
adgrb1a	3.04779063795936e-17	0.354344687075681	0.116	0.011	4.42843979695495e-13
sox11a	3.17750753995727e-17	1.71596230996978	0.674	0.325	4.61691845555791e-13
atp5if1b	3.24624339931754e-17	1.00845533279818	0.663	0.299	4.71679165920838e-13
atp6ap2	3.55182082355903e-17	1.10271140614656	0.721	0.366	5.16079565663128e-13
appb	4.41242795864556e-17	0.918856277276337	0.593	0.231	6.41125782391199e-13
jpt1b	5.49912161687385e-17	0.78368698524473	0.93	0.656	7.9902237093177e-13
znf609b	6.23775894213438e-17	1.01657954378152	0.57	0.234	9.06346374292125e-13
pygmb	6.27694213448096e-17	0.361180483421289	0.128	0.014	9.12039692140084e-13
gapdhs	6.47894481933398e-17	1.54780069613103	0.837	0.58	9.41390682249227e-13
h3f3b.1	7.3039194083547e-17	0.69317919359573	1	0.897	1.06125949003394e-12
slc40a1	7.40464119504684e-17	0.663599667778708	0.291	0.065	1.07589436564031e-12
ppfia3	7.82158574336352e-17	0.479837866688415	0.174	0.024	1.13647640851072e-12
zgc:77262	8.25570338264469e-17	0.816830470085547	0.488	0.175	1.19955370149827e-12
clgn	8.35323910516003e-17	0.818372051285122	0.477	0.165	1.21372564197975e-12
kif1b	9.0127540920399e-17	0.541184241899812	0.221	0.039	1.3095531695734e-12
katnal1	1.03214512127951e-16	0.636108646272564	0.209	0.036	1.49970686121913e-12
lmo1	1.04594333474113e-16	1.61623723399445	0.279	0.063	1.51975566537886e-12
dpf1	1.13831476245666e-16	0.515667852334894	0.209	0.035	1.65397134984952e-12
oaz1a	1.29433976536427e-16	0.990792215180979	0.953	0.773	1.88067567907429e-12
coro1b	1.44025627697183e-16	0.490305641265377	0.209	0.035	2.09269237044007e-12
asb2b	1.44068975113937e-16	0.334151744116758	0.116	0.011	2.0933222084055e-12
hoxd3a	1.93642958730979e-16	0.729159966112595	0.291	0.065	2.81363219036113e-12
trappc5	2.24182616249127e-16	1.02816477918788	0.581	0.27	3.25737341409981e-12
dagla	2.94448056521553e-16	0.295453198825316	0.116	0.012	4.27833026125817e-12
brsk2b	2.94448056521553e-16	0.33785393126987	0.116	0.012	4.27833026125817e-12
nucks1a	3.80052915379119e-16	0.848924124587495	0.93	0.723	5.5221688604586e-12
mpp3a	3.94045859118627e-16	0.41337301834886	0.128	0.014	5.72548633299365e-12
dpysl2b	4.28490371156622e-16	0.483404401124267	0.198	0.033	6.22596509290571e-12
rnf44	4.30330787789087e-16	1.19999669920334	0.523	0.206	6.25270634657544e-12
pcmtd1	4.77354999345469e-16	0.902820688434136	0.36	0.102	6.93596814048966e-12
mlf2	5.13157671293534e-16	1.0533376877937	0.721	0.412	7.45618096389504e-12
kif5ba.1	6.88847344047624e-16	0.563522334961433	0.256	0.053	1.0008951909012e-11
fam57ba	8.20936743048835e-16	0.652989400421702	0.267	0.059	1.19282108764996e-11
hk1	9.08993082870163e-16	0.795125715879163	0.326	0.084	1.32076694941035e-11
khdrbs1a	9.10978897255019e-16	0.766306110244402	1	0.924	1.32365233771154e-11
ank2b	9.43320202708231e-16	0.598596517607552	0.314	0.076	1.37064425453506e-11
cbx6a	9.59334713061695e-16	0.716230585520206	0.302	0.075	1.39391333807864e-11
atp6v0a1b	9.88072712278688e-16	0.312436656331099	0.128	0.015	1.43566965094093e-11
hist2h2l	1.13060685644702e-15	0.960171424302844	0.93	0.658	1.64277176241751e-11
atp1b3b	1.24581444682603e-15	0.998467561980241	0.349	0.098	1.81016839123823e-11
rab39ba	1.4132015707199e-15	0.434994531187727	0.163	0.023	2.05338188225602e-11
sult4a1	1.85031652406187e-15	0.555623381958093	0.209	0.037	2.68850990946189e-11
mpnd	1.92513327565635e-15	0.551309090004804	0.267	0.059	2.79721864952868e-11
kif3cb	2.46602213496352e-15	0.439603999600671	0.198	0.034	3.583130162102e-11
skp1	2.48980522873085e-15	0.732731647055024	0.93	0.79	3.61768699734592e-11
map6b	2.62050413189171e-15	0.369264388335479	0.116	0.013	3.80759250363866e-11
syt12	2.66938885764583e-15	0.343998812895378	0.116	0.013	3.87862201015939e-11
znf576.1	2.87884572188261e-15	0.561270128568566	0.256	0.055	4.18296283389543e-11
snap91	3.25510360576039e-15	0.416841506290735	0.14	0.018	4.72966553916985e-11
dixdc1a	3.64324822156463e-15	0.704884428215698	0.267	0.062	5.2936396659334e-11
insm1a	3.79569118062323e-15	0.750845982821667	0.256	0.054	5.51513928544556e-11
maptb	4.3707445093382e-15	0.707369232572291	0.419	0.122	6.3506917720684e-11
ccdc92	4.84852783567843e-15	0.371881203835454	0.128	0.015	7.04491094524076e-11
slc7a14a	5.4509802097108e-15	0.39841821007528	0.14	0.018	7.92027424470979e-11
vamp4	6.66010973499476e-15	0.730594779582204	0.372	0.114	9.67713944494738e-11
prr12b	8.14030643600887e-15	0.855588393604659	0.384	0.121	1.18278652515209e-10
egr4	9.25300748739448e-15	0.79339550279596	0.384	0.112	1.34446198791842e-10
calm1b	9.9239638404808e-15	1.65568949084188	0.36	0.111	1.44195194602186e-10
tpi1b	1.05779332812238e-14	1.37408405437723	0.651	0.359	1.53697370576182e-10
sarm1	1.06179356808979e-14	0.326202734350549	0.128	0.016	1.54278605443446e-10
cacng8b	1.44979113568319e-14	0.27125898908189	0.105	0.011	2.10654652014767e-10
rtn4b	1.47383509352597e-14	0.884739097181761	0.407	0.138	2.14148239089323e-10
hnrnpa0l	1.48768016402712e-14	0.692952960316148	1	0.936	2.16159927833141e-10
snap25b	1.49149931265009e-14	0.445438737812316	0.209	0.039	2.16714850128058e-10
robo3	1.58203320973174e-14	1.00022129120637	0.279	0.071	2.29869425374021e-10
robo1	1.59598423216081e-14	0.983167587690072	0.291	0.077	2.31896508932966e-10
gpr27	2.0429763463881e-14	0.314266719282935	0.128	0.016	2.96844463130191e-10
lcor	2.74161012364616e-14	0.58661420219697	0.244	0.054	3.98355950965787e-10
dpf2l	2.77978110472694e-14	0.944664828734049	0.453	0.172	4.03902194516824e-10
chrnb4	3.31601319307269e-14	0.658833567104398	0.186	0.033	4.81816716953461e-10
homer1b	3.52021146902943e-14	0.416010863456518	0.14	0.019	5.11486726449976e-10
unc119b	3.53544185476404e-14	0.632128059140884	0.302	0.08	5.13699701497216e-10
si:dkey-19e4.5	3.65957032488358e-14	0.831412210001848	0.488	0.2	5.31735568205584e-10
irx1a	4.23981688021516e-14	0.548194527251872	0.174	0.029	6.16045392695263e-10
si:ch211-195b15.8	4.34217602366078e-14	0.819727790979178	0.57	0.227	6.30918176237911e-10
stard10	4.54824551807499e-14	0.584073881626739	0.256	0.059	6.60860073776297e-10
zgc:112356	4.70085924848602e-14	0.747297788181209	0.465	0.175	6.83034848805019e-10
phlda1	5.43569676001902e-14	0.876022162250969	0.314	0.085	7.89806739230763e-10
parvb	5.49619855961579e-14	0.430015437123096	0.174	0.029	7.98597650712174e-10
trim3a	5.92578210316913e-14	0.392496497538409	0.151	0.023	8.61016139590474e-10
cpe	5.96450793583235e-14	0.641712147013172	0.36	0.102	8.66643003076441e-10
slc25a1a	8.02805834508967e-14	0.735683731120752	0.337	0.1	1.16647687754153e-09
ap3m2	8.40593470732424e-14	0.623907242678638	0.442	0.148	1.22138231297421e-09
zmynd8	8.61091865050424e-14	0.396756546699839	0.128	0.017	1.25116647991827e-09
si:ch211-133n4.4	9.49663433413388e-14	0.931813417252811	0.709	0.399	1.37986096874965e-09
chmp5a	1.00334028928264e-13	0.3700388550002	0.14	0.02	1.45785344032768e-09
syt4	1.25800881681006e-13	0.573695344948665	0.279	0.068	1.82788681082502e-09
dync1li1	1.59450559282409e-13	0.786018607289588	0.384	0.132	2.31681662637341e-09
cotl1	1.8627573259584e-13	0.592648469349475	0.733	0.365	2.70658639461756e-09
cadpsb	2.12110597623546e-13	0.325880936788642	0.105	0.012	3.08196698347012e-09
cox6b1	2.18657217592965e-13	1.23952598001042	0.488	0.21	3.17708937162578e-09
uncx	3.24030791166951e-13	0.883975284964152	0.221	0.047	4.7081673956558e-09
ppiab	3.54026044542226e-13	0.639861896651398	1	0.977	5.14399842719855e-09
slc25a5	3.88747510784931e-13	0.31273377731166	1	1	5.64850133170505e-09
AP3B2	5.0909850463422e-13	0.45066052157156	0.174	0.032	7.39720127233521e-09
hsbp1a	5.41246268366936e-13	0.673507433624918	0.605	0.283	7.86430827937159e-09
dpysl4	5.82479907520914e-13	0.338206757157351	0.151	0.024	8.46343305627888e-09
flot1a	5.87676213437180e-13	0.601875998292995	0.302	0.082	8.53893538124223e-09
g3bp2	6.04210994723195e-13	0.77613635930243	0.384	0.132	8.77918575332802e-09
txndc9	6.23893101965952e-13	0.883893281178581	0.779	0.551	9.06516677156529e-09
ctbp1	6.63193390396076e-13	0.930469126360936	0.616	0.326	9.63619996245499e-09
ptbp2b	6.78886644132005e-13	0.891860758025549	0.407	0.15	9.86422293923804e-09
ilf2	6.86278916364427e-13	0.783639987719161	0.895	0.709	9.97163265477513e-09
nme2b.2	6.95071168747053e-13	0.557329644239001	0.256	0.063	1.00993840818947e-08
pcbp2	7.14305536165991e-13	0.756497999766938	0.884	0.701	1.03788594404919e-08
ctnnd2b	7.2276747773428e-13	0.317949056508039	0.128	0.018	1.05018114514791e-08
pou2f1b	7.58144225016558e-13	0.590221437689027	0.256	0.064	1.10158355894906e-08
hoxb3a	7.70623978920913e-13	1.39789733966018	0.605	0.294	1.11971664137209e-08
eif1b	7.79387582336773e-13	0.494803060414206	1	0.959	1.13245015713533e-08
emc6	1.05475509979117e-12	0.729183208084126	0.651	0.369	1.53255915999657e-08
lsm6	1.21584972237589e-12	0.876740023301822	0.779	0.545	1.76662964661217e-08
si:ch211-194k22.8	1.25581988308919e-12	0.897921634238286	0.535	0.248	1.82470629012859e-08
hnrnpa3	1.35186404454986e-12	0.507773334661583	0.209	0.045	1.96425845673095e-08
smdt1a	1.35934728121903e-12	0.369036878891622	0.128	0.018	1.97513159961125e-08
ywhaqb	1.37259333534314e-12	0.871390184235926	0.849	0.682	1.99437811625359e-08
sfpq	1.37652905822829e-12	0.875261560022323	0.64	0.367	2.00009672160571e-08
asb8	1.45892384662347e-12	0.779494653527428	0.419	0.157	2.1198163491439e-08
syncrip	1.4824628279177e-12	0.691156487621041	0.93	0.775	2.15401848896442e-08
chd4a	1.62066862061761e-12	1.13561237164501	0.663	0.368	2.35483150575739e-08
ndel1a	1.83767837509799e-12	0.657362244697419	0.291	0.082	2.67014667901737e-08
vcam1b	2.14913904604486e-12	0.285764513643862	0.116	0.015	3.12269903390318e-08
prkx	2.24904809642338e-12	0.3551117751637	0.128	0.019	3.26786688410317e-08
rogdi	2.44265452043228e-12	0.756286434829823	0.384	0.137	3.5491770181881e-08
arl6ip1	2.46618859509802e-12	0.559905010834934	0.849	0.527	3.58337202867742e-08
uncx4.1	2.52727544802942e-12	0.59468056417719	0.198	0.04	3.67213122598675e-08
jam3a	2.80378094687121e-12	0.561062845805007	0.233	0.055	4.07389371580386e-08
fbxl16	2.89022012190759e-12	0.349223863231596	0.116	0.016	4.19948983713173e-08
palm1a	3.13179651108543e-12	0.5899388789593	0.244	0.061	4.55050033060713e-08
pnpo	3.33624422468546e-12	0.51920110716406	0.221	0.052	4.84756285846797e-08
zmiz1a	3.35144145624842e-12	0.855236230274487	0.407	0.161	4.86964443592895e-08
bsg	3.46491804963763e-12	0.862867623498116	0.942	0.864	5.03452592612348e-08
wipf2b	3.89687631170928e-12	0.5004602784655	0.221	0.052	5.66216128091358e-08
epdr1	3.99516804037002e-12	0.522694488307883	0.209	0.047	5.80497916265764e-08
taf12	4.18109637401434e-12	0.800906837110658	0.779	0.562	6.07513303144283e-08
rab41	4.74217959199003e-12	0.818371923073508	0.488	0.215	6.89038694716152e-08
fkbp1aa	5.07283084121513e-12	0.510765060010351	1	0.964	7.37082321228559e-08
st8sia5	5.20776947091941e-12	0.460283888200771	0.151	0.026	7.5668890412459e-08
si:ch211-284f22.3	5.37247915247998e-12	0.890966532399119	0.442	0.175	7.80621220855342e-08
atrx	5.78608867356237e-12	0.899922108676785	0.756	0.531	8.40718684268613e-08
ptprn2	5.85223322340863e-12	0.475701513711387	0.151	0.026	8.50329487361274e-08
rgs20	6.02196047123449e-12	0.411372089336777	0.151	0.026	8.74990856470372e-08
eif4ebp1	7.95615387095775e-12	0.792924250725322	0.721	0.433	1.15602915745016e-07
psmf1	8.76338999939839e-12	0.496162505825284	0.209	0.048	1.27332056691259e-07
slc27a4	9.97365374836218e-12	0.302097339926121	0.105	0.014	1.44917188963703e-07
mbd3b	1.01535501524087e-11	0.896489184579573	0.64	0.361	1.47531083714499e-07
mff	1.03008442167785e-11	0.71763498423579	0.477	0.213	1.49671266469791e-07
ahcyl2	1.04710726756084e-11	0.673833729176205	0.291	0.088	1.52144685976591e-07
brk1	1.15591519717105e-11	0.719019950004091	0.791	0.583	1.67954478148954e-07
tob1a	1.29297897113709e-11	1.16460404403997	0.477	0.214	1.87869844506219e-07
CTBP1	1.33171357306275e-11	0.794618042017813	0.442	0.182	1.93497982166017e-07
dab2ipa	1.34140459836987e-11	0.506077846874048	0.256	0.069	1.94906088143142e-07
kifap3a	1.39836940570542e-11	0.652429229165837	0.372	0.131	2.03183074648997e-07
kat5b.1	1.41007747326175e-11	0.641857099429787	0.326	0.105	2.04884256864932e-07
LEPROTL1	1.590050929797e-11	0.714341120299879	0.686	0.402	2.31034400099503e-07
si:ch211-222l21.1	1.67287165572578e-11	0.67881679259649	1	0.829	2.43068251576956e-07
pabpn1	1.75775872635537e-11	0.884762988512979	0.756	0.521	2.55402342939435e-07
raly	1.94513673253389e-11	0.566777031628944	0.105	0.014	2.82628367237174e-07
ubap2a	2.00532310152204e-11	0.701027787265408	0.477	0.208	2.91373446651152e-07
clcn4	2.03678674128626e-11	0.497784493260947	0.221	0.053	2.95945113508894e-07
arfip2a	2.18379033658835e-11	0.588432796677906	0.279	0.081	3.17304735906287e-07
ndrg2	2.32676303484901e-11	0.864402044645042	0.512	0.247	3.38078668963561e-07
plekho1a	2.33150769611295e-11	0.281559283148609	0.116	0.017	3.38768068245212e-07
hnrnpl	2.40574697246386e-11	0.896844777042297	0.709	0.492	3.49555035098998e-07
plppr3a	2.60366024013138e-11	0.685864622318996	0.267	0.077	3.78311832891089e-07
gnb2	2.99890269973226e-11	0.612058239756292	0.256	0.071	4.35740562271098e-07
cpeb4b	3.33843340497856e-11	1.0012719250858	0.453	0.202	4.85074373743384e-07
si:dkey-178k16.1	3.39219481858474e-11	0.279970135019024	0.128	0.02	4.92885907140362e-07
abi1b	3.44100599255703e-11	0.43849713272316	0.198	0.045	4.99978170718536e-07
bod1	3.52730219816699e-11	0.791852261813187	0.465	0.208	5.12517009393663e-07
rcor2	3.80696605930069e-11	0.593213282295231	0.372	0.137	5.53152168416391e-07
calm3a	4.17964682292742e-11	1.09968627609187	0.453	0.195	6.07302683371354e-07
acbd7	4.35912468198824e-11	0.706747203603361	0.372	0.133	6.33380816292891e-07
pou3f3a	4.38556679800386e-11	0.433461743792216	0.151	0.028	6.37222855749961e-07
kif3a	4.38729551016908e-11	0.490090122847102	0.256	0.07	6.37474037627567e-07
si:ch211-208k15.1	4.64548954824241e-11	0.338878661795681	0.128	0.021	6.74989631359622e-07
polb	4.79388829445221e-11	0.828841579139286	0.5	0.247	6.96551969183906e-07
selenot1a	5.9034989256153e-11	0.776812141913386	0.674	0.437	8.57778393891903e-07
hoxa3a	6.02621669922216e-11	1.13637215139346	0.628	0.353	8.75609286396979e-07
hnrnpa0b	6.22341016211735e-11	0.722957047396779	0.93	0.834	9.04261496555651e-07
ampd2b	6.52902533157154e-11	0.279810250560814	0.105	0.014	9.48667380677344e-07
zgc:110158	7.8611536880695e-11	0.680805453669111	0.279	0.087	1.1422256308765e-06
clta	7.99339206082655e-11	0.759094631050164	0.826	0.651	1.1614398664381e-06
mycbp2	8.96874667063491e-11	0.591258923522773	0.267	0.081	1.30315889124325e-06
rcan1a	9.52220468329287e-11	0.678942636562586	0.5	0.229	1.38357634048245e-06
strap	9.73541569901932e-11	0.750841639802534	0.535	0.285	1.41455590106751e-06
rbm4.3	1.01072255200032e-10	0.701155648603131	0.919	0.751	1.46857986805646e-06
kdm4b	1.05228341984586e-10	0.709281923940794	0.558	0.29	1.52896780903603e-06
si:dkey-196j8.2	1.17658052972881e-10	0.330188368356914	0.116	0.018	1.70957150969596e-06
atp2b1a	1.26956381588754e-10	0.672497346942414	0.419	0.17	1.84467622448459e-06
ncs1a	1.27309564388215e-10	0.408060221050189	0.128	0.022	1.84980797056077e-06
pfkpa	1.28518535752653e-10	0.405333417375251	0.14	0.025	1.86737432448605e-06
dab1a	1.38948079596112e-10	0.297192395287832	0.105	0.015	2.01891559653151e-06
map2	1.44283845525989e-10	0.402685702088062	0.198	0.047	2.09644427549262e-06
cox5aa	1.62600025200325e-10	0.768200159347348	0.826	0.717	2.36257836616072e-06
fam32a	1.77478781435763e-10	0.754183724739392	0.756	0.56	2.57876669426163e-06
smarcc2	1.82644907662499e-10	0.554024812573712	0.221	0.058	2.65383050833611e-06
arl8a	1.82843461291661e-10	0.772599189351423	0.581	0.327	2.65671549256784e-06
zgc:171759	2.00757782314772e-10	0.649785453974467	0.314	0.105	2.91701057703363e-06
srsf3b	2.04404235723116e-10	0.722304054326017	0.872	0.7	2.96999354505688e-06
wdr41	2.1080699839927e-10	0.505592746648381	0.221	0.059	3.06302568674139e-06
gnb1a	2.25043969020372e-10	0.958412440685439	0.744	0.572	3.269888869866e-06
si:dkey-7j14.5	2.25590027214999e-10	0.450383221633261	0.116	0.018	3.27782309543393e-06
march8	2.4132533174856e-10	0.379883835688635	0.151	0.03	3.50645707030657e-06
tmem203	2.70314598712529e-10	0.604910748832134	0.291	0.097	3.92767111929304e-06
eml1	2.87640613548352e-10	0.482906620739082	0.267	0.078	4.17941811485756e-06
slkb	2.96056759274343e-10	0.44468007715945	0.186	0.044	4.3017047122562e-06
dalrd3	3.05541438776434e-10	0.512108208794552	0.209	0.054	4.43951710542158e-06
map1lc3b	3.0978884160694e-10	0.963490100271936	0.756	0.558	4.50123186854884e-06
hmg20a	3.16986125301801e-10	0.674135551197968	0.442	0.201	4.60580840063517e-06
zgc:163040	3.72161138613688e-10	0.426255578278569	0.186	0.045	5.40750134405689e-06
ptp4a1	4.19683437191655e-10	0.627713660139868	0.907	0.791	6.09800034239475e-06
hnrpkl	4.8443712117342e-10	0.688546629768134	0.674	0.439	7.03887137064979e-06
ncam1a	4.85433149044642e-10	0.430734943577874	0.163	0.035	7.05334365561865e-06
rasd4	4.86984697371827e-10	0.519638040437089	0.105	0.016	7.07588765281265e-06
hoxa10b	5.08266547905112e-10	1.09982721156933	0.267	0.085	7.38511294106127e-06
usf1	5.2187873160187e-10	0.735390192265655	0.512	0.266	7.58289797017516e-06
gramd1a	5.44697735778163e-10	0.288708107783779	0.105	0.016	7.91445810085671e-06
nxn	5.71882231172218e-10	0.559480655999592	0.291	0.095	8.30944881893232e-06
sh3glb2b	5.85370336469225e-10	0.769779252782636	0.453	0.206	8.50543098889784e-06
znf503	6.13784559114954e-10	0.744830631962301	0.291	0.099	8.91828964394028e-06
gnao1a	6.82224335578083e-10	0.321866791441487	0.116	0.02	9.91271959594955e-06
gabarapa	7.08590617022658e-10	0.744483507391495	0.628	0.37	1.02958216653392e-05
bckdk	7.21395531882774e-10	0.663906691528483	0.465	0.223	1.04818770782567e-05
erh	7.53103770691855e-10	0.605231341731482	0.884	0.812	1.09425977881526e-05
slc35g2a	7.65996432721549e-10	0.347892175948246	0.221	0.057	1.11299281674441e-05
zbtb20	7.66256395945175e-10	0.359848185504132	0.198	0.048	1.11337054330834e-05
yaf2	7.79361230136425e-10	0.811911632454087	0.453	0.213	1.13241186738823e-05
zgc:162858	7.99491031937416e-10	0.454635838045561	0.233	0.065	1.16166046940507e-05
cct8	8.54459972788211e-10	0.73404819746939	0.837	0.716	1.24153034046127e-05
ankhb	9.2645315578659e-10	0.382076607041323	0.151	0.032	1.34613643535792e-05
txnl4a	9.34639581525366e-10	0.893286776984777	0.57	0.334	1.35803131195636e-05
rmdn3	9.66842010194897e-10	0.408447177727105	0.128	0.024	1.40482144081318e-05
phf14	9.88430752560796e-10	0.689393813547384	0.337	0.132	1.43618988347084e-05
RAMP1	1.03122555746949e-09	0.925501096480891	0.233	0.069	1.49837073500317e-05
atraid	1.036777227802e-09	0.384928337914217	0.174	0.04	1.50643731199631e-05
selenow2a	1.04832386043954e-09	0.829904930661413	0.453	0.224	1.52321456921865e-05
bicra	1.05956741306293e-09	0.358099389292933	0.14	0.028	1.53955145118044e-05
dpy19l3	1.11483012580221e-09	0.418130223716869	0.14	0.028	1.61984817279061e-05
cdc34b	1.13266433194119e-09	0.750622279638893	0.523	0.28	1.64576127431055e-05
tdg.1	1.19706914077524e-09	0.615358209607586	0.349	0.139	1.73934146154643e-05
gtf2a1	1.21461818315998e-09	0.70831838188315	0.477	0.239	1.76484022013146e-05
ube2d2	1.23510603323651e-09	0.729341125517681	0.767	0.624	1.79460906629265e-05
pik3ip1	1.33310337263424e-09	0.666209032018102	0.442	0.192	1.93699920043755e-05
ube2v1	1.34828809964469e-09	0.59504732172232	0.837	0.719	1.95906260878374e-05
atf7ip	1.39533023598762e-09	0.766061920235613	0.744	0.514	2.02741483289001e-05
tcea1	1.42494288151042e-09	0.659532504568997	0.674	0.459	2.07044200683464e-05
oxct1a	1.46237858562107e-09	0.463321453100287	0.233	0.067	2.12483608490742e-05
socs7	1.69416098175032e-09	0.331320314260321	0.14	0.028	2.46161590648322e-05
elovl6	1.71582650242213e-09	0.585049244909929	0.267	0.085	2.49309590801935e-05
ypel3	1.83297597291898e-09	0.542956246119755	0.221	0.064	2.66331408865128e-05
mllt10	1.85116399440937e-09	0.802272490368371	0.372	0.153	2.68974128387682e-05
sumo2b	1.85236032301791e-09	0.573110359975866	0.93	0.904	2.69147954934502e-05
si:ch73-46j18.5	1.92957629049719e-09	0.727714746805004	0.605	0.376	2.80367435009241e-05
slc35e4	1.97333250929377e-09	0.287880481710879	0.14	0.028	2.86725213600384e-05
clvs2	2.05237749684877e-09	0.378067117142883	0.163	0.036	2.98210450292126e-05
ncor2	2.06997674121156e-09	0.640219057126261	0.349	0.138	3.00767620498039e-05
slc9a7	2.0760543912266e-09	0.342531614862277	0.116	0.02	3.01650703045226e-05
chn1	2.08099881234564e-09	0.744618046709986	0.279	0.095	3.02369127433821e-05
dynll2b	2.12561778710523e-09	0.932404241146727	0.57	0.318	3.0885226446639e-05
adgrg1.1	2.19939388769683e-09	0.517726236256764	0.198	0.052	3.1957193188235e-05
atp2b3a	2.22223896072835e-09	0.307379165256498	0.105	0.017	3.22891320993829e-05
bmi1a	2.35286509020467e-09	0.555983483170129	0.198	0.053	3.41871297606738e-05
zgc:92873	2.36587767270474e-09	0.319568287048457	0.128	0.024	3.43762025843998e-05
bcl2b	2.49984043988781e-09	0.332091073950417	0.128	0.024	3.63226815915698e-05
foxo3a	3.13962988526724e-09	0.377667083135355	0.174	0.042	4.5618822232933e-05
sall1a	3.25296368168104e-09	0.654028339600375	0.174	0.042	4.72655622948256e-05
uros	3.35332284543355e-09	0.425051445104155	0.198	0.053	4.87237809441495e-05
camsap1b	3.46607313299756e-09	0.303778740770587	0.128	0.025	5.03620426224545e-05
palm1b	3.83346273613317e-09	0.663338752348846	0.558	0.29	5.57002135560149e-05
znf827	3.92758264165821e-09	0.528759084166404	0.221	0.064	5.70677757832938e-05
gdpd1	3.94502495635349e-09	0.256363334890923	0.105	0.017	5.73212126158163e-05
sox4b	4.48860371780636e-09	0.426231123899926	0.233	0.068	6.52194120197264e-05
foxn3	4.49810891372207e-09	0.370065972333509	0.151	0.034	6.53575225163816e-05
hmgn7	4.5282710205458e-09	0.484553903471558	1	0.891	6.57957779285306e-05
syt1a	4.67280531073633e-09	0.605469509728138	0.198	0.052	6.78958611649988e-05
chchd6a	4.77973110811171e-09	0.5485235255742	0.233	0.072	6.94494930008632e-05
zc2hc1a	4.80274844873672e-09	0.598570863821719	0.267	0.093	6.97839349601446e-05
cirbpa	4.85173413641132e-09	0.464892724480999	1	0.941	7.04956970020565e-05
rab14	5.15564068167508e-09	0.698157968648154	0.698	0.472	7.4911459104739e-05
myh14	5.3008237783993e-09	0.312901363003949	0.128	0.025	7.70209695001418e-05
rbm4.1	5.54033676581466e-09	0.681076889905334	0.43	0.204	8.0501093207287e-05
aif1l	5.98745734088208e-09	0.534583137443103	0.384	0.164	8.69977551630166e-05
cdkn1ca	5.99615933722613e-09	0.869936918696959	0.36	0.148	8.71241951698957e-05
zfr	6.41988836927427e-09	0.677046296711904	0.372	0.16	9.32809780055552e-05
srsf5b	6.45911196289451e-09	0.65787323394979	0.5	0.266	9.38508968208572e-05
phc2b	6.87414321576935e-09	0.674061848255865	0.279	0.098	9.98813009251287e-05
dcun1d1	6.97887572462638e-09	0.495666985379574	0.291	0.104	0.000101403064278821
rsrc2	7.0018690292669e-09	0.633569002338909	0.558	0.319	0.000101737156995248
ankrd12	7.34239249941773e-09	0.629986932320782	0.523	0.287	0.00010668496301654
rnf2	7.36000918701288e-09	0.766909564901128	0.605	0.38	0.000106940933487297
pdzd11	7.41075137689072e-09	0.779795637963056	0.465	0.248	0.000107678217506222
camk2g2	7.64838005850495e-09	0.549873052094095	0.244	0.078	0.000111130962250077
si:ch211-51e12.7	8.30870386460263e-09	0.730230006993489	0.779	0.632	0.000120725467152676
baz2ba	8.61656391815527e-09	0.599593060971736	0.349	0.143	0.000125198673730796
ppp1r7	8.66434626053831e-09	0.670514097583322	0.326	0.134	0.000125892951165622
h3f3b.1.1	9.21737168409198e-09	0.635508020012583	0.953	0.887	0.000133928410569856
si:ch211-137a8.4	9.27483576531024e-09	0.666422857334757	0.535	0.271	0.000134763363669958
vldlr	9.95668761537736e-09	0.405695487514391	0.186	0.049	0.000144670671051433
si:ch211-166e11.5	1.04574768783576e-08	0.348363318973744	0.174	0.044	0.000151947139042537
si:ch211-214j24.9	1.06242718460741e-08	0.414374827202167	0.116	0.022	0.000154370669923456
pias4a	1.07181043462895e-08	0.728236458798676	0.419	0.207	0.000155734056151586
zgc:171566	1.11162335792659e-08	0.343380573616792	0.105	0.018	0.000161518873906733
ldha	1.15310640113961e-08	0.930317230096134	0.302	0.117	0.000167546360085585
nudt3b	1.17273534950596e-08	0.350947235320622	0.116	0.022	0.000170398446283216
arl6ip5b	1.30669795949823e-08	0.528391685025103	0.442	0.199	0.000189863213515093
CABZ01075125.1	1.3142316459372e-08	0.794836241695161	0.291	0.106	0.000190957858154675
dbn1	1.332332146674e-08	0.347954108998147	0.151	0.035	0.000193587860911732
eif4a1b	1.36839982069373e-08	0.608655361668198	0.884	0.775	0.000198828493946799
dynll2a	1.38154458235112e-08	0.835116843101744	0.302	0.12	0.000200738427815618
tra2b	1.39976324152591e-08	0.758228862495844	0.395	0.195	0.000203385598993715
ankrd46b	1.54890997720369e-08	0.531928706586083	0.256	0.088	0.000225056619687696
zgc:101679	1.59274162577683e-08	0.484559827628101	0.256	0.088	0.000231425358225374
chd4b	1.7077029394869e-08	0.845712142791775	0.593	0.379	0.000248129237107446
gpkow	1.78398304741e-08	0.572678862288217	0.384	0.174	0.000259212736788673
cmtr2	1.93091874073611e-08	0.33569996831779	0.116	0.023	0.000280562493028956
ttc5	1.94828460279675e-08	0.406371678180474	0.209	0.062	0.000283085752786368
vbp1	1.99464954418357e-08	0.733664753341837	0.558	0.341	0.000289822578769873
smarca4a	2.11401036084163e-08	0.694994330188636	0.605	0.387	0.000307165705430289
ache	2.16464726451879e-08	0.367090682087484	0.105	0.019	0.000314523247534581
caprin1b	2.21040167311458e-08	0.528331247925508	0.57	0.329	0.000321171363103549
wrb	2.22761264427464e-08	0.651729079310049	0.465	0.237	0.000323672117213105
fbxl6	2.6226083394293e-08	0.736249806044658	0.384	0.177	0.000381064991719077
stk11	2.65883555378001e-08	0.532241317624336	0.36	0.157	0.000386328805964235
ube2ia	2.68033121966562e-08	0.650335584259078	0.651	0.43	0.000389452126217414
fgf13a	2.83176155899629e-08	0.463408919779594	0.174	0.046	0.000411454954522161
rrm2b	2.94743506748193e-08	0.419719211575146	0.151	0.036	0.000428262315305124
otub1b	3.12922499314039e-08	0.638661907189603	0.465	0.256	0.000454676391503299
anos1a	3.22522221344224e-08	0.651867131055881	0.151	0.036	0.000468624787613157
ywhae1	3.45058777757897e-08	0.744651738915952	0.826	0.714	0.000501370404082224
ssbp4	3.79820638848886e-08	0.567168533952763	0.407	0.19	0.000551879388247431
hdac1	3.82973015064459e-08	0.488712301683052	0.907	0.764	0.00055645979088866
pou4f1	3.8335567022918e-08	0.790206436572859	0.116	0.023	0.000557015788842998
si:dkey-174n20.1	3.94623075368168e-08	0.378131380880159	0.151	0.037	0.000573387328509949
thap4	4.27586909208334e-08	0.512020652648997	0.198	0.059	0.00062128377907971
cntnap2a	4.34982366068694e-08	0.277994801893956	0.105	0.019	0.000632029377897812
uprt	4.36294771003892e-08	0.504050534588506	0.314	0.127	0.000633936302268655
rab3ip	4.87784390150871e-08	0.619702986019419	0.419	0.197	0.000708750718889215
ube2ib	5.01896943044261e-08	0.621772988143684	0.767	0.567	0.000729256258243311
cxxc1a	5.08002060044582e-08	0.497182033971159	0.279	0.104	0.000738126993244778
u2af2a	5.39898381803319e-08	0.64795683139548	0.43	0.22	0.000784472348760223
jakmip2	5.5392353916373e-08	0.273691059720332	0.116	0.023	0.000804850902404899
slc7a6os	5.63239600021377e-08	0.560784029561891	0.337	0.144	0.00081838713883106
FOXK2	5.70325900123157e-08	0.61079825614896	0.442	0.224	0.000828683532878948
edil3a	5.85118829297692e-08	0.406857064548095	0.116	0.024	0.000850177658969547
ppid	5.944734896075e-08	0.59296075307199	0.686	0.456	0.000863769980399698
trappc6b	6.1621187127539e-08	0.573458065238411	0.267	0.099	0.000895355848963141
rab2a	6.27617522268038e-08	0.484222536998953	0.907	0.749	0.00091192825985546
zgc:153521	6.48713978284646e-08	0.302112804875758	0.105	0.02	0.00094258141044759
hnrnpub	7.72966425326211e-08	0.703331092833942	0.674	0.463	0.00112312021599898
maea	8.29204120805878e-08	0.495098887722809	0.233	0.08	0.00120483358753094
tnip1	8.34284026504829e-08	0.500184124842661	0.279	0.105	0.00121221469051152
rnf20	8.55589332553595e-08	0.537852041659526	0.337	0.148	0.00124317130020037
TCIM (1 of many)	9.2826044856196e-08	0.462623615959671	0.151	0.038	0.00134876243176053
taf7	9.51219878700432e-08	0.592080774683735	0.523	0.313	0.00138212248375173
mapre1b	9.6743670043758e-08	0.601499299267348	0.651	0.446	0.0014056855257358
zdhhc16a	9.76797982394049e-08	0.491627844520732	0.198	0.061	0.00141928746841855
runx1t1	9.84031922488967e-08	0.477315760362845	0.186	0.054	0.00142979838337647
kmt5aa	1.0447072271131e-07	0.677897052826931	0.628	0.451	0.00151795960099533
meaf6	1.07103991374693e-07	0.61577874149965	0.802	0.649	0.0015562209946743
tsc22d1	1.10267713820178e-07	0.599116345894975	0.512	0.265	0.00160218988180718
rabl6a	1.1446746299476e-07	0.351569824787435	0.174	0.049	0.00166321223731386
megf8	1.16875506080322e-07	0.496338386538	0.198	0.061	0.00169820110334708
mcf2l2	1.21091118997557e-07	0.433194602207417	0.14	0.034	0.0017594539590345
phf2	1.23445160184212e-07	0.437523375959143	0.267	0.1	0.0017936581774766
pou3f1	1.41481691628805e-07	0.449617392173116	0.221	0.071	0.00205572897936654
kdm5bb	1.48428107553247e-07	0.45993731254156	0.256	0.093	0.00215666040274869
stam	1.48697658853027e-07	0.500860448657316	0.256	0.094	0.00216057698313448
ppp2r2d	1.51928814690068e-07	0.602711225180199	0.43	0.229	0.00220752567744669
cdr2l	1.61706088657454e-07	0.519694570343496	0.279	0.108	0.00234958946819281
strbp	1.63173219335073e-07	0.28092979568508	0.116	0.025	0.00237090687693861
ttll1	1.69584716513979e-07	0.308720476465242	0.151	0.039	0.00246406593094812
hmga1b	1.73292196833515e-07	0.361773494803105	0.128	0.029	0.00251793561999097
ggctb	1.74285059920059e-07	0.374701872912296	0.174	0.05	0.00253236192063846
si:ch211-241b2.1	1.83753913672086e-07	0.408127988367193	0.198	0.062	0.00266994436565541
larp6a	1.88779753725256e-07	0.419156546957558	0.233	0.08	0.00274296982162797
mtfr1l	1.97741906836977e-07	0.440271666746057	0.267	0.102	0.00287318990634127
kctd6b	2.03600924588738e-07	0.379502267945241	0.116	0.025	0.00295832143427436
evla	2.1094209454798e-07	0.452528905611443	0.244	0.087	0.00306498863378215
zdhhc9	2.11155683438679e-07	0.341543105413165	0.186	0.055	0.003068092080364
rimkla	2.14831894301745e-07	0.622834992218871	0.465	0.26	0.00312150742420436
crabp1b	2.18648719985954e-07	1.4458180194925	0.256	0.092	0.00317696590139591
arid1b	2.20524330406098e-07	0.431553335784315	0.186	0.057	0.00320421852080061
cops7a	2.26557344825063e-07	0.562734710553386	0.453	0.251	0.00329187822030816
pak2b	2.28049973170842e-07	0.70697146804179	0.57	0.388	0.00331356611017233
cbx5	2.3835310651178e-07	0.487119329169591	0.791	0.612	0.00346327063761616
bpgm	2.38924348851581e-07	0.440799257890715	0.209	0.069	0.00347157078881347
ppic	2.40026311027671e-07	0.276736845943362	0.116	0.025	0.00348758229923206
cfl1	2.41156630125593e-07	0.344765480315525	0.977	0.978	0.00350400583572486
smarcd1	2.5089785429363e-07	0.651052540988928	0.593	0.395	0.00364554582288644
amer2	2.50952087449392e-07	0.382956203399587	0.151	0.04	0.00364633383063966
csrnp2	2.56210670964698e-07	0.388141120004775	0.163	0.046	0.00372274104911706
ttll7	2.57697373733317e-07	0.279845606295444	0.116	0.025	0.0037443428403451
mat2b	2.67044637781706e-07	0.466288075654997	0.198	0.064	0.00388015858696818
khdrbs1b	2.80964148724009e-07	1.11335462257615	0.57	0.4	0.00408240908095985
magi1b	3.14123751764944e-07	0.365670342240247	0.198	0.062	0.00456421811314464
tpgs2	3.31043636948561e-07	0.354621094499022	0.128	0.031	0.0048100640448626
kdm6ba	3.95395864404296e-07	0.517427969708638	0.302	0.127	0.00574510190979443
snx3	4.01806606986029e-07	0.521406157186884	0.5	0.288	0.00583824999950699
trappc4	4.58258316522546e-07	0.599303944787837	0.384	0.192	0.00665849333907259
sh3bp5b	4.66524193351958e-07	0.344801323860529	0.128	0.031	0.00677859652940396
ranbp9	4.73134713450647e-07	0.618389136226054	0.419	0.22	0.0068746473864379
arl4d	4.76673052230627e-07	1.00047016917329	0.291	0.129	0.00692605944891101
btf3l4	4.83974387725533e-07	0.639016629269949	0.616	0.421	0.00703214785365199
COX5B	5.153278257443e-07	0.448823434210522	0.953	0.849	0.00748771330806468
smarcad1b	5.55810327742985e-07	0.4210307448606	0.174	0.053	0.00807592406210557
cox4i1	5.64483767820052e-07	0.497458203359787	0.977	0.846	0.00820194914642535
akt1s1	5.84434502758562e-07	0.767926183684336	0.523	0.334	0.0084918333250819
zgc:173587	5.8462204650275e-07	0.488035137777726	0.209	0.071	0.00849455833568495
anp32e	5.88639039419747e-07	0.520822379085059	0.674	0.487	0.00855292524276892
ogt.1.1	6.17705929807923e-07	0.539123259810755	0.244	0.094	0.00897526716010912
mpc1	6.30252620442575e-07	0.548006028356865	0.616	0.433	0.00915757057503061
hnrnpua	6.31440848242132e-07	0.591244310864022	0.314	0.142	0.00917483552495817
rab11a	6.39386930929967e-07	0.753028903729911	0.581	0.425	0.00929029210641243
sdf2l1	6.66703467351822e-07	0.482584728084021	0.465	0.252	0.00968720138062198
nosip	6.68670045387961e-07	0.424718240078521	0.291	0.121	0.00971577575948707
si:ch211-14a17.11	6.95402169892138e-07	0.565817318472973	0.395	0.205	0.0101041935285328
ttpal	7.48216579942636e-07	0.508763144775663	0.267	0.108	0.0108715869065665
hoxd9a	7.572677561783e-07	0.676414797869325	0.221	0.079	0.0110031004972707
tmbim4	7.61334331462454e-07	0.74013218632377	0.407	0.216	0.0110621878361495
ube2v2	7.6986705157633e-07	0.494977149501918	0.826	0.668	0.0111861682594041
ptena	8.10712626365664e-07	0.559504840356148	0.477	0.288	0.0117796544610931
zgc:92140	8.75711102440242e-07	0.542128476242987	0.314	0.141	0.0127240823184567
cct6a	9.13595961181859e-07	0.555785636477672	0.779	0.683	0.0132745493159724
ddx59	9.23178337874177e-07	0.28575613157716	0.105	0.023	0.0134137812493118
ndufs3	1.1156978615419e-06	0.515024170248652	0.616	0.414	0.0162110899282038
ubtf	1.16227014636719e-06	0.625549390472822	0.43	0.245	0.0168877852267153
tmem50a	1.17751765117089e-06	0.437428206395645	0.64	0.401	0.017109331471513
tia1	1.21307078647175e-06	0.553699575161278	0.465	0.271	0.0176259185274345
pfdn5	1.23031027548884e-06	0.657600925008695	0.593	0.432	0.0178764083028528
yeats4	1.27743014876634e-06	0.530200617559547	0.488	0.296	0.0185610600615749
taf1	1.29601018106491e-06	0.330631404616524	0.151	0.044	0.0188310279308731
ap3s2	1.4121718071279e-06	0.602742200355188	0.488	0.298	0.0205188563575684
myl6	1.51879041667564e-06	0.545899249100565	0.547	0.332	0.0220680247542971
gid8a	1.51953386603521e-06	0.507974137311941	0.349	0.177	0.0220788270734916
gse1	1.5337425491125e-06	0.678291010080135	0.291	0.134	0.0222852792386047
ash1l	1.54125869540087e-06	0.448610083092129	0.267	0.11	0.0223944888441747
tomm20b	1.55927697219189e-06	0.651513063483316	0.767	0.668	0.0226562944059481
arglu1a	1.60719549392699e-06	0.537142848444663	0.349	0.171	0.0233525505267591
ubl3b	1.63115288896213e-06	0.444563530666861	0.198	0.069	0.0237006514766198
sgip1a	1.74304621406105e-06	0.312901780305193	0.116	0.028	0.025326461490307
gb:bc139872	1.76974221450082e-06	0.456944793689911	0.302	0.134	0.0257143543766969
eef1g	1.95855386682555e-06	0.335408201931557	1	0.991	0.0284577876849753
cdk2ap2	2.00914503223067e-06	0.481157185723785	0.291	0.13	0.0291928773183116
lmnl3	2.05010319377714e-06	0.255939221098361	0.116	0.028	0.0297879994055818
nr2f1a	2.07209221228871e-06	0.628143817483673	0.302	0.132	0.0301074998445549
zgc:111986	2.14556175004789e-06	0.662066024102833	0.64	0.459	0.0311750122281958
tmed7	2.16590385562052e-06	0.63235686323875	0.709	0.574	0.0314705830221662
phf21aa	2.3629953124476e-06	0.362735746518079	0.151	0.045	0.0343343218898637
rnf7	2.38570648876688e-06	0.565795472124698	0.57	0.387	0.0346643152817828
ctsf	2.38576907490432e-06	0.489779649875235	0.512	0.298	0.0346652246583598
ppp2r1ba	2.40155227572052e-06	0.553447117255754	0.616	0.465	0.0348945545662192
ppp3ccb	2.45151772031762e-06	0.354234550401201	0.151	0.045	0.035620552476215
elob.1	2.4787701179383e-06	0.657940372186854	0.581	0.42	0.0360165298136435
si:ch211-140m22.7	2.67561309706186e-06	0.707308370833855	0.326	0.162	0.0388766583003088
erbin	2.6879928533467e-06	0.391324833737475	0.174	0.058	0.0390565361591276
ephb2b	2.76365148647168e-06	0.306194741291612	0.116	0.029	0.0401558560984335
elavl1b	2.78183947795877e-06	0.535037650138897	0.302	0.143	0.0404201276147409
r3hdm1	2.89369160655509e-06	0.324483200917395	0.233	0.087	0.0420453390432454
trappc1	2.98656858427498e-06	0.512473697489771	0.547	0.355	0.0433948415295154
mapre3b	3.00833403188483e-06	0.344918282542387	0.151	0.045	0.0437110934832866
hnrnph1l	3.05138679624499e-06	0.515759490461088	0.674	0.505	0.0443366501494397
kpna1	3.14075110116635e-06	0.430990154821839	0.244	0.099	0.0456351134999471
tle2a	3.18943526700313e-06	0.665241875388492	0.349	0.181	0.0463424944295555
syf2	3.20511485883395e-06	0.465552054763063	0.698	0.52	0.0465703188988572
creb1a	3.20757635536568e-06	0.539707772757101	0.419	0.239	0.0466060844434633
casc4	3.27602634276964e-06	0.252657213182488	0.116	0.029	0.0476006627604429
ube2na	3.38494230578394e-06	0.54301135293184	0.64	0.489	0.0491832117030406
