gene	p_val	avg_log2FC	pct.1	pct.2	p_val_adj
si:dkey-164f24.2	0	3.13483519617566	0.87	0.067	0
hoxa13b	3.63624700545713e-284	2.12709896042064	0.684	0.043	5.2834668989292e-280
f13a1b	4.59868917975205e-260	2.42277194211009	0.822	0.083	6.68189537817973e-256
itga9	1.36227302075109e-254	2.40615021726764	0.814	0.09	1.97938269915134e-250
CABZ01076996.1	4.2645511281775e-227	1.30818880413394	0.49	0.023	6.19639278924191e-223
gyg1b	1.14672404781652e-223	2.80092694570163	0.933	0.168	1.66619004147741e-219
fgfbp2b	1.51866446266724e-217	2.93813035798747	0.992	0.199	2.2066194642555e-213
clic2	5.42013772286233e-207	2.47114057205878	0.866	0.133	7.87546011131897e-203
ppp1r1c	1.81785340465404e-203	1.95170984612485	0.771	0.096	2.64134099696233e-199
loxl4	1.00227749940608e-190	1.62016676609738	0.644	0.064	1.45630920663704e-186
fam49a	3.81856185322509e-183	2.80727836949941	0.964	0.276	5.54837037273605e-179
col8a2	7.70730876922454e-183	1.94834676572201	0.715	0.088	1.11987196416833e-178
fam129ba	5.97948910328316e-182	1.90534402219962	0.664	0.081	8.68819766707043e-178
fhl1b	1.41886599675756e-173	2.77139794486569	0.85	0.173	2.06161229328873e-169
hoxa10b	1.0772461035365e-161	1.60851664337838	0.549	0.057	1.56523858843853e-157
tagln2	6.46937127401785e-158	2.59477343136581	0.862	0.204	9.39999646114793e-154
palld	2.70759609689226e-154	2.2309703357906	0.846	0.196	3.93413712878446e-150
si:ch211-156j16.1	3.65286709350963e-151	1.63382966994849	0.964	0.287	5.30761588686949e-147
zic2a	3.31680005587646e-150	1.7744142986885	0.447	0.037	4.8193104811885e-146
hoxa11b	1.28359101701985e-149	1.53034903534689	0.534	0.059	1.86505774772984e-145
nid1a	2.61258233827574e-149	1.32252175022548	0.538	0.059	3.79608213751464e-145
tmem45a	7.21183070870218e-145	1.84817743999935	0.783	0.17	1.04787900197443e-140
nog3	4.91905183737651e-140	1.69706916021589	0.482	0.051	7.14738231970807e-136
hoxa13a	1.19171188825488e-136	1.0901576915511	0.273	0.01	1.73155737363434e-132
fsta	1.11926985730795e-133	1.93420983533793	0.601	0.091	1.62629910266845e-129
cldn7a	4.17678613543785e-133	0.936162754733314	0.32	0.018	6.06887025479119e-129
loxl1	5.17847908629517e-133	1.31050669018092	0.557	0.075	7.52433011238688e-129
tuft1a	1.47925604589609e-131	1.68485592225093	0.684	0.123	2.14935903468702e-127
fhl3b	3.90580700734184e-131	1.4437782803495	0.455	0.048	5.67513758166769e-127
krt18a.1	5.04871021212473e-129	2.71512133986797	1	0.598	7.33577593821723e-125
lhx2b	2.58786135415944e-124	0.935795857160285	0.308	0.018	3.76016254759366e-120
abtb2a	2.61141458598687e-124	1.46642348500703	0.561	0.086	3.79438539343892e-120
cpne2	3.85213689310204e-124	1.29112749317367	0.411	0.04	5.59715490567726e-120
krt8	4.77010242357555e-120	2.17308148076701	1	0.714	6.93095882145527e-116
hbegfa	1.32339600139125e-118	2.11422585695583	0.783	0.202	1.92289439002148e-114
col9a3	6.20773848327316e-118	1.16832387003863	0.771	0.156	9.0198440161959e-114
tgm2l	3.30573770125792e-115	2.31321797082002	0.569	0.094	4.80323687992776e-111
col2a1a	1.3904400874229e-111	0.987420136355222	0.802	0.177	2.02030944702548e-107
igfbp3	6.35912026514133e-108	1.63726914599361	0.581	0.103	9.23980174525035e-104
msna	7.90857317947998e-108	1.85748770216061	0.988	0.743	1.14911568297844e-103
sema3d	1.23344688762988e-107	0.960893347439624	0.36	0.035	1.79219832772622e-103
tbx5a	1.43159694441422e-104	0.922347037501957	0.364	0.037	2.08011036023386e-100
col9a1a	1.23600289734813e-103	1.04133174210167	0.763	0.167	1.79591220984684e-99
igf2a	1.20274173397324e-102	1.87058249110452	0.49	0.077	1.74758373946311e-98
sept8b	2.24550735922461e-98	1.2653540205335	0.506	0.084	3.26272219295336e-94
pdlim5a	2.43547178497388e-98	1.19854649607199	0.502	0.08	3.53874050356705e-94
enah	4.3520956487445e-97	1.2997116951932	0.482	0.08	6.32359497762576e-93
carhsp1	2.75248151476017e-96	1.52256186160032	0.834	0.304	3.99935564094653e-92
pacsin3	3.24206032080763e-95	1.34953374056838	0.609	0.141	4.71071364613349e-91
tbx15	3.44197652351695e-95	1.05306405656157	0.447	0.064	5.00119188867013e-91
aff3	5.01958542755265e-95	1.4088917149489	0.502	0.09	7.29345762623401e-91
hapln1a	4.41010138158063e-94	1.75969406251056	0.818	0.282	6.40787730743666e-90
tpm4a	1.48152788687386e-91	1.5736820243079	0.976	0.545	2.15266001962773e-87
sec61b	6.67039513497097e-91	1.4421221952616	0.988	0.846	9.69208413111282e-87
arpc1b	6.90584951358265e-90	1.55811578516197	0.794	0.276	1.00341993432356e-85
papss2b	6.92370104865924e-90	1.30410054971356	0.648	0.163	1.00601376237019e-85
clic4	3.43123253668526e-89	1.71897792204707	0.85	0.381	4.98558087580368e-85
foxc1b	6.09341724516659e-89	1.80636349014449	0.787	0.279	8.85373525722705e-85
wwp2	4.22557932775604e-88	1.24373636400767	0.561	0.122	6.13976676322953e-84
fam169aa	1.28628373504395e-84	0.545106776765092	0.202	0.011	1.86897026701886e-80
zgc:153867	7.27395172196832e-83	1.41907913036953	0.98	0.834	1.056905185202e-78
klf2b	7.30626615392489e-83	1.43879792926476	0.514	0.103	1.06160047216529e-78
ftr83	6.73017877612151e-80	0.870044629903321	0.281	0.029	9.77894976170456e-76
zgc:162879	1.88894873505316e-79	0.873435338888256	0.292	0.031	2.74464251203224e-75
myl9b	1.21672821699103e-77	1.49475079925753	0.897	0.481	1.76790609928796e-73
fgfrl1b	4.05902021342372e-77	1.10350024902316	0.51	0.112	5.89775637010467e-73
hoxd12a	2.44839828367455e-75	1.22151160853646	0.34	0.047	3.55752270617912e-71
emilin3a	3.71864850853083e-75	0.585265547436439	0.174	0.009	5.40319628289529e-71
calua	4.25429185840265e-75	1.32020605171533	0.842	0.384	6.18148607025905e-71
hand2	8.29761765752451e-75	1.33431573589457	0.862	0.35	1.20564384563831e-70
krt4	8.40889855844518e-75	0.919433551942269	0.613	0.177	1.22181296054208e-70
hapln1b	1.69576348991245e-73	1.0638933727789	0.47	0.089	2.46394435084279e-69
mmp2	2.40488890886742e-73	1.31362157252679	0.83	0.328	3.49430358458436e-69
pdcd6	3.99185465875239e-73	1.47232038317182	0.802	0.327	5.80016481916723e-69
pawr	5.37132353628116e-73	0.995536160285829	0.32	0.043	7.80453309821653e-69
eef1a1l1	8.21539762408103e-73	0.491527051323192	1	1	1.19369727477897e-68
wif1	1.49460479392166e-71	1.24409003975977	0.379	0.063	2.17166076556817e-67
si:ch211-204c21.1.1	1.37823699729583e-70	0.834136464694288	0.356	0.056	2.00257835707084e-66
crabp2b	4.07227059537026e-70	1.38311463464936	0.771	0.318	5.91700917507299e-66
sec61g	4.95953026445851e-70	0.959494757493031	0.996	0.982	7.20619747425822e-66
prickle1b	1.63334142614941e-68	1.1396793802055	0.51	0.127	2.3732450921951e-64
foxc1a	2.01718619071921e-68	1.26212155290423	0.64	0.203	2.93097153511501e-64
frmd4ba	2.39929861094346e-68	0.644940231165071	0.233	0.023	3.48618088170084e-64
gnai2a	4.19790593732822e-68	1.25999921226281	0.814	0.388	6.09955732693791e-64
actb2	4.37632367360877e-68	0.930978031834647	1	0.999	6.35879829775355e-64
pim3	8.03998636037235e-68	1.54161726257676	0.814	0.379	1.1682100181621e-63
snai1a	1.0514139655007e-67	1.68384026039239	0.83	0.398	1.52770449187252e-63
ctnnb2	3.00822484558489e-67	1.38368947645297	0.858	0.497	4.37095070063484e-63
yif1a	3.39387954363572e-66	1.40397242214747	0.779	0.359	4.9313069769027e-62
myl12.1	2.0609440284744e-64	0.985975586006635	0.996	0.93	2.9945516733733e-60
si:dkey-19b23.8	3.86800719683079e-64	1.50444862016434	0.407	0.083	5.62021445699513e-60
mmrn2b	4.77059270060033e-64	0.511503502311042	0.158	0.009	6.93167119397227e-60
mybl1	5.72688787335033e-64	0.697616487826367	0.233	0.025	8.32116807997803e-60
elovl1b	6.61906570431518e-64	1.02145185981293	0.783	0.298	9.61750246836995e-60
capgb	2.54235296009831e-62	0.869999331144435	0.348	0.059	3.69403885102284e-58
xbp1	4.64313128866402e-62	1.07465879314018	0.984	0.813	6.74646976242882e-58
bmp2b	5.16797179701545e-61	1.07749374527195	0.443	0.101	7.50906302106345e-57
slc25a5	8.06121291956422e-61	0.460963649537385	1	1	1.17129423721268e-56
rplp2	2.95983939252554e-60	0.53902886516944	1	0.997	4.30064663733962e-56
clstn1	5.03218623643871e-60	0.983385474748295	0.482	0.12	7.31176660154545e-56
pmp22b	5.96188237598126e-60	0.885669578583078	0.901	0.394	8.66261509230077e-56
sb:cb1058	1.79815937634573e-59	0.865387986742095	0.213	0.022	2.61272557383034e-55
atp1b1a	6.09994865056987e-59	1.36328647555994	0.889	0.569	8.86322538927801e-55
myl9a	6.62976197482401e-59	1.50209790733374	0.419	0.093	9.63304414941928e-55
ptgdsa	8.0199937992128e-59	0.637992848719026	0.206	0.02	1.16530509902562e-54
marveld1	4.17619601518374e-58	1.14643129606602	0.565	0.181	6.06801281006197e-54
slc38a5a	7.91999190856575e-58	0.610791772391131	0.229	0.026	1.1507748243146e-53
ssr4	2.82530607679289e-57	0.892956973713695	0.984	0.864	4.10516972958006e-53
serpinh1b	7.66215727865545e-57	1.53289106739691	0.984	0.801	1.11331145258864e-52
cyp1b1	8.91499630622939e-57	0.677613907902136	0.209	0.022	1.29534896329513e-52
chac1	4.92038161128896e-56	1.32686595910211	0.929	0.614	7.14931448120286e-52
cope	8.36646144498833e-56	1.0762332858796	0.885	0.623	1.2156468479568e-51
ehd4	3.77199793016654e-55	0.781324796786963	0.285	0.045	5.48071299253199e-51
lmo4a	3.84237967311773e-55	1.2335010349318	0.613	0.235	5.58297766504007e-51
hip1	2.2821898498238e-54	0.759720737224234	0.285	0.047	3.31602185179398e-50
foxa3	8.2057785073057e-54	0.71273167815367	0.269	0.04	1.19229961711152e-49
slc37a2	1.78125342182612e-53	1.11416522820907	0.723	0.308	2.58816122191335e-49
mical2b	1.11611280793011e-52	0.415665228431515	0.138	0.009	1.62171190992245e-48
col11a2	4.03388902130414e-52	0.718203638202621	0.399	0.086	5.86124074795492e-48
cdc42se1	1.10804571176196e-51	1.08860918545626	0.482	0.141	1.60999041919013e-47
cyp26b1	8.261715413655e-51	1.75682218232176	0.522	0.169	1.20042724960407e-46
mob2b	8.52662969141059e-51	1.06354681032126	0.379	0.089	1.23891929416196e-46
mycn	1.1007475183806e-50	1.78421957167421	0.597	0.249	1.59938614420702e-46
rcn3	1.37916459063291e-50	0.901095627060741	0.372	0.085	2.00392615018962e-46
crtap	3.0184737810162e-50	1.02657068483655	0.719	0.331	4.38584240381654e-46
fkbp9	3.42288713317773e-50	1.07035091772535	0.775	0.395	4.97345500450724e-46
cnmd	1.17379150550943e-49	0.613331790590667	0.601	0.188	1.7055190575052e-45
myo1ea	1.5627039956228e-49	0.916923112921384	0.375	0.088	2.27060890563993e-45
phlda3	6.39884280671771e-49	1.22064127015072	0.561	0.209	9.29751859816084e-45
cnn3a	5.24540579775129e-48	1.08838686400284	0.846	0.538	7.62157462413263e-44
ckap4	1.58175268550963e-47	1.09050456930603	0.66	0.286	2.29828665204549e-43
kcnk5b	1.89115338057993e-47	0.880683184633179	0.356	0.084	2.74784586198264e-43
hif1ab	4.42127533176831e-47	1.05647108807255	0.609	0.253	6.42411305705935e-43
hoxa9b	1.55345984066405e-46	0.620839925768496	0.277	0.05	2.25717714848486e-42
mapk12a	2.76640916901928e-46	0.727282932954244	0.245	0.041	4.01959252258501e-42
gcnt4a	1.41467266124496e-45	0.760123069668359	0.273	0.049	2.05551937678892e-41
glulb	3.0140467917865e-45	1.39678211454311	0.881	0.64	4.37940998846578e-41
ccdc80	4.00152720804025e-45	0.91044622877234	0.395	0.103	5.81421903328249e-41
lratb.2	7.76932198855748e-45	0.442414388831802	0.142	0.013	1.1288824849374e-40
id3	8.45995446943784e-45	1.25422477554905	0.83	0.479	1.22923138440932e-40
pip5k1bb	2.00261405566803e-44	0.765371979876605	0.34	0.078	2.90979822288565e-40
etv4	4.40557278885386e-44	0.881520896903565	0.348	0.088	6.40129726220466e-40
ssr2	7.59330940460245e-44	0.900409868213088	0.933	0.716	1.10330785648874e-39
meox1	8.36905736192633e-44	1.2362722312872	0.395	0.106	1.2160240346879e-39
cfl1	1.0996501105828e-43	0.810052565656937	0.996	0.977	1.5977916106768e-39
col11a1a	9.33241510947694e-43	0.455888777079723	0.502	0.15	1.355999915407e-38
crip3	1.18885965495149e-41	0.637156488793676	0.237	0.042	1.72741307864451e-37
actn1	1.20146684218346e-41	0.837793392741941	0.364	0.097	1.74573132169257e-37
bmp1a	2.35361732195986e-41	0.861930310462602	0.372	0.103	3.41980596880768e-37
golt1bb	2.95780804379794e-41	0.93920234389115	0.656	0.334	4.2976950876384e-37
arf5	6.58419804489697e-41	0.868643241553593	0.893	0.67	9.5668397592353e-37
msx2b	1.03051684343264e-40	1.35768606334112	0.435	0.143	1.49734097350763e-36
gyg1a	1.59630290636402e-40	0.804206225620291	0.443	0.145	2.31942812294692e-36
lrrc59	1.9294913142308e-40	1.01148797029998	0.656	0.323	2.80355087957735e-36
actb1	4.83883210950924e-40	0.732928952469323	1	0.983	7.03082305511693e-36
si:ch211-105c13.3	6.27720110371006e-40	0.554650605280787	0.182	0.025	9.12077320369071e-36
serf2	7.92823402679093e-40	0.718008793458626	0.964	0.916	1.15197240409272e-35
etv5a	1.26494308097921e-39	0.961822401522536	0.336	0.09	1.83796229666279e-35
bcl6ab	1.65295839303209e-39	0.992424175703533	0.557	0.237	2.40174854507562e-35
her7	2.4596898865862e-39	1.34251229365623	0.134	0.013	3.57392940520974e-35
tpt1	3.35895947310741e-39	0.3502692422944	1	0.999	4.88056811442507e-35
plod2	3.97200005798577e-39	0.573995066776605	0.213	0.035	5.77131608425333e-35
cobll1b	2.06836293162863e-38	0.397044796028835	0.126	0.012	3.0053313396564e-34
zgc:153675	2.10834363585316e-37	0.946330842424905	0.585	0.272	3.06342330289465e-33
dhrs3b	2.10920843732938e-37	1.10600633487852	0.49	0.179	3.06467985943959e-33
alg5	3.31463108374361e-37	0.794018046099093	0.304	0.076	4.81615896467946e-33
selenow1	3.64834977039117e-37	0.892200764072774	0.806	0.532	5.30105221637837e-33
crip2	4.05210449861318e-37	0.983150613111314	0.423	0.141	5.88770783648495e-33
copb2	4.32621238429057e-37	1.047676000721	0.68	0.39	6.2859865943742e-33
copz2	6.16191211981623e-37	0.62446869181888	0.229	0.044	8.95325831009298e-33
enox2	1.52972156468945e-36	0.730673856676753	0.308	0.078	2.22268543349377e-32
arcn1a	3.01917081791977e-36	0.908966241251004	0.553	0.25	4.38685519843742e-32
si:dkey-222f8.3	5.02049759614558e-36	0.856440019794191	0.538	0.23	7.29478300719952e-32
si:ch73-95l15.5	5.1345004886246e-36	0.431959351881917	0.162	0.022	7.46042920997154e-32
slc35d1a	5.27150357323238e-36	0.729708176039626	0.387	0.121	7.65949469190665e-32
her9	1.20903895881725e-35	0.89686887214859	0.767	0.418	1.75673360716147e-31
si:ch73-366l1.5	1.3914333717685e-35	0.614083602222438	0.265	0.059	2.02175268917964e-31
smco4	1.5006608375801e-35	0.854913426496893	0.581	0.273	2.18046019700389e-31
rock2b.1	2.42897200656583e-35	0.627803351729528	0.245	0.051	3.52929632554015e-31
slc7a10a	3.37162221445281e-35	0.615767641889937	0.261	0.058	4.89896707759994e-31
ccdc187	6.43755578890455e-35	0.795927988751924	0.415	0.147	9.35376856127831e-31
h1f0	8.97078499421064e-35	1.19129637118559	0.925	0.763	1.30345505965881e-30
lpar1	1.22681326259372e-34	0.859642065651959	0.316	0.087	1.78255967054867e-30
sox9b	1.49062975457522e-34	0.886530453337327	0.265	0.062	2.16588503339779e-30
slmapa	1.77501113078025e-34	0.841292842257536	0.265	0.062	2.5790911730237e-30
eef1da	2.08072138905152e-34	0.690688192193239	0.972	0.798	3.02328817829186e-30
si:busm1-57f23.1	3.1803842928094e-34	0.735156332976337	0.372	0.107	4.62109837745206e-30
hspa4a	3.82029072435523e-34	0.998304125954838	0.885	0.649	5.55088242248815e-30
tpm3	4.2103377629712e-34	0.772882962563358	0.866	0.666	6.11762076959715e-30
prrc1	4.21232344318746e-34	0.856995180927931	0.423	0.156	6.12050596295138e-30
derl2	6.27182820735803e-34	0.91950956778263	0.538	0.254	9.11296638529122e-30
palm3	9.76674358366335e-34	0.387437124830061	0.146	0.019	1.41910784270628e-29
col9a2	1.11794405953942e-33	0.491812671120253	0.435	0.133	1.62437271851078e-29
gale	1.22742365943586e-33	0.724773908657232	0.308	0.084	1.7834465771603e-29
nsa2	1.76373884870635e-33	0.567677920710195	0.98	0.929	2.56271254717033e-29
arid3b	2.01968072274586e-33	0.79954328969703	0.474	0.197	2.93459609014974e-29
fosl1a	5.98112276641246e-33	0.989640047668204	0.83	0.54	8.69057137959731e-29
iqgap1	6.7261573269506e-33	0.587912151702307	0.285	0.074	9.77310659605923e-29
creb3l1	7.83359139809991e-33	0.586406195016684	0.217	0.044	1.13822083014392e-28
sdf4	8.71087951729071e-33	0.796804493155608	0.466	0.187	1.26569079386234e-28
rdh8a	1.18414156432307e-32	0.716950260591239	0.332	0.097	1.72055769296142e-28
atf4b	2.14847170065141e-32	0.685060642033911	0.968	0.857	3.12172938104649e-28
anxa11a	3.16670217136766e-32	0.867862544056428	0.672	0.368	4.60121825499721e-28
zgc:113162	3.54810254300748e-32	0.506394507001235	0.17	0.027	5.15539299498987e-28
hoxd9a	6.58211456166673e-32	0.696840901783141	0.277	0.069	9.56381245810176e-28
csrp1a	1.05564067257751e-31	0.743140039479843	0.289	0.076	1.53384589725512e-27
ier2a	1.21228418218993e-31	0.763081283793597	0.953	0.731	1.76144891672197e-27
gmppb	1.23344382852607e-31	0.818305946805547	0.557	0.268	1.79219388284838e-27
p3h1	1.58309167582831e-31	0.78667626027832	0.435	0.17	2.30023220497853e-27
fam198a	2.46437680010382e-31	0.653345605994871	0.344	0.106	3.58073949055085e-27
pdk2a	5.61839498956076e-31	0.741823849091755	0.534	0.225	8.16352791983178e-27
unc119.1	8.53697973945332e-31	0.857856998775859	0.352	0.117	1.24042315614257e-26
ptmaa	2.30226074440742e-30	0.66364096056251	0.992	0.897	3.34518486162398e-26
snai2	2.68230941180154e-30	1.36713691222309	0.478	0.207	3.89739557534763e-26
frya	3.69321765832457e-30	0.409824270522933	0.15	0.023	5.3662452575456e-26
slc39a13	3.73961605275058e-30	0.712827556677881	0.304	0.09	5.43366212464659e-26
slc2a10	5.66411832688008e-30	0.459543664104735	0.206	0.042	8.22996392895676e-26
creb5b	5.69909645634961e-30	0.433020273699982	0.154	0.024	8.28078715107599e-26
nkx3.2	6.38518940732579e-30	0.669163648107075	0.281	0.074	9.27768020884437e-26
epcam	9.54418418691961e-30	0.923770288224344	0.308	0.088	1.38676996235942e-25
ugt1b5	1.33484789975731e-29	0.753667120924443	0.462	0.184	1.93953399834737e-25
tmem39a	3.27932406179166e-29	0.755150216813264	0.415	0.164	4.76485786178328e-25
cd99	4.2877009868984e-29	0.630336146620995	0.324	0.097	6.23002953396338e-25
igfbp1a	4.50398785514778e-29	0.95789550088585	0.431	0.162	6.54429435352972e-25
clint1a	5.09326036579979e-29	0.773984863100842	0.466	0.208	7.4005073115071e-25
tmed2	6.13222550511739e-29	0.680372297374291	0.874	0.691	8.91012365893557e-25
atl3	2.28755382935497e-28	0.840649625095149	0.423	0.169	3.32381571405277e-24
fkbp14	2.60550410350918e-28	0.769913054473731	0.474	0.211	3.78579746239884e-24
msi2b	9.65839775412082e-28	0.728460557778364	0.47	0.2	1.40336519367375e-23
ugdh	9.86622541896136e-28	0.653646240679095	0.526	0.236	1.43356255337509e-23
eva1a	1.37462814047003e-27	0.80935361735343	0.36	0.132	1.99733468810295e-23
atp1a1b	1.60916148389254e-27	0.656044100542335	0.34	0.113	2.33811163609586e-23
plk3	1.71682107510444e-27	1.03920468412863	0.423	0.175	2.49454102212675e-23
tcf12	1.96962449964323e-27	0.992748168190798	0.593	0.338	2.86186439798161e-23
fgfrl1a	2.24522115540857e-27	0.7352310063661	0.462	0.196	3.26230633880865e-23
cdh18a	2.27919279027622e-27	0.472348905320869	0.126	0.018	3.31166712427135e-23
copa	2.78834225254876e-27	0.851469609340215	0.514	0.261	4.05146129295335e-23
lysmd3	3.70916857947803e-27	0.700225379496103	0.51	0.24	5.38942194598158e-23
grasp	3.79951729896638e-27	0.672306345661593	0.257	0.07	5.52069863539815e-23
kcnma1a	3.90382037280782e-27	0.337133224588573	0.142	0.022	5.67225100168976e-23
plod3	5.65447523629847e-27	0.740809551319075	0.542	0.272	8.21595251834167e-23
atp8a1	5.6572835850519e-27	0.31460626102419	0.115	0.015	8.2200330490804e-23
rcn1	7.21248403182725e-27	0.836229502797492	0.458	0.209	1.0479739298245e-22
eif6	1.09671937833836e-26	0.898457615066451	0.648	0.413	1.59353325672563e-22
ppa1b	1.10583267945245e-26	0.889016286580451	0.751	0.541	1.60677488324441e-22
si:ch211-218g4.2	1.26189172280698e-26	0.480168552872536	0.17	0.033	1.83352867323855e-22
zgc:92818	1.61673879008525e-26	0.833071421169214	0.47	0.216	2.34912146199387e-22
higd1a	1.74001926783362e-26	0.833586530832645	0.68	0.42	2.52824799616225e-22
id1	2.99954317978939e-26	1.5444563910792	0.775	0.597	4.35833624023399e-22
dynll1	3.54073119199792e-26	0.807959906376198	0.941	0.859	5.14468242197298e-22
rpl36	3.80734106855809e-26	0.287448405668989	1	0.999	5.5320665726149e-22
sec22bb	4.03853831521544e-26	0.724898291731735	0.399	0.163	5.86799617200803e-22
snorc	4.98952255175688e-26	0.297949764399978	0.277	0.073	7.24977626770275e-22
cd63	5.65581467673075e-26	0.351657949607446	0.941	0.646	8.21789872528979e-22
rab6a	6.52069158936447e-26	0.826785777438046	0.494	0.244	9.47456487934658e-22
rrbp1b	6.64602877405343e-26	0.744796944550168	0.348	0.126	9.65667980869964e-22
pdia5	6.87910338240472e-26	0.728201184010129	0.455	0.208	9.99533721463406e-22
si:dkey-6n6.1	7.87956260316146e-26	0.367619032113707	0.111	0.014	1.14490044623936e-21
sox9a	1.06002392612619e-25	0.504679608384516	0.178	0.037	1.54021476466135e-21
plscr3b	1.30316252077565e-25	0.762837825521424	0.692	0.441	1.89349514268703e-21
rarga	1.46765209371221e-25	0.827658083234774	0.613	0.353	2.13249849216384e-21
sgms1	1.93526131384778e-25	0.788701125895087	0.391	0.16	2.81193468902083e-21
nog2	2.25521388212235e-25	0.895998804478178	0.261	0.076	3.27682577072378e-21
histh1l	2.59064725333881e-25	0.710551342338638	0.984	0.935	3.76421045910129e-21
efhd1	3.06832335736982e-25	0.355156179952033	0.281	0.081	4.45827383825835e-21
ppib	4.13776203361774e-25	0.531380059949933	0.984	0.928	6.01216823484657e-21
copg2	5.02850467296896e-25	0.800879040150654	0.514	0.275	7.3064172898239e-21
anxa1a	6.18787674925915e-25	0.609282851562514	0.494	0.206	8.99098491667354e-21
zgc:162939	6.47986123364971e-25	0.634761477606416	0.344	0.121	9.41523837249303e-21
rab1ab	6.57135803449278e-25	0.731719563021261	0.763	0.545	9.548183224118e-21
cthrc1a	8.0864843733261e-25	0.601848964946742	0.34	0.117	1.17496617944428e-20
creb3l2	9.43529888318913e-25	0.661233458247891	0.348	0.129	1.37094892772738e-20
spry4	1.70770095550918e-24	0.865443983514757	0.518	0.262	2.48128948835484e-20
cpm	1.83379125606388e-24	0.379547031819596	0.123	0.019	2.66449869506082e-20
bmp2a	1.86736703314224e-24	0.411834251512905	0.15	0.028	2.71328429915567e-20
il16	3.74510479101751e-24	0.437978872055921	0.178	0.039	5.44163726134845e-20
zgc:77650	4.24083365688508e-24	0.687049703597328	0.474	0.228	6.16193130345402e-20
sec13	4.42797946481628e-24	0.702404394072957	0.549	0.312	6.43385416237805e-20
tmem258	5.16216157368493e-24	0.677556858526499	0.866	0.761	7.5006207665642e-20
kank3	1.29793073095617e-23	0.494089371177584	0.194	0.047	1.88589335207932e-19
rpl3	1.61354123355999e-23	0.294287331373716	1	0.999	2.34447541236266e-19
SERP1	2.58798589663742e-23	0.586323240893978	0.897	0.788	3.76034350781418e-19
asph	2.6064464555487e-23	0.780948103102091	0.526	0.286	3.78716669991226e-19
trib3	2.70123364169312e-23	0.805573020250601	0.7	0.451	3.9248924813801e-19
lmo7a	2.90198938860158e-23	0.501888863161442	0.206	0.053	4.21659058163809e-19
fam114a1	2.99364299486499e-23	0.580156998892614	0.32	0.115	4.34976327153882e-19
actn4	3.25008102204082e-23	0.405030421599038	0.182	0.042	4.72236772502531e-19
aldob	9.13064933360987e-23	0.594269571184951	0.66	0.393	1.32668334817351e-18
lpp	1.1543042354069e-22	0.459226781297321	0.19	0.046	1.67720405404622e-18
gas1a	1.50423551661408e-22	0.71571209926776	0.375	0.158	2.18565420564026e-18
slc12a4	3.42479009782676e-22	0.432240224083818	0.19	0.047	4.97622001214229e-18
gnpnat1	4.14863386793049e-22	0.583611961383406	0.253	0.08	6.027965010103e-18
tmed10	5.22122045210119e-22	0.610201215002553	0.826	0.661	7.58643331690303e-18
tfg	5.43024479033575e-22	0.741883325390305	0.632	0.419	7.89014568035785e-18
ebf3a	8.3146777953049e-22	0.447085282381761	0.51	0.236	1.2081226836578e-17
rbms1a	1.63914557914234e-21	0.741785259527534	0.435	0.211	2.38167852649382e-17
jam2a	3.31053757680151e-21	0.652670987264588	0.292	0.102	4.81021109909259e-17
kdelr2a	3.45190266136801e-21	0.754379456694582	0.522	0.299	5.01561456696771e-17
calr	4.03135543280705e-21	0.677285046032692	0.866	0.692	5.85755944386864e-17
angptl7	4.68200601190494e-21	1.19468015647351	0.332	0.132	6.80295473529788e-17
ak2	5.68793286299904e-21	0.645307485179267	0.838	0.722	8.2645664499376e-17
enpp1	6.57218547358747e-21	0.494619111134271	0.281	0.097	9.5493854931226e-17
mia	6.91975342601793e-21	0.526092540204538	0.241	0.069	1.00544017280041e-16
nr2f6b	7.00476964308742e-21	0.690139721476976	0.451	0.226	1.0177930291406e-16
tanc2a	7.8279166978201e-21	0.65267999480736	0.249	0.082	1.13739629619326e-16
sdc4	8.04549348391288e-21	0.471101000627272	0.988	0.845	1.16901020321254e-16
lman1	1.14008730993427e-20	0.737051511719203	0.368	0.164	1.6565468613345e-16
fkbp7	1.159916799864e-20	0.689288067884042	0.458	0.232	1.68535911020239e-16
ctnnb1	1.38679756874043e-20	0.588838018127701	0.877	0.723	2.01501686737984e-16
lasp1	1.70664591497248e-20	0.601903330759236	0.723	0.527	2.47975651445501e-16
prelp	1.79996814010412e-20	0.316554632917782	0.15	0.032	2.61535370757129e-16
ier3ip1	2.7269777981417e-20	0.690102447052878	0.632	0.427	3.96229874069988e-16
sparc	2.79658370592171e-20	0.25717393006836	0.929	0.672	4.06343612470424e-16
itih1	2.87010703415435e-20	0.523349503190771	0.202	0.054	4.17026552062627e-16
lhx9	3.29692126845116e-20	0.285058237542281	0.103	0.016	4.79042660305953e-16
fbln2	3.82220535258317e-20	0.348431788129208	0.146	0.032	5.55366437730335e-16
mknk2b	4.21119777018914e-20	0.658212703573438	0.814	0.624	6.11887036008483e-16
gnmt	4.47115335347421e-20	0.614779457002637	0.261	0.089	6.49658582259803e-16
emilin1a	5.55156710054018e-20	0.454080176016352	0.154	0.035	8.06642699708489e-16
myca	7.3148141084848e-20	1.08265790731729	0.391	0.182	1.06284248996284e-15
zgc:162730	7.44740547159749e-20	0.331628678517247	0.921	0.677	1.08210801502312e-15
p4ha2	7.78963487865896e-20	0.638353018351148	0.498	0.263	1.13183394786915e-15
atp1a1a.1	1.10737717854004e-19	0.63655554106128	0.688	0.493	1.60901904041867e-15
si:dkey-7j14.6	1.24706977231767e-19	0.64757880583445	0.719	0.508	1.81199237917758e-15
calr3b	1.26708535681663e-19	0.779199114635466	0.628	0.408	1.84107502345457e-15
appb	1.36110050966837e-19	0.611634955050947	0.458	0.224	1.97767904054814e-15
acvrl1	1.58406857298388e-19	0.536070972672592	0.237	0.077	2.30165163654558e-15
emd	1.69072633473914e-19	0.589323186162613	0.451	0.233	2.45662536437597e-15
agpat4	2.25276286887388e-19	0.555708708001015	0.273	0.1	3.27326444847374e-15
emx3	2.32194808643641e-19	0.39054071640068	0.115	0.021	3.3737905695921e-15
ghrb	3.40805647829501e-19	0.614233092607756	0.237	0.078	4.95190606296266e-15
acana	3.5402766476394e-19	0.336009272485015	0.142	0.031	5.14402196902005e-15
kdelr3	3.86053670360646e-19	0.298657299310495	0.111	0.02	5.60935983034018e-15
zgc:92429	4.21929602106997e-19	0.575361145826429	0.186	0.051	6.13063711861466e-15
sec61a1	4.28722182243496e-19	0.651576144825431	0.798	0.669	6.229333307998e-15
loxl3b	4.46973650677832e-19	0.490259974727981	0.202	0.059	6.4945271443489e-15
thbs1b	4.74700362086492e-19	0.450889015612714	0.213	0.064	6.89739626111673e-15
chmp2a	6.9230156016704e-19	0.650141185061877	0.597	0.393	1.00591416692271e-14
tpm1	8.91131766700705e-19	0.47652073498687	0.443	0.216	1.29481445701612e-14
mab21l1	1.09177557229815e-18	0.670400458896486	0.506	0.266	1.58634990654922e-14
lmo1	1.17573934255974e-18	0.382690214096581	0.202	0.059	1.7083492647393e-14
bmpr1ba	1.26609845547254e-18	0.58595042671861	0.352	0.152	1.8396410558016e-14
itga5	1.33917670884246e-18	0.590125722972816	0.36	0.16	1.94582375794809e-14
rab2a	1.3433078682167e-18	0.479269635074181	0.885	0.743	1.95182633251886e-14
nrp1a	2.67800326552937e-18	0.671323059608149	0.257	0.093	3.89113874481417e-14
ssr3	2.79834506702497e-18	0.477920391376992	0.921	0.782	4.06599538238728e-14
nccrp1	2.98306015422848e-18	0.560158343814425	0.383	0.178	4.33438640409399e-14
smim7	3.29293811400457e-18	0.558891574533864	0.427	0.218	4.78463907964864e-14
fbp1a	4.02879787168075e-18	0.45984338321099	0.273	0.099	5.85384330755213e-14
trim71	4.71992538808444e-18	0.73697605941493	0.542	0.331	6.85805158888669e-14
rgs5b	6.0530562000266e-18	0.835891536440026	0.308	0.122	8.79509065863865e-14
igf2bp2b	7.35701276758376e-18	0.614588321970146	0.462	0.256	1.06897395512992e-13
rflnb	7.72778040434648e-18	0.515147658685247	0.225	0.074	1.12284649275154e-13
srpra	1.09042661253047e-17	0.645033977715354	0.455	0.246	1.58438986800677e-13
si:dkey-264d12.4	1.40582866279427e-17	0.360064932668049	0.154	0.039	2.04266904704008e-13
ezrb	1.64542199368927e-17	0.527857579584323	0.332	0.14	2.39079815683051e-13
nectin3b	1.74029979422202e-17	0.508563399416651	0.233	0.081	2.52865560100459e-13
il17rd	1.92470513119124e-17	0.477300147403458	0.206	0.067	2.79659655562087e-13
zgc:92242	2.03463598095902e-17	0.736911967955633	0.526	0.321	2.95632608033346e-13
rpn1	2.21768605197745e-17	0.532659923113621	0.743	0.557	3.22229783352323e-13
fgfr4	2.24008615250022e-17	0.493695869290652	0.186	0.056	3.25484517958281e-13
ca8	3.35557743714268e-17	0.314256467490847	0.146	0.036	4.87565401616832e-13
pde4ba	3.8930200571842e-17	0.487213916522071	0.206	0.066	5.65655814308864e-13
eps8l2	4.18692407335693e-17	0.356019209419092	0.123	0.026	6.08360067858762e-13
tln1	4.60059566523206e-17	0.58591306948886	0.395	0.199	6.68466550158218e-13
fkbp11	4.75390581660639e-17	0.662206194760789	0.332	0.148	6.90742515152908e-13
tmsb4x	5.03352953819815e-17	0.367160478301085	1	0.987	7.31371841900191e-13
lmna	5.23326602503938e-17	0.501217597438125	0.261	0.096	7.60393553438222e-13
rgmb	7.10236685328667e-17	0.547127767647119	0.403	0.2	1.03197390378255e-12
srebf2	7.62574521159764e-17	0.496166033729093	0.332	0.145	1.10802077924514e-12
chp1	8.07468820442833e-17	0.620375891419769	0.261	0.103	1.17325219610344e-12
hspa5	1.05157880698426e-16	0.427648761005285	0.976	0.867	1.52794400654813e-12
adh5	1.14112752502007e-16	0.484125401295152	0.897	0.813	1.65805829385417e-12
SAMD8	1.40616951414845e-16	0.41651813284038	0.217	0.073	2.0431643040577e-12
smad5	2.11480790400662e-16	0.586478453980494	0.399	0.212	3.07281588452162e-12
phldb1b	2.8848952484763e-16	0.317315741124245	0.119	0.026	4.19175279603606e-12
tcf7l1a	3.06281621362265e-16	0.635750494307633	0.383	0.193	4.45027195839371e-12
serp1	3.06557874832874e-16	0.665144048509525	0.581	0.391	4.45428592132166e-12
b3gnt7l	3.39830003198012e-16	0.400111745770433	0.138	0.035	4.93772994646711e-12
tm9sf1	3.55820395436386e-16	0.40930533219411	0.186	0.058	5.17007034569069e-12
tnfaip8l1	3.72739029433836e-16	0.416506008647738	0.19	0.06	5.41589809767364e-12
zgc:92606	3.81855187275147e-16	0.453548550136392	0.834	0.676	5.54835587110788e-12
sema3bl	4.35723933543516e-16	0.47884177218661	0.174	0.052	6.33106875438729e-12
mfge8b	4.53993814307794e-16	0.295095633294171	0.115	0.025	6.59653012189225e-12
edf1	4.93684906712812e-16	0.477534890736135	0.901	0.791	7.17324169453715e-12
atf1	5.3113896734553e-16	0.645890271763679	0.49	0.303	7.71744919553055e-12
spsb4b	5.78976784132965e-16	0.65898148952654	0.32	0.147	8.41253267345198e-12
cebpb	5.94130133527045e-16	0.558827599872628	0.767	0.548	8.63271084014797e-12
bet1l	6.6005272230212e-16	0.502401323090533	0.344	0.162	9.5905660550498e-12
mthfd2	6.71494067766085e-16	0.734524021408693	0.316	0.144	9.75680880464121e-12
sesn2	7.1728107865204e-16	0.39816077572612	0.229	0.081	1.04220940728141e-11
sdcbp2	8.51802816010074e-16	0.483298532255291	0.751	0.57	1.23766949166264e-11
sec61a1l	1.06669579253794e-15	0.658066936236278	0.352	0.174	1.54990898655762e-11
hivep1	1.09251233408377e-15	0.52374932752941	0.257	0.1	1.58742042142371e-11
ppp1cb	1.09773247135221e-15	0.549080347691626	0.518	0.328	1.59500528087477e-11
tmem263	1.13868607733096e-15	0.594020106757099	0.387	0.201	1.65451087036189e-11
calm2b	1.40640561582746e-15	0.42162292532864	0.957	0.871	2.04350735979729e-11
arpc4l	3.10089770372654e-15	0.640707434253802	0.625	0.467	4.50560436351466e-11
hsp90b1	3.9993470692623e-15	0.601763613110097	0.822	0.652	5.81105129163812e-11
hsp90aa1.2	4.67088724190364e-15	0.606026345459623	0.972	0.947	6.78679916248599e-11
hoxd13a	4.97162834004927e-15	0.295455178933941	0.107	0.023	7.2237759780916e-11
msi1	5.73025203347126e-15	0.36723643551524	0.174	0.054	8.32605620463374e-11
gosr2	5.93890848742334e-15	0.58559513381002	0.415	0.234	8.62923403222612e-11
tsc22d1	6.38959729233151e-15	0.716562921476608	0.447	0.258	9.28408486575768e-11
capza1b	8.07189224414068e-15	0.516789958933457	0.739	0.59	1.17284594307364e-10
si:ch1073-184j22.1	8.16903345032828e-15	0.374376838856589	0.174	0.054	1.1869605603327e-10
pdcd4b	8.31953255083637e-15	0.721965779826141	0.751	0.627	1.20882807963652e-10
uap1	8.61685595778205e-15	0.430795770705396	0.225	0.085	1.25202917066573e-10
cldnb	1.06200075474526e-14	0.713563201864145	0.17	0.052	1.54308709664486e-10
ctgfa	1.08461556624826e-14	0.579636352956926	0.522	0.301	1.57594641775872e-10
peli1a	1.12759165993686e-14	0.344859163436601	0.123	0.03	1.63839068188826e-10
col15a1b	1.66137144708554e-14	0.351334765586669	0.15	0.043	2.41397271261529e-10
stox1	1.94676869290256e-14	0.61807655645325	0.233	0.093	2.82865491078742e-10
si:dkeyp-110e4.6	2.63077690508602e-14	0.379632276793824	0.194	0.068	3.82251884308999e-10
copb1	2.65243797374361e-14	0.489873359690208	0.391	0.213	3.85399237584946e-10
mtss1	3.45827691140079e-14	0.49244053800797	0.241	0.099	5.02487635226535e-10
pcdh18a	4.33384538312686e-14	0.559579891988504	0.221	0.087	6.29707734168333e-10
midn	4.69997497663643e-14	0.582829222767078	0.656	0.472	6.82906364105274e-10
snd1	5.40509908914247e-14	0.587552299189851	0.569	0.407	7.85360897652401e-10
slc17a9b	5.74719091595938e-14	0.404937016774265	0.198	0.071	8.35066840088898e-10
sulf1	6.78251591046438e-14	0.454994518972154	0.19	0.066	9.85499561790474e-10
uso1	7.05182173277068e-14	0.507757234783529	0.277	0.123	1.02462969777158e-09
sox6	9.42781843230659e-14	0.550917005610431	0.332	0.163	1.36986201821415e-09
f2rl2	9.4451581514308e-14	0.411827245145802	0.142	0.041	1.37238147940289e-09
si:dkeyp-113d7.1	1.0435809513715e-13	0.530780206367048	0.32	0.159	1.51632312234279e-09
vdrb	1.13274651041481e-13	0.516647292930803	0.372	0.2	1.64588067963272e-09
maff	1.44868944298311e-13	0.440841128195693	0.676	0.476	2.10494576065446e-09
snx9b	1.51454249303982e-13	0.604430380150832	0.336	0.172	2.20063024238686e-09
spryd7a	1.80685758641809e-13	0.261161363685311	0.107	0.025	2.62536407306548e-09
cpn1.1	2.60587973535696e-13	0.372335644284489	0.589	0.367	3.78634325547367e-09
cog2	2.61008925326551e-13	0.369568988885192	0.194	0.071	3.79245968499479e-09
acvr1ba	2.75219764369933e-13	0.672081493574957	0.332	0.173	3.99894317629513e-09
rpl26.1	3.05376635575264e-13	0.283584879202005	0.972	0.89	4.43712251490859e-09
pfas	3.13255974506796e-13	0.408088206944869	0.15	0.047	4.55160930958375e-09
rsrp1	3.22884584858251e-13	0.35189628611064	0.85	0.69	4.69151301799039e-09
msx3	3.33927516997545e-13	0.656035664079085	0.194	0.071	4.85196682197433e-09
arcn1b	3.63195737013305e-13	0.514900282012815	0.407	0.241	5.27723405880333e-09
myh9b	4.04930211441755e-13	0.365193020845435	0.126	0.035	5.8836359722487e-09
dad1	4.16743130220581e-13	0.459654818436988	0.877	0.787	6.05527768210504e-09
dpp3	4.2810712157417e-13	0.6283668022202	0.32	0.17	6.22039647647269e-09
uck2b	4.45366294056304e-13	0.583915274510719	0.577	0.411	6.4711722526381e-09
tia1l	5.23803106174805e-13	0.492091492924398	0.526	0.354	7.61085913271992e-09
srp54	6.48052140439296e-13	0.488051218158077	0.518	0.348	9.41619760058298e-09
cbx7a	6.54862516148866e-13	0.430218725408387	0.814	0.597	9.51515235964302e-09
si:ch211-284f22.3	6.56906059662656e-13	0.640360778858712	0.336	0.17	9.54484504689839e-09
srpx	7.37203592456035e-13	0.358555558389167	0.233	0.094	1.07115681983862e-08
si:dkey-177p2.6	9.13732309798689e-13	0.570324164691519	0.561	0.387	1.32765304613749e-08
arf1	9.52064348542032e-13	0.572725731933083	0.478	0.321	1.38334949843157e-08
pycr1b	9.64987615690403e-13	0.491329893252824	0.277	0.132	1.40212700559816e-08
erp44	1.14327653656777e-12	0.58647212321696	0.466	0.306	1.66118080763298e-08
ilk	1.20141969029085e-12	0.534762617392937	0.431	0.27	1.74566280999261e-08
p3h2	1.37067068502074e-12	0.291503869625696	0.154	0.05	1.99158450533513e-08
tuba8l2	1.41058902007001e-12	0.44833555904352	0.213	0.083	2.04958584616173e-08
tmem167a	1.48477345788189e-12	0.527053378198824	0.617	0.49	2.15737583430239e-08
fkbp10b	1.61696159787453e-12	0.451747487666836	0.32	0.158	2.34944520171169e-08
rasgef1bb	2.47164542070622e-12	0.498364531795608	0.336	0.169	3.59130079628614e-08
zfand6	2.51028238953568e-12	0.52421778434525	0.368	0.205	3.64744031199535e-08
scfd1	2.54197482589467e-12	0.478702092170701	0.368	0.206	3.69348942202496e-08
gorasp2	3.18908024916307e-12	0.445351207866675	0.395	0.228	4.63373360203394e-08
ogdha	4.01558999638731e-12	0.503621182510975	0.352	0.194	5.83465226475077e-08
fhl2a	5.68118368642504e-12	0.409152775674848	0.142	0.045	8.25475989637559e-08
stard13b	6.07822580944661e-12	0.424116037644803	0.19	0.072	8.83166210112592e-08
trappc3	6.25397100030799e-12	0.58600743621963	0.387	0.224	9.08701986344751e-08
rab13	6.36316159844533e-12	0.569885312543808	0.34	0.189	9.24567380254107e-08
dcun1d2b	6.5031259887201e-12	0.496291487606133	0.395	0.229	9.44904206161031e-08
tram2	6.914792444457e-12	0.472299465548996	0.407	0.245	1.0047193421796e-07
loxl2b	7.46456099392724e-12	0.484287649372074	0.324	0.167	1.08460071241763e-07
zgc:66479	7.62347212061013e-12	0.397830639796067	0.213	0.087	1.10769049912465e-07
rgcc	1.03558299313862e-11	0.423881618595207	0.281	0.132	1.50470208903042e-07
rfx1b	1.0371084788593e-11	0.443239507405766	0.257	0.12	1.50691861978256e-07
iqsec1b	1.24537741624403e-11	0.502114301837357	0.391	0.228	1.80953338580257e-07
lrrc8aa	1.24648608447223e-11	0.28898224177345	0.13	0.04	1.81114428073814e-07
si:ch73-91k6.2	1.33590745571179e-11	0.368249047521761	0.229	0.099	1.94107353314923e-07
mtdha	1.57970042754074e-11	0.44863342936784	0.577	0.418	2.2953047212167e-07
KCTD15	1.61007960899553e-11	0.447316989416049	0.281	0.138	2.33944567187051e-07
plekhg5a	1.68395140573432e-11	0.258395050734161	0.115	0.032	2.44678139253196e-07
stard8	1.86911568597033e-11	0.404696424777687	0.245	0.111	2.71582509171488e-07
cry1aa	1.92609408661074e-11	0.406109781835634	0.281	0.134	2.7986147078454e-07
golga5	2.10082545857889e-11	0.433568382805907	0.261	0.125	3.05249939131513e-07
ostc	2.38344500704173e-11	0.527227583897349	0.68	0.56	3.46314559523164e-07
slc12a2	2.67016473327081e-11	0.402677243869379	0.198	0.081	3.87974935744248e-07
pdgfc	2.80065594246441e-11	0.305370283748706	0.123	0.037	4.06935308440079e-07
lysmd4	3.06114284452297e-11	0.345318161178081	0.17	0.063	4.44784055309188e-07
hax1	3.08880230923779e-11	0.485314204306333	0.494	0.325	4.48802975532251e-07
terfa	3.27923869018446e-11	0.592758740957686	0.296	0.159	4.76473381683802e-07
glrx	3.30400065443177e-11	0.523451710784702	0.581	0.421	4.80071295088937e-07
mycb	3.32491965398382e-11	0.469343036687197	0.565	0.385	4.8311082572385e-07
tram1	3.4947621702505e-11	0.519683052297782	0.474	0.324	5.07788943337398e-07
si:dkey-264d12.5	3.57819565850783e-11	0.27117494578092	0.126	0.039	5.19911829181188e-07
stk35	3.71582112462954e-11	0.542560689112097	0.411	0.249	5.39908809408671e-07
pgm3	4.1736291262227e-11	0.339091267042517	0.15	0.053	6.06428312040158e-07
mob3a	4.61099907088433e-11	0.524681494992885	0.498	0.346	6.69978164999494e-07
sil1	4.72692682916183e-11	0.530114359243188	0.257	0.124	6.86822468277213e-07
tpst1	4.76970734953239e-11	0.423105378433846	0.257	0.123	6.93038477887057e-07
pdia3	4.89826585639806e-11	0.38300857110813	0.862	0.764	7.11718028934638e-07
rpl29	4.9310205046983e-11	0.250331667650807	1	0.996	7.16477279332664e-07
ftr82	5.09656974116787e-11	0.377355989810744	0.119	0.035	7.40531583391692e-07
cdc42bpb	5.55475794500691e-11	0.452273103511736	0.257	0.124	8.07106329409503e-07
GCA	5.81634101257065e-11	0.476975825255193	0.549	0.4	8.45114349126515e-07
ddost	5.98652328359762e-11	0.514025357090252	0.656	0.528	8.69841833106735e-07
jupa	6.31649164212365e-11	0.412359415959915	0.427	0.264	9.17786235600567e-07
kdelr2b	6.38369717417204e-11	0.519201478195715	0.514	0.373	9.27551199407197e-07
pora	6.38961212613426e-11	0.425875526848038	0.344	0.191	9.28410641927307e-07
etv5b	7.00227134730426e-11	0.500007659776301	0.229	0.107	1.01743002676331e-06
si:dkey-100n23.5	7.43311094612092e-11	0.391206483458669	0.249	0.119	1.08003102047137e-06
zgc:101583	7.58152239481838e-11	0.531658821609135	0.174	0.067	1.10159520396711e-06
MDFI	8.6352754579048e-11	0.443742574554964	0.162	0.061	1.25470552403357e-06
cavin2b	1.01074039943825e-10	0.443004547832069	0.308	0.154	1.46860580038378e-06
gmppab	1.01925669130208e-10	0.373720931826564	0.154	0.057	1.48097997246193e-06
laptm4a	1.08365489089179e-10	0.449634190215433	0.589	0.449	1.57455055646577e-06
gtpbp4	1.17572469416187e-10	0.410737873162742	0.767	0.645	1.70832798061719e-06
irs2b	1.18368059210408e-10	0.430072773135858	0.312	0.169	1.71988790032722e-06
ppp6c	1.24898149697863e-10	0.473214355057736	0.597	0.472	1.81477011510995e-06
herpud1	1.67142786197134e-10	0.451483720604638	0.494	0.328	2.42858468344436e-06
tdh	1.69568569594181e-10	0.519355376130642	0.53	0.371	2.46383131620345e-06
prelid3b	1.85638022398187e-10	0.347596283761932	0.763	0.63	2.69732046544566e-06
yipf2	1.90871140907799e-10	0.413716078969456	0.225	0.103	2.77335767739032e-06
si:ch73-352p4.8	2.30150259900015e-10	0.276326791375195	0.107	0.031	3.34408327634722e-06
mex3b	2.88967228666863e-10	0.55429025230795	0.455	0.295	4.19869383252951e-06
selenos	2.94735853899065e-10	0.47683582667915	0.273	0.141	4.28251195715341e-06
mdka	3.24867478421329e-10	0.265828932369748	0.759	0.572	4.7203244614619e-06
si:dkey-172h23.2	3.33733663664147e-10	0.375746953882781	0.166	0.065	4.84915013304005e-06
plekhg2	3.62612501214045e-10	0.331772433743713	0.146	0.053	5.26875964264007e-06
atf5b	3.90921498712124e-10	0.482052773987369	0.285	0.148	5.68008937628716e-06
gorab	3.92919480865957e-10	0.405587906339468	0.233	0.111	5.70912005698236e-06
clta	4.00078113380811e-10	0.352192010638102	0.771	0.647	5.81313498742319e-06
selenom	4.44915771221875e-10	0.414630383028867	0.364	0.218	6.46462615585384e-06
unc50	4.94800013407988e-10	0.484024261654735	0.336	0.2	7.18944419481807e-06
arpc3	5.46043280480002e-10	0.410614123083634	0.751	0.684	7.93400886537444e-06
hist2h2l	5.90516074769357e-10	0.685677834329757	0.755	0.658	8.58019856639876e-06
slc35e1	6.4066148263271e-10	0.428529439696606	0.233	0.114	9.30881134265327e-06
gsna	6.49640889482494e-10	0.421839612091198	0.419	0.263	9.43928212418064e-06
ppfibp1a	6.72292197927471e-10	0.409927464535316	0.285	0.153	9.76840563588615e-06
ubald1a	7.93571380882145e-10	0.447582900105985	0.3	0.164	1.15305921642176e-05
timp2a	8.35892851285015e-10	0.294258529285022	0.356	0.197	1.21455231291713e-05
calub	1.04902442052101e-09	0.351096431212177	0.407	0.254	1.52423248301702e-05
btg1	1.21983407113578e-09	0.27976271305111	0.83	0.695	1.77241890536028e-05
bicdl2	1.69659439845723e-09	0.340516023351474	0.103	0.031	2.46515166095836e-05
sox10	1.71703030017301e-09	0.552829247749275	0.439	0.268	2.49484502615139e-05
tax1bp1b	1.93904778072453e-09	0.47078277100392	0.462	0.325	2.81743642539275e-05
pqlc3	1.9471909215434e-09	0.292369313517557	0.142	0.053	2.82926840900256e-05
ppfibp1b	2.20453323733081e-09	0.372690528148329	0.213	0.1	3.20318679384166e-05
mob1a	2.46032147482743e-09	0.398996769460942	0.285	0.156	3.57484710292426e-05
ugp2b	2.58023442682072e-09	0.399180901869001	0.3	0.168	3.7490806221705e-05
dnajc3a	2.7140190348095e-09	0.466912885622237	0.308	0.181	3.9434696575782e-05
slc39a7	2.97583350395809e-09	0.521589584251812	0.423	0.288	4.3238860812511e-05
ldlrap1a	3.14788626958549e-09	0.320305817356688	0.19	0.082	4.57387874970772e-05
si:ch211-239j9.1	3.65080521713509e-09	0.402032349011543	0.19	0.086	5.30461998049728e-05
pdpk1b	4.56353257799634e-09	0.304727257048132	0.182	0.079	6.63081283582868e-05
slc43a1a	5.74645406674007e-09	0.511123789882474	0.332	0.209	8.34959775897333e-05
yipf5	5.78900592120693e-09	0.41957555083808	0.233	0.118	8.41142560351367e-05
eif4ebp2	6.21111006869148e-09	0.397758917302386	0.723	0.619	9.02474292980872e-05
fam53b	6.74191359164723e-09	0.479798498341489	0.395	0.267	9.79600044866343e-05
zfand2a	7.28627916122169e-09	0.478508195289395	0.577	0.431	0.000105869636212551
rgma	7.71115287583744e-09	0.280144241595646	0.154	0.062	0.000112043051285918
edrf1	8.07610906931796e-09	0.394397309421626	0.245	0.126	0.00011734586477719
ubl3a	1.01276030618571e-08	0.428464725197392	0.332	0.201	0.000147154072488784
anxa13	1.12985154337418e-08	0.49490626621124	0.53	0.405	0.000164167429252268
slc25a18	1.22089829409539e-08	0.358605385697005	0.178	0.081	0.00017739652213206
si:dkey-187e18.1	1.23550502149043e-08	0.321041542888809	0.162	0.069	0.000179518879622559
lrrc8c	1.24920771966274e-08	0.334223041897745	0.162	0.069	0.000181509881666996
tmem167b	1.33388069825309e-08	0.292376620307818	0.19	0.087	0.000193812865456174
eva1ba	1.36384803371105e-08	0.38078605683652	0.221	0.109	0.000198167119298216
aup1	1.44392855317694e-08	0.4556731639681	0.352	0.231	0.000209802818776609
CABZ01080702.1	1.51226800442599e-08	0.44944180349796	0.486	0.353	0.000219732541043097
rhbdd1	1.66166598126214e-08	0.384374814250799	0.466	0.311	0.00024144006707739
tmed9	1.76168427090132e-08	0.403512943394492	0.494	0.365	0.000255972724561961
clk4a	1.76309475928582e-08	0.483072281309933	0.581	0.453	0.000256177668524229
MDFIC	1.89283840886831e-08	0.295726780036825	0.174	0.077	0.000275029420808566
kctd12.2	1.89345173774182e-08	0.477760660964468	0.229	0.114	0.000275118537493886
cnppd1	1.93068924629545e-08	0.419278583042523	0.328	0.202	0.000280529147486729
birc2	2.02781019990912e-08	0.429898626600079	0.411	0.279	0.000294640822046795
rhoca	2.06815548277011e-08	0.377063315623383	0.458	0.318	0.000300502991646497
arl1	2.10308315598721e-08	0.462266981133049	0.423	0.301	0.000305577982564942
erlec1	2.42218396786719e-08	0.438100608689043	0.3	0.182	0.000351943330531102
zgc:55262	2.46092166848206e-08	0.293847360947721	0.186	0.086	0.000357571918430443
bida	2.48102504129883e-08	0.252975562781949	0.15	0.062	0.00036049293850072
cd276	2.70109301679346e-08	0.43134139892069	0.316	0.194	0.000392468815340089
cfl1l	2.75088118641307e-08	0.381479760453862	0.134	0.052	0.000399703036385819
tmem178b	2.80737241645091e-08	0.319194337813038	0.182	0.081	0.000407911212110317
stx5a	2.84124688962707e-08	0.367146879679454	0.206	0.102	0.000412833173062813
golgb1	2.84720894675689e-08	0.398601712152501	0.3	0.18	0.000413699459963776
ifrd1	3.01449450520072e-08	0.412113769521667	0.51	0.36	0.000438006051605665
ctdsp1	3.52448022875489e-08	0.397115578384432	0.32	0.195	0.000512106977238086
napab	3.75401918453434e-08	0.370608209794663	0.455	0.326	0.00054545898751284
sgsm3	4.65232198263972e-08	0.400616696137499	0.142	0.059	0.000675982384077551
sec14l8	4.80916084501319e-08	0.284626446848211	0.115	0.042	0.000698771070780417
hs3st3b1b	4.96703800123564e-08	0.30988438182546	0.119	0.044	0.000721710621579539
selenof	4.97494227782171e-08	0.307035163749422	0.787	0.681	0.000722859112967494
zgc:162339	5.57726682171939e-08	0.38364156336552	0.237	0.129	0.000810376869195827
pmm2	5.71114485479182e-08	0.345790066101475	0.217	0.113	0.000829829347401251
ccng1	6.48496867969786e-08	0.346818758058756	0.921	0.821	0.000942265949160099
snx6	6.61398387908769e-08	0.388232793000115	0.403	0.278	0.000961011857631441
sox5	6.71230484621216e-08	0.344949216543628	0.198	0.098	0.000975297894154627
anxa11b	7.31511462700591e-08	0.359652154012741	0.628	0.512	0.00106288615530396
p3h3	7.53416918092178e-08	0.366447426523454	0.225	0.12	0.00109471478198793
bcl2l10	7.59815896462689e-08	0.55749838492398	0.407	0.291	0.00110401249756029
ier5l	8.14568489045526e-08	0.338460543764867	0.597	0.459	0.00118356801458315
cpne1	8.32189196534238e-08	0.34593847152156	0.498	0.36	0.00120917090256425
ccdc137	8.96675132317662e-08	0.430140424832335	0.229	0.126	0.00130286896725756
rsl24d1	1.13860952635243e-07	0.250718967060026	0.98	0.942	0.00165439964179008
tnfrsf1a	1.16058168951203e-07	0.304051758736549	0.261	0.142	0.00168632519486097
si:ch211-166a6.5	1.16777887942681e-07	0.333252404853494	0.154	0.068	0.00169678271180716
btbd6a	1.18546946570614e-07	0.404148946080125	0.249	0.136	0.00172248713367102
ciarta	1.24043736680766e-07	0.485814850266542	0.364	0.241	0.00180235549397154
hspa9	1.38107856055602e-07	0.438044665702221	0.51	0.398	0.0020067071484879
chmp1b	1.77278922266691e-07	0.347101646761945	0.502	0.375	0.00257586274053502
pdia4	2.07092669213832e-07	0.522898385868617	0.466	0.356	0.00300905648367697
rbms2a	2.30243147968314e-07	0.311041827332095	0.194	0.098	0.0033454329399796
mss51	2.34286808956242e-07	0.389109229840906	0.146	0.063	0.0034041873341342
h2afx1	2.4460428383458e-07	0.313870832820124	0.976	0.92	0.00355410024411645
sec22ba	2.69690468959638e-07	0.378301240211713	0.174	0.087	0.00391860251398353
rab18b	3.03300163763271e-07	0.300580528486601	0.277	0.163	0.00440695137948033
igf2bp3	3.07506273768351e-07	0.375632646381744	0.474	0.353	0.00446806615785414
prkab1b	3.09023447065085e-07	0.401301317302739	0.403	0.294	0.00449011068585569
fam114a2	3.53002213514055e-07	0.371806615590612	0.245	0.142	0.00512912216235922
cav2	3.57139982428474e-07	0.325017583206817	0.178	0.084	0.00518924394468572
sec62	3.60954153519146e-07	0.42049196652533	0.348	0.24	0.00524466385063319
stip1	3.66147424080068e-07	0.445132541090864	0.743	0.697	0.00532012207188339
farp2	4.07165313925883e-07	0.285076721953049	0.138	0.061	0.00591611201134307
krtcap2	4.44604154387362e-07	0.468863089263145	0.549	0.461	0.00646009836324836
rhoac	4.57204733486557e-07	0.346840677548924	0.652	0.57	0.00664318477755968
ost4	4.85918147898804e-07	0.423568335146837	0.53	0.434	0.00706039068896962
ppdpfa	5.17385823862264e-07	0.293965107822503	0.36	0.227	0.00751761602071869
syap1	6.11644321720592e-07	0.335059395752971	0.427	0.312	0.00888719199460019
cebpg	7.01689048243879e-07	0.490908332677469	0.462	0.362	0.0101955418709836
vps37a	7.19673880330985e-07	0.358200231990839	0.328	0.213	0.0104568614812092
mcfd2	7.23362424076578e-07	0.341317639005285	0.312	0.199	0.0105104560218327
nfe2l2a	7.75044345697735e-07	0.273012958924588	0.289	0.167	0.0112613943429881
tmem165	8.06426199899219e-07	0.382539059361193	0.431	0.33	0.0117173726845356
pitpnaa	8.84842985590112e-07	0.32688648888075	0.277	0.17	0.0128567685806243
manf	9.1724344545585e-07	0.578920844842638	0.455	0.358	0.0133275472624735
aldh18a1	9.46961208446143e-07	0.268923032635385	0.13	0.057	0.0137593463587225
tnfaip6	9.52481874021424e-07	0.504433137939215	0.217	0.118	0.0138395616295313
acbd3	1.04101560255422e-06	0.334248082558668	0.296	0.188	0.0151259567051128
lnpa.1	1.05423999513998e-06	0.313841577950612	0.217	0.122	0.0153181071293839
esyt2a	1.23028766117842e-06	0.250419118022791	0.119	0.049	0.0178760797169225
pcbp2	1.50087670842472e-06	0.281173142981673	0.771	0.701	0.0218077385734112
ctdsp2	1.52645964612827e-06	0.461185354512019	0.538	0.443	0.0221794586582437
tmem214	1.52706190419223e-06	0.341668824322569	0.312	0.203	0.0221882094679132
atoh8	1.61008370103975e-06	0.616039447808981	0.257	0.16	0.0233945161761076
fam3c	1.6348863858671e-06	0.368294777218365	0.241	0.146	0.023754899186649
cbsb	1.65682330335973e-06	0.305007070622755	0.19	0.1	0.0240736425978169
sec23b	1.74066036651992e-06	0.371583448073776	0.265	0.163	0.0252917951255344
timm23a	1.97900422808131e-06	0.350638010989	0.36	0.257	0.0287549314340214
arl4cb	2.03865604972035e-06	0.468682105102083	0.3	0.199	0.0296216724024367
sar1b	2.26058226989134e-06	0.365043122433445	0.431	0.327	0.0328462603815211
spcs2	2.53993291973737e-06	0.321042935227484	0.621	0.531	0.036905225323784
sfxn2	2.5567420981007e-06	0.327234075942891	0.194	0.108	0.0371494626854032
fgfr3	2.5694313223946e-06	0.320445868250301	0.213	0.118	0.0373338371143935
PLEKHH3	2.6741037515513e-06	0.413232022916874	0.198	0.11	0.0388547275100404
tmem115	2.81425229428235e-06	0.296993839635621	0.34	0.227	0.0408910858359225
derl1	2.90923842640434e-06	0.293780795718129	0.285	0.182	0.0422712343356551
pef1	3.15255962845843e-06	0.356338142700586	0.348	0.244	0.045806691401501
zbtb8os	3.16662680752725e-06	0.399545729354176	0.273	0.175	0.046011087513371
ier2b	3.21759657567173e-06	0.28837007226131	0.644	0.507	0.0467516782445102
hnrnpd	3.2707759480613e-06	0.377601594896608	0.312	0.209	0.0475243745253308
