gene	p_val	avg_log2FC	pct.1	pct.2	p_val_adj
si:ch211-14k19.8	0	2.41182718446295	0.96	0.004	0
acy3.2	0	1.90923966412944	0.84	0.006	0
hoxc13a	0	0.749335023747351	0.52	0.001	0
zgc:114181	2.02152071925802e-288	1.43294878063484	0.52	0.002	2.9372696050819e-284
ucp1	2.17813927065882e-277	4.24441234134005	0.72	0.006	3.16483636026727e-273
hoxc13b	6.56297810656585e-267	1.24528061999342	0.72	0.006	9.53600718884017e-263
capn12	1.56456987398947e-256	1.28016532552631	0.56	0.003	2.2733200269067e-252
si:ch211-76l23.4	1.3548211765196e-240	4.12596386234889	0.72	0.007	1.96855516948297e-236
hoxc12b	2.96255091642722e-239	1.05533198782493	0.52	0.003	4.30458648156875e-235
angptl6	3.33857832630882e-223	1.7936552763129	0.48	0.003	4.85095430812672e-219
ttc36	2.79419084655511e-202	4.02327256176824	1	0.021	4.05995930004457e-198
itgb1b.2	5.24186648921013e-191	2.32207008652738	0.56	0.005	7.61643200882231e-187
and1	2.85754749664366e-184	5.69253209207114	0.96	0.022	4.15201651262324e-180
mxra8a	2.08433287476915e-175	2.23949880516407	0.92	0.021	3.02853566703958e-171
glsl	6.09092969326225e-168	0.46784749597295	0.32	0.001	8.85012084431005e-164
hoxb13a	3.45455799298775e-154	0.688138439977175	0.24	0.001	5.0194727638112e-150
fbxo32	1.81035737496609e-153	2.79290910153124	0.6	0.009	2.63044926582573e-149
hhla2a.1	1.92249236518806e-151	1.5721122382636	0.96	0.026	2.79338140661826e-147
hpdb	3.84432849208096e-148	6.32915843498953	0.96	0.029	5.58580929899363e-144
zgc:113307	1.23106657586999e-131	1.01421453930114	0.6	0.011	1.78873973473909e-127
pck1	1.90341143644178e-131	1.27623337615665	0.36	0.003	2.76565681714991e-127
c1qtnf5	7.4338088148462e-128	3.10616375168961	0.76	0.02	1.08013242079715e-123
pfkfb1	1.79430892220957e-113	0.692853855580544	0.44	0.006	2.6071308639705e-109
acy3.1	4.35579339118154e-107	0.61087402828974	0.44	0.007	6.32896779738677e-103
ackr4b	6.74104104739314e-107	0.768030648412826	0.44	0.007	9.79473264186223e-103
alkbh3.1	1.47026856456491e-106	2.94222227756728	0.52	0.011	2.13630022431281e-102
notum1b	2.25991577067814e-105	1.65928454828491	0.72	0.022	3.28365761479534e-101
CABZ01085139.1	8.91934806801692e-103	1.27394458941222	0.68	0.019	1.29598127428286e-98
ptk2bb	1.50265263240684e-102	0.345480114922901	0.24	0.002	2.18335427488714e-98
si:ch211-252f13.5	2.65194282014763e-95	0.276706697082795	0.2	0.001	3.85327291767451e-91
si:ch211-51a6.2	1.48841063201775e-94	0.271991157466403	0.24	0.002	2.16266064832179e-90
tnmd	2.22682309270018e-94	2.16348192894772	0.4	0.007	3.23557395369336e-90
vcanb	1.01051528541053e-88	3.96125359545846	0.96	0.054	1.46827870970151e-84
hoxa13a	1.27559707245746e-87	1.25038750019817	0.68	0.023	1.85344254628068e-83
si:dkey-12l12.1	9.37725488213721e-86	3.01813957222306	0.88	0.044	1.36251513437454e-81
slc43a1b	2.5833137874962e-83	0.498582746765919	0.32	0.005	3.75355493323197e-79
si:ch211-198m17.1	3.8148276126232e-82	0.461605364645596	0.24	0.002	5.54294452114152e-78
and2	3.31487488697626e-79	7.69449892531578	1	0.069	4.8165132107765e-75
gch1	5.55948346804112e-76	2.06713862602066	0.8	0.04	8.07792947906374e-72
slc16a10	1.94812950369595e-75	3.3336261283914	0.96	0.066	2.83063216887022e-71
plcd4b	2.31510035184136e-74	0.462643720242084	0.32	0.005	3.3638408112255e-70
CABZ01074130.1	2.79776232650625e-72	8.12603839108307	1	0.077	4.06514866041357e-68
im:7150988	8.9042615916116e-72	6.66772543836125	0.76	0.041	1.29378920926117e-67
abi3bpb	2.36098402580973e-70	2.08002159239354	0.68	0.031	3.43050978950154e-66
gpc1a	8.82182898036288e-70	1.37937879825675	0.6	0.023	1.28181175084673e-65
hsd3b7	1.48812706371726e-69	0.837601928792251	0.44	0.012	2.16224862358118e-65
pmch	2.76465392330601e-69	0.482727985946283	0.32	0.006	4.01704215056363e-65
plxdc2	6.17324382098868e-69	1.54713115875737	0.76	0.039	8.96972327189656e-65
emilin2b	8.42683791406931e-69	1.40587917402554	0.52	0.017	1.22441954891427e-64
pah	1.84264407025569e-68	3.40680274216958	0.96	0.072	2.67736183408152e-64
zmp:0000000846	3.44622062878219e-68	0.671119797786513	0.24	0.003	5.00735857362052e-64
kazald3	8.01948863446456e-68	1.30122751571622	0.64	0.028	1.1652316985877e-63
tat	3.35158983542516e-64	1.38343828888285	0.4	0.011	4.86986003087276e-60
pipox	1.76234196165069e-61	0.588722504425295	0.16	0.001	2.56068287027846e-57
mgst1.2	2.32148261598043e-61	1.46177869644759	0.52	0.02	3.37311424101957e-57
crabp2a	1.12197108203208e-60	2.67023203276758	0.96	0.078	1.63022398219262e-56
klf15	6.57632079845637e-60	0.472008100432819	0.36	0.009	9.55539412015711e-56
cyp1c2	2.42030813157166e-59	0.836200070588302	0.28	0.005	3.51670771517362e-55
hoxc11b	1.19893875468727e-57	1.1943854689848	0.28	0.006	1.7420580105606e-53
zic2a	3.80946853184405e-57	1.8398964439882	0.84	0.058	5.53515777676941e-53
si:ch211-247j9.1	4.68634559974892e-57	0.283397377318896	0.2	0.003	6.80926015643518e-53
tuba8l2	3.9310495844877e-56	2.09082556297756	0.96	0.086	5.71181504626063e-52
zic5	8.99275027266397e-56	0.597120417314407	0.4	0.013	1.30664661461807e-51
cpm	1.00049477888956e-55	1.57806248844393	0.52	0.022	1.45371891372653e-51
nipsnap3a	4.29045978743317e-55	0.771250291650882	0.48	0.019	6.23403807114039e-51
sqor	5.21788017596844e-55	1.04862484162384	0.56	0.026	7.58157989568214e-51
si:ch73-86n18.1	3.4800607039939e-54	2.06468004182142	0.84	0.064	5.05652820290314e-50
edil3a	8.84963988453166e-54	0.92182420747949	0.52	0.023	1.28585267522245e-49
neu3.2	3.28564968831183e-53	0.448948451508005	0.28	0.006	4.77404899711709e-49
tgm2b	5.39408843151867e-53	1.50702669003669	0.76	0.052	7.83761049099663e-49
aifm4	1.24964178398038e-52	0.959412401606987	0.44	0.017	1.81572951212349e-48
hgd	1.39345458477119e-52	5.19956883865577	1	0.115	2.02468951167254e-48
si:ch211-136a13.1	5.14062420237551e-52	0.611663299585313	0.48	0.02	7.46932696605161e-48
ved	8.03416073444183e-52	0.888476863467059	0.44	0.017	1.1673635547144e-47
tspan18b	1.00253185097361e-50	2.12707352819172	0.84	0.072	1.45667877946466e-46
aqp3a	9.73817773226483e-49	4.47144540549691	0.96	0.104	1.41495722449808e-44
zgc:174904	9.83102132790813e-49	1.17658780345841	0.56	0.03	1.42844739894505e-44
ITLN1	1.2799123498635e-48	0.477835112371415	0.4	0.015	1.85971264435166e-44
arl4ca	3.91368924970592e-48	0.518526737287812	0.4	0.015	5.68659047982271e-44
fhl2a	3.95262178673706e-47	1.52457486152254	0.68	0.047	5.74315945612895e-43
zic1	6.7973993666627e-47	0.697417128839829	0.36	0.012	9.87662127976091e-43
mical1	1.66439683553214e-45	0.305170270546147	0.28	0.007	2.4183686020282e-41
smim14	2.69665469839011e-45	0.567484016269455	0.44	0.019	3.91823927676083e-41
afap1l2	5.73864964254759e-45	1.08056849951269	0.56	0.032	8.33825793062165e-41
zgc:66479	5.96713725161661e-45	2.01087842039314	0.88	0.091	8.67025042659893e-41
rbp4	1.432006779428e-44	2.12281050097653	0.76	0.062	2.08070585050888e-40
gchfr	3.05008540596082e-43	1.44482277225178	0.76	0.063	4.43177409486107e-39
batf3	1.09206269508198e-42	0.549996344528719	0.44	0.021	1.58676709595412e-38
mylk5	1.59320093015694e-42	0.615238465201543	0.4	0.017	2.31492095151803e-38
vstm4a	1.78485266509178e-42	1.76319551523476	0.84	0.081	2.59339092237835e-38
qdpra	4.31912549269331e-41	2.61587297978672	1	0.129	6.27568934088338e-37
si:ch211-106j24.1	4.90730253519528e-41	0.894374423116104	0.52	0.03	7.13031058363874e-37
pck2	1.19193289230488e-40	0.37780864541046	0.36	0.014	1.73187849251899e-36
ankrd33ba	2.68276070718743e-39	0.263075274076318	0.12	0.001	3.89805130754334e-35
eva1bb	4.52053886559043e-39	1.37212736866975	0.68	0.057	6.56834297170289e-35
zgc:153031	6.31950017369613e-39	0.324140599553625	0.32	0.012	9.18223375238047e-35
loxa	1.59222431872528e-38	2.11850837724541	0.4	0.02	2.31350193510783e-34
angptl2b	9.51368673233187e-38	1.52044753162593	0.56	0.04	1.38233868220782e-33
aplnr2	5.86408572420178e-37	0.736499413359187	0.16	0.003	8.52051655726518e-33
ucp3	6.65801626547298e-37	0.515870671846446	0.16	0.003	9.67409763373224e-33
cdo1	1.88316869933638e-36	2.01450723369395	0.96	0.126	2.73624412013576e-32
selenop	2.39907710314974e-36	2.8278146061811	0.96	0.139	3.48585903087658e-32
mxra8b	3.82809927969631e-36	2.05683594771221	1	0.138	5.56222825339874e-32
rflnb	4.28533317680428e-36	1.75440983013054	0.76	0.079	6.22658910589662e-32
ablim3	8.71537098213594e-36	0.506195959147299	0.44	0.025	1.26634340370435e-31
nfe2l2b	1.669592987054e-35	0.290258960452911	0.24	0.007	2.42591861018946e-31
nt5e	3.27497285303795e-35	0.513900267935186	0.32	0.013	4.75853555546414e-31
gpd1b	4.33373941942269e-35	0.758395726000158	0.56	0.041	6.29692337642117e-31
hoxd13a	6.21145351367967e-35	0.853658730374224	0.44	0.026	9.02524195537655e-31
fbp1b	1.06080515005494e-34	0.542505037603375	0.28	0.01	1.54134988302983e-30
hmcn2.1	1.66142810504764e-34	0.971778757800897	0.52	0.036	2.41405503663423e-30
rrad	1.80250993079796e-34	2.33921157206236	0.64	0.058	2.61904692944944e-30
csf1b	4.46758289169689e-34	0.308654584512214	0.2	0.005	6.49139794163558e-30
cyp3c1	6.63251487472395e-34	1.19374595075212	0.76	0.077	9.6370441129739e-30
twist3	1.12785295376758e-33	1.67276478399636	0.8	0.094	1.63877034182429e-29
serpinf1	2.49600813534741e-33	2.06200891008313	0.76	0.086	3.62669982065979e-29
txn	3.23832210544285e-33	2.39761386483171	0.88	0.122	4.70528201920846e-29
mpdu1a	4.70737047053857e-33	0.673413834246008	0.36	0.018	6.83980929369255e-29
cyp1c1	5.76603934646139e-33	1.42384317317401	0.68	0.065	8.37805517040841e-29
snx10a	8.79215618759141e-33	0.689162983183453	0.28	0.011	1.27750029405703e-28
cbr1l	8.98559214261623e-33	2.97358967444145	0.96	0.174	1.30560653832214e-28
si:dkey-44g23.5	2.74419796415836e-32	1.43356234736075	0.8	0.096	3.98731964192209e-28
pigr	7.02411439232954e-32	0.541394551894262	0.4	0.023	1.02060382120548e-27
plpp3	7.63967483111952e-32	2.15380149306423	0.96	0.158	1.11004475296167e-27
tns2b	1.59106906803698e-31	0.261426562865097	0.12	0.002	2.31182335585773e-27
ca6	4.67217916897847e-31	2.58780254730396	0.48	0.037	6.78867633252572e-27
ctsk	7.86860357769341e-31	1.97987458212126	0.92	0.146	1.14330809983885e-26
plcd1b	4.00019658180529e-30	0.298035308820777	0.24	0.009	5.81228563336309e-26
serpine2	7.65713731745824e-30	3.00645135140691	0.96	0.179	1.11258205222668e-25
gstz1	9.77854767947996e-30	2.66477926949444	0.84	0.139	1.42082297782844e-25
fbp1a	1.01987371819521e-29	1.53297353429558	0.8	0.106	1.48187651253763e-25
abhd4	1.33249686007193e-29	0.987972613686325	0.6	0.056	1.93611793768452e-25
fam43a	5.14386483254407e-29	1.55249628583961	0.68	0.076	7.47403560168653e-25
akt2l	2.40908913463128e-28	0.4915994644321	0.52	0.042	3.50040651261925e-24
fgf10a	2.60775341283903e-28	0.99988983027445	0.6	0.059	3.78906570885512e-24
afap1l1a	5.67090799497894e-28	0.448729347892832	0.4	0.026	8.2398293167044e-24
slc25a55b	8.21852509343438e-28	0.737799088311777	0.16	0.004	1.19415169607601e-23
si:ch211-246m6.5	2.07185807826839e-27	0.25416720718794	0.2	0.007	3.01040978772397e-23
s100u	2.47743532451603e-27	0.611987899145201	0.56	0.051	3.59971352652179e-23
hoxc10a	4.87036421984998e-27	0.51033325593138	0.28	0.014	7.07663921144202e-23
mtss1lb	7.05361074750833e-27	0.387175250908209	0.28	0.014	1.02488964161296e-22
enpp6	1.58942458215075e-26	0.893331143474083	0.6	0.063	2.30943391786504e-22
ecrg4a	1.63334790266922e-26	4.23759055866615	0.84	0.144	2.37325450257837e-22
pdk2b	1.66529546352055e-26	2.49520261226636	1	0.212	2.41967430849536e-22
lxn	4.74502118635151e-26	1.87127328171466	0.68	0.086	6.89451578376874e-22
sh3d21	5.6945571091927e-26	0.808428726283034	0.4	0.029	8.27419147965699e-22
bhmt	5.81909649038211e-26	3.67857211977869	1	0.299	8.4551472005252e-22
pcbd1	6.01235862052073e-26	3.02513913513438	1	0.256	8.73595707561663e-22
rin2	9.1580851064319e-26	0.366394741027653	0.32	0.018	1.33066976596455e-21
cgref1	1.22390474252147e-25	0.892827123562117	0.44	0.036	1.7783335908837e-21
thbs4b	1.33753329093202e-25	2.04333391601773	0.6	0.065	1.94343587172422e-21
sp8a	1.54747919602063e-25	0.554136459911739	0.48	0.041	2.24848727181798e-21
si:ch1073-406l10.2	1.59484183091265e-25	0.431734248186852	0.24	0.011	2.31730518031608e-21
capn2b	1.98257918239707e-25	0.259055738546802	0.24	0.011	2.88068755202295e-21
angptl5	2.56401493267363e-25	0.618577038988253	0.4	0.029	3.72551369717478e-21
adgrg6	3.13596154506073e-25	0.30988487794895	0.28	0.014	4.55655212497324e-21
robo3	3.68745631521891e-25	0.788490065047898	0.64	0.072	5.35787402601308e-21
ntd5	6.2907563939468e-25	1.4734161250858	0.68	0.087	9.1404690404047e-21
cd82b	7.48972794798459e-25	0.398771849011554	0.36	0.024	1.08825747084216e-20
si:dkey-206d17.12	2.14895830417809e-24	0.396675114813018	0.28	0.015	3.12243641597077e-20
prdx1	2.27896828762685e-24	3.02198488228905	0.96	0.228	3.31134092192182e-20
bin1b	2.4095291803767e-24	0.432993310252965	0.28	0.015	3.50104589908735e-20
timp2a	3.79111733015871e-24	1.84078815599743	0.96	0.202	5.50849348072061e-20
pax9	8.13491060311838e-24	0.780851201466511	0.4	0.032	1.1820025106331e-19
efna1b	9.63672195947258e-24	1.20350095198237	0.68	0.089	1.40021570071137e-19
mat2al	1.00671739463746e-23	0.298971079638282	0.36	0.025	1.46276037440823e-19
lrrc58b	1.14624915677796e-23	1.01443435336318	0.36	0.026	1.66550002479838e-19
slc38a4	1.34455022088393e-23	0.495654036265875	0.48	0.044	1.95363147094435e-19
mapk12a	1.57357499622756e-23	0.579538837622823	0.52	0.051	2.28640446951864e-19
slc9a3r1a	2.98855227863681e-23	0.408590692077616	0.28	0.016	4.34236646085928e-19
phex	3.10441351264253e-23	0.428484247191914	0.36	0.026	4.5107128338696e-19
mettl24	4.14532971854932e-23	0.317751408562931	0.28	0.016	6.02316408105217e-19
glud1b	4.14884956382865e-23	2.2638672433351	1	0.298	6.02827841624303e-19
si:ch211-140m22.7	5.05952075307737e-23	1.30014847033509	0.88	0.161	7.35148365422142e-19
cdon	8.09772543893003e-23	0.934001466517395	0.72	0.098	1.17659950627653e-18
slc26a5	8.5783717174904e-23	0.517823622591347	0.36	0.026	1.24643741055136e-18
enpp2	8.59684320795524e-23	0.485171765466768	0.48	0.045	1.2491213181159e-18
ecm2	1.13659025748064e-22	0.355049443242146	0.28	0.016	1.65146564411937e-18
creb3l1	1.25677663548408e-22	0.575941259452891	0.52	0.052	1.82609645135836e-18
hoxd12a	3.26346033879067e-22	0.80439020088144	0.56	0.063	4.74180787226285e-18
tent5bb	4.13361189275544e-22	0.9025175272791	0.4	0.034	6.00613808017366e-18
waslb	4.64451292442724e-22	0.772874982298464	0.6	0.073	6.74847727919278e-18
wasf3b	5.3765551379711e-22	1.03771769398121	0.8	0.129	7.81213461547201e-18
lgals9l3	5.49622830112474e-22	0.743225673880854	0.48	0.048	7.98601972153425e-18
fmoda	5.74156407358489e-22	2.27350658513867	0.92	0.221	8.34249259891884e-18
mmp14a	6.41347996359745e-22	1.4223035464578	0.88	0.157	9.3187863871071e-18
pdgfrb	7.80173116972815e-22	0.530391765402714	0.52	0.054	1.1335915389615e-17
fkbp10b	1.02357909098892e-21	1.34078452976375	0.88	0.164	1.4872604192069e-17
fkbp11	1.07572525837695e-21	1.31282730296198	0.84	0.156	1.56302880042171e-17
msrb3	1.07886840873408e-21	0.444996086564345	0.44	0.04	1.56759579789063e-17
gpm6bb	1.47558442000928e-21	0.583076124592534	0.36	0.028	2.14402416227349e-17
slc7a8a	5.34067758395173e-21	0.711870438914212	0.6	0.073	7.76000452948187e-17
sardh	5.91725774729235e-21	0.494961353658958	0.24	0.013	8.59777550681578e-17
ndel1b	7.13510494107569e-21	0.814825312982826	0.68	0.095	1.0367307479383e-16
dcn	9.32879081429315e-21	1.40859723206562	0.8	0.142	1.35547330531679e-16
tmem106a	1.12420644380941e-20	0.584848697662487	0.48	0.051	1.63347196285507e-16
tmem119b	2.80921023749759e-20	1.34768807862672	0.88	0.175	4.081782475084e-16
ucp2	4.52853824468624e-20	3.83642490448358	1	0.392	6.57996606952911e-16
selenbp1	4.69694685559048e-20	0.560220511590487	0.44	0.044	6.82466378117297e-16
gpc1b	5.351726154728e-20	0.338006758390354	0.4	0.036	7.77605810281978e-16
si:ch73-237c6.1	6.52854803362855e-20	0.555509381645499	0.32	0.024	9.48598029286229e-16
gnai2b	8.02467485739878e-20	0.416411527164593	0.44	0.043	1.16598525678004e-15
jakmip1	8.98998968822133e-20	0.396381891326384	0.28	0.019	1.30624550169856e-15
gsr	1.58533422978801e-19	0.696403061902911	0.56	0.072	2.30349063588198e-15
nfe2l2a	1.66967819104232e-19	1.2957796657038	0.88	0.171	2.42604241158449e-15
crip3	2.00522935635498e-19	0.466016666031193	0.48	0.052	2.91359825478378e-15
itgb5	2.34244244099701e-19	0.39683932165185	0.32	0.025	3.40356886676866e-15
lrrc17	2.67223390519215e-19	1.81224250312343	0.92	0.213	3.8827558642442e-15
gamt	2.77147274940861e-19	0.60316393722881	0.68	0.099	4.02694990489072e-15
gys1	3.16851529161329e-19	0.429546269247349	0.32	0.025	4.60385271871411e-15
il17rd	3.18685567623163e-19	0.711020327909057	0.56	0.073	4.63050129756456e-15
lonrf1l	4.05767775592661e-19	0.577022418892193	0.48	0.054	5.89580577936136e-15
ssh2a	5.93407855105087e-19	0.618266411995915	0.44	0.047	8.62221613467691e-15
glud1a	2.35163079386536e-18	1.48378722626284	0.84	0.186	3.41691954348637e-14
col1a1a	3.78125848407483e-18	6.16169248587478	0.88	0.297	5.49416857736073e-14
cx43	7.3912476542537e-18	0.604623961618313	0.52	0.066	1.07394828416306e-13
egfl7	7.92375700232733e-18	0.424921655189832	0.4	0.041	1.15132189243816e-13
adkb	8.6918065019742e-18	0.923179190976255	0.64	0.104	1.26291948473685e-13
sorbs3	1.31457439585583e-17	0.344982803838216	0.24	0.016	1.91007659717852e-13
bach1b	1.32109890217172e-17	0.480305928590763	0.32	0.027	1.91955670485551e-13
dnm3a	1.54849422918203e-17	0.264039827276021	0.24	0.016	2.24996211500148e-13
lum	2.06028151437014e-17	0.712739598877763	0.64	0.097	2.99358904037981e-13
msx1b	2.70687719954897e-17	1.4126151776911	0.64	0.108	3.93309257094466e-13
map4k5	2.95141792226317e-17	0.690034607043487	0.56	0.08	4.28841024104838e-13
ctdspla	3.7690978504784e-17	1.0333469327751	0.92	0.204	5.47649917674512e-13
dennd3a	4.6638915936731e-17	0.261856791345351	0.2	0.011	6.77663448560702e-13
ak4	4.96433547582978e-17	0.861615651675571	0.72	0.128	7.21317944638067e-13
cited1	5.95161364429466e-17	0.935604819631398	0.68	0.115	8.64769462516015e-13
st3gal8	6.86692514197136e-17	0.685304599802458	0.48	0.062	9.97764223128438e-13
wasla	7.10672031414098e-17	0.788872828048377	0.72	0.126	1.03260646164468e-12
cry-dash	8.35041509840207e-17	0.574949577995463	0.48	0.061	1.21331531379782e-12
cybrd1	9.24616515908962e-17	0.448944276942016	0.36	0.036	1.34346779761572e-12
adora2aa	9.99668393052363e-17	0.263572649715342	0.16	0.007	1.45251817510508e-12
antxr1c	1.48439648818228e-16	0.887382852128144	0.64	0.11	2.15682809732885e-12
hapln1b	1.90827059897227e-16	0.71281898718438	0.68	0.11	2.7727171803067e-12
fkbp7	1.99034838882671e-16	1.2562899947815	0.96	0.242	2.89197620896521e-12
pcolcea	2.05238889673897e-16	1.06774670408489	0.56	0.086	2.98212106696172e-12
cxcl14	2.46209340506587e-16	1.74597048363152	0.64	0.12	3.5774217175607e-12
etv4	2.48674003970893e-16	0.664427199335237	0.64	0.101	3.61323327769708e-12
si:dkey-188i13.11	3.17715045957381e-16	0.864707744294588	0.96	0.22	4.61639961776075e-12
mhc1laa	4.02053715322334e-16	0.329409382701335	0.2	0.012	5.84184048363351e-12
mgst1.1	4.17738101961903e-16	0.874157324627649	0.68	0.123	6.06973462150644e-12
akap12b	6.2927724665443e-16	1.01681480267716	0.72	0.135	9.14339839388886e-12
hoxc11a	6.35599842992608e-16	0.258056923430487	0.12	0.004	9.2352657186826e-12
pag1	9.95655245787758e-16	0.589584942138783	0.68	0.114	1.44668707212961e-11
mdh1aa	1.43529858204714e-15	3.24575825878802	1	0.486	2.0854888397145e-11
ugt1b5	1.43827587011543e-15	1.25221587350032	0.84	0.197	2.08981483927772e-11
slit2	1.45188149381164e-15	0.335444507736703	0.32	0.03	2.10958381050832e-11
chst2b	1.52710202355722e-15	0.31536764121432	0.24	0.018	2.21887924022864e-11
p3h3	1.79202665742927e-15	0.693239522573879	0.68	0.123	2.60381473324473e-11
extl2	1.92344042202569e-15	0.419017806224411	0.48	0.063	2.79475893320332e-11
cebpd	3.13103747808129e-15	2.35909476106789	1	0.591	4.54939745565211e-11
rcn3	3.77807937454194e-15	0.927186251206142	0.6	0.101	5.48954933120944e-11
gnmt	3.82609329724288e-15	0.588600031587402	0.6	0.096	5.55931356089391e-11
clybl	5.55209286300562e-15	0.333786727674064	0.32	0.032	8.06719092994717e-11
sema3fa	5.5842657292831e-15	0.957226021355677	0.44	0.059	8.11393810464835e-11
agtr2	1.03721421787667e-14	0.776365454060095	0.56	0.092	1.50707225857481e-10
cmbl	2.62658973056395e-14	0.887668733758537	0.6	0.107	3.81643487850941e-10
prrx1a	2.6637905524745e-14	1.4709929912781	0.92	0.273	3.87048767274544e-10
tspan9b	2.7266754190698e-14	0.530688143660722	0.48	0.069	3.96185938390841e-10
zic3	3.13266323038679e-14	0.547966363808686	0.24	0.02	4.55175967375201e-10
fthl27	4.57679211628891e-14	2.43216196745723	1	0.962	6.65007894496778e-10
gstt1b	4.82780838723367e-14	0.727757232309927	0.92	0.216	7.01480558665053e-10
got2b	5.72113913836368e-14	1.40122947855371	0.96	0.304	8.31281516804243e-10
gulp1a	6.77715670947882e-14	0.827092571128002	0.64	0.121	9.84720869887272e-10
slc25a33	6.83145896268033e-14	0.783265078210668	0.44	0.062	9.92610987277452e-10
aldob	7.14039683761144e-14	2.11669390092124	0.96	0.407	1.03749966050494e-09
fbln5	9.29534402771194e-14	0.569343883874668	0.52	0.082	1.35061348722655e-09
zgc:65997	1.24992172086547e-13	0.504351763422627	0.36	0.044	1.81613626041753e-09
zgc:77486.1	1.31962566962025e-13	0.749806354864594	0.4	0.053	1.91741609795822e-09
hif1al	1.39082436195982e-13	1.41020200987268	1	0.469	2.02086779792762e-09
hoxa13b	1.98667503410506e-13	0.540601497824044	0.52	0.081	2.88663882455465e-09
tnfrsf11b	2.07079468818905e-13	0.77387901403885	0.24	0.021	3.0088646819387e-09
rarres3l	2.90152648240425e-13	0.403527613245038	0.32	0.036	4.21591797893337e-09
jcada	3.04448779961561e-13	0.355038057846031	0.2	0.015	4.42364077284149e-09
sparc	3.30091927973845e-13	2.38742727681984	1	0.687	4.79623571345997e-09
wipf1b	3.49799810486407e-13	0.580435565015581	0.44	0.065	5.0825912463675e-09
fstl1a	3.59471370321325e-13	0.790595088909477	0.4	0.056	5.22311901076886e-09
rhbdl2	3.81485933116516e-13	0.356363953783941	0.2	0.015	5.54299060818298e-09
sult6b1	3.97540782836049e-13	1.40244870903466	0.96	0.427	5.77626757460779e-09
nck1a	4.24166435838511e-13	1.00190430591288	0.8	0.202	6.16313831273356e-09
foxo1a	5.31059041840295e-13	0.501047850971857	0.6	0.106	7.71628787793949e-09
sec14l8	7.85138534107265e-13	0.32511893012272	0.36	0.045	1.14080629005786e-08
gstp1	8.4743514281096e-13	0.968991930756206	1	0.516	1.23132326250433e-08
sat1a.1	8.8342988252516e-13	0.264901873188308	0.12	0.006	1.28362361930906e-08
sept9a	1.30249594270133e-12	1.26041681087274	0.68	0.174	1.89252660474504e-08
tmem263	1.60478114324548e-12	0.763579357262393	0.84	0.209	2.33174700113568e-08
adam19b	1.61326380861752e-12	0.306803230780178	0.24	0.022	2.34407231392126e-08
fgfrl1b	1.88052124202527e-12	0.635814378304147	0.68	0.135	2.73239736466272e-08
stox1	2.07829478159153e-12	0.473399844656431	0.56	0.099	3.0197623176525e-08
cd82a	2.3489613869603e-12	1.20716185509671	0.96	0.489	3.41304089525331e-08
adipor2	2.37309674174073e-12	1.19470605602856	0.88	0.253	3.44810956574928e-08
ghrb	2.56282414207575e-12	0.997801344870638	0.48	0.086	3.72378347843607e-08
bmp1a	2.74274931693459e-12	0.674262952343668	0.6	0.117	3.98521475750597e-08
rrbp1b	2.96542380655127e-12	0.521272274884805	0.68	0.137	4.30876079091899e-08
col5a2a	3.61539830762058e-12	0.52133697850651	0.48	0.076	5.2531737409727e-08
matn4	3.93161000714343e-12	0.282577029591373	0.64	0.125	5.7126293403794e-08
bbox1	4.14931862937736e-12	0.400328580179586	0.32	0.039	6.0289599684853e-08
cebpb	4.29955335083332e-12	1.98001297574206	1	0.559	6.24725101876081e-08
slc25a43	4.47823861267175e-12	0.938040055773316	0.92	0.267	6.50688070421206e-08
aifm2	5.90250887988401e-12	0.908649408030753	0.76	0.186	8.57634540247146e-08
aasdhppt	7.28560759664385e-12	0.394423391173696	0.32	0.039	1.05859878379235e-07
prrx1b	8.96503833234382e-12	0.817862171720238	0.84	0.219	1.30262006968956e-07
ogna	9.22278548561123e-12	1.85145135326038	0.4	0.065	1.34007073105931e-07
si:ch1073-291c23.2	1.56099131456098e-11	0.940082741355546	0.8	0.222	2.2681203800571e-07
fuom	1.71311744205765e-11	0.298031974333743	0.32	0.04	2.48915964330977e-07
sept15	1.75265389404424e-11	1.07358062922395	0.88	0.278	2.54660610804628e-07
rbck1	2.01000514679641e-11	0.283148301542414	0.16	0.011	2.92053747829519e-07
pon3.2.1	2.42488061810991e-11	0.532480289684665	0.44	0.073	3.5233515381137e-07
sesn1	2.5285865779265e-11	1.36321704761554	0.88	0.347	3.6740362977272e-07
antxr2a	2.79017472841064e-11	0.282642696963383	0.28	0.032	4.05412388038066e-07
tfpia	3.05181774044776e-11	0.488920530240669	0.4	0.061	4.4342911768706e-07
rpe65b	3.29821774788537e-11	0.427892762477299	0.4	0.062	4.79231038767744e-07
dhrs11b	3.50583513483447e-11	0.32279640073812	0.36	0.051	5.09397845091448e-07
boka	3.51744136990449e-11	0.263989816469944	0.16	0.012	5.11084231047122e-07
fh	3.68547838391134e-11	0.714736780202675	0.8	0.21	5.35500009182318e-07
rin3	3.74387675949304e-11	0.371146667626393	0.4	0.061	5.43985293154338e-07
fam198a	5.27448091004264e-11	0.391616272136116	0.6	0.118	7.66382076229195e-07
msmo1	5.5082000222942e-11	0.290100888825073	0.36	0.051	8.00341463239347e-07
SERP1	5.60630155140079e-11	1.10374579231019	1	0.793	8.14595615418535e-07
si:ch1073-303k11.2	6.14903322527225e-11	0.695054636637876	0.48	0.09	8.93454527632058e-07
fkbp14	6.36658185377007e-11	0.967484381109353	0.76	0.225	9.25064343352791e-07
gpx4a	6.93792506112691e-11	0.879257113495792	0.84	0.252	1.00808051138174e-06
arrdc2	8.30674164623589e-11	1.69747177886765	0.8	0.294	1.20696956119807e-06
hmox2a	8.9175771287084e-11	0.25560080126175	0.28	0.034	1.29572395680133e-06
ckap4	9.90770929175717e-11	1.06385989075345	0.88	0.306	1.43959016009232e-06
nucb2a	1.07064664635245e-10	0.982817752934532	0.88	0.316	1.55564957715011e-06
CT027815.1	1.1717361072129e-10	0.376033239248775	0.24	0.026	1.70253256378034e-06
klf12a	1.1784074026222e-10	0.293385806996522	0.4	0.062	1.71222595601005e-06
bhlhe40	1.44570651350874e-10	1.01331918696922	0.68	0.173	2.1006115641282e-06
si:ch73-352p4.8	1.55577881629175e-10	0.309490948232145	0.28	0.034	2.26054662007191e-06
ugt5b2	1.65770825326772e-10	0.279116746714788	0.16	0.012	2.408650091998e-06
creg2	1.89057917774392e-10	0.468113656805685	0.72	0.166	2.74701154526192e-06
f2rl2	2.13018215895944e-10	0.638660161917618	0.32	0.045	3.09515467696806e-06
zic2b	2.17003838522636e-10	0.580004957530156	0.24	0.027	3.1530657737339e-06
sod2	2.5095720109871e-10	0.305709885047162	0.48	0.087	3.64640813196425e-06
selenoo1	2.65189438088897e-10	0.661353416022878	0.36	0.056	3.85320253543167e-06
fbxl7	3.04895741683956e-10	0.508450703697897	0.28	0.037	4.43013512666788e-06
eef1da	3.11567751556969e-10	1.06769416056703	1	0.808	4.52707943012276e-06
litaf	3.19410739312745e-10	0.783461253538556	0.72	0.193	4.64103804221418e-06
mmp2	3.21976566519984e-10	1.15386164040999	0.92	0.357	4.67831951153536e-06
arl4ab	3.24481108326822e-10	0.366056614982135	0.32	0.045	4.71471050398873e-06
rcn1	3.34589992607338e-10	0.987540458770235	0.76	0.221	4.86159259258463e-06
si:ch73-91k6.2	3.51482819319375e-10	0.524107846945559	0.52	0.105	5.10704536471051e-06
gpt2l	4.10707994887815e-10	0.390154706141895	0.44	0.078	5.96758716571995e-06
lrp1aa	4.19784561086809e-10	0.519087578046925	0.44	0.08	6.09946967259133e-06
fth1a	4.49287762927685e-10	1.3366332072851	1	0.951	6.52815119533926e-06
acss1	4.58188041481796e-10	0.276133998981603	0.32	0.045	6.6574722427305e-06
trabd	4.87225537459954e-10	0.307164592119117	0.2	0.02	7.07938705929314e-06
prdx5	5.66260132327004e-10	1.03784177393679	0.84	0.331	8.22775972271136e-06
f10	6.87640556551058e-10	0.844366639150378	0.6	0.137	9.99141728668687e-06
spon2b	7.54391361030048e-10	1.90875099174218	0.32	0.051	1.09613064757666e-05
ehd4	7.58191066467101e-10	0.675748865431604	0.36	0.058	1.1016516195767e-05
rgl1	8.54315428493652e-10	0.837435789411298	0.76	0.207	1.24132031760128e-05
me3	9.40227892450794e-10	0.512525382720734	0.48	0.096	1.366151127731e-05
pla2g7	1.01034265927925e-09	0.426255521583472	0.44	0.081	1.46802788393275e-05
angptl4	1.09404419744243e-09	1.93974793491392	0.96	0.655	1.58964621888385e-05
klf11b	1.19910631651019e-09	1.60939372170814	0.84	0.342	1.7423014778893e-05
si:ch73-141c7.1	1.24428431903878e-09	0.486138213117083	0.24	0.029	1.80794511556335e-05
six1b	1.27756635533766e-09	0.512018994716309	0.64	0.155	1.85630391430561e-05
camk2g1	1.63904726438867e-09	0.607211666338219	0.6	0.143	2.38153567515674e-05
ism1	2.08082130328979e-09	0.545567259462807	0.4	0.072	3.02343335368006e-05
si:ch211-15b10.6	2.22434192211883e-09	0.999775167736433	0.96	0.409	3.23196881283866e-05
dhrs1	2.24423319563469e-09	0.466304053781935	0.36	0.061	3.2608708332572e-05
slc25a28	3.06201512366462e-09	0.480161631778159	0.4	0.074	4.44910797468469e-05
tnc	3.08268837990404e-09	0.529140998510249	0.56	0.128	4.47914621600057e-05
xpc	3.27645775887766e-09	0.280045663615638	0.4	0.07	4.76069312364924e-05
CU459056.1	3.58941044278446e-09	0.558326299653043	0.4	0.073	5.21541337336583e-05
msx3	3.85373969308267e-09	0.92778288932649	0.4	0.076	5.59948377404912e-05
pim2	3.94513738077832e-09	0.873239388542336	0.8	0.263	5.7322846142709e-05
wnt11r	4.13214640578128e-09	2.35178410978859	0.44	0.103	6.0040087276002e-05
ethe1	4.386357171609e-09	0.478031879632044	0.28	0.041	6.37337697034788e-05
pcolce2b	4.4965427043192e-09	0.843717046893703	0.28	0.041	6.5334765493758e-05
zfand5a	4.55126885860016e-09	1.44541982841279	0.88	0.389	6.61299365154604e-05
fzd2	4.74781170511272e-09	0.434669783322537	0.6	0.143	6.89857040752878e-05
aoc2	4.89993284629645e-09	0.691177756489699	0.36	0.065	7.11960242566874e-05
ctsba	5.27534294671469e-09	0.831987104788367	0.96	0.361	7.66507330157644e-05
tmem59	5.46519254614557e-09	0.902846846719474	0.8	0.243	7.94092476954951e-05
hvcn1	7.54252252660935e-09	0.721163829043295	0.68	0.185	0.000109592852311634
mknk2b	7.97314812154895e-09	1.3734108548559	0.96	0.635	0.000115849842206106
her2	8.72335739458511e-09	0.694092582521395	0.4	0.078	0.000126750382943322
srpx	9.0378463149205e-09	0.405517067001037	0.48	0.101	0.000131319906955795
fam114a1	9.47324793765219e-09	0.393445762852442	0.56	0.126	0.000137646292534086
axin2	9.6451236809313e-09	0.560758647284737	0.4	0.079	0.000140143647083932
ptpreb	9.78736583772034e-09	0.390909228869457	0.16	0.015	0.000142210425622077
selenow1	1.09583448927098e-08	0.969125535708806	0.92	0.547	0.000159224751291073
si:ch211-175m2.5	1.12799668669761e-08	0.309499733547808	0.24	0.032	0.000163897918577163
ppib	1.14982272830162e-08	1.10883294982121	1	0.932	0.000167069242422226
tktb	1.16738717582074e-08	0.939053233858954	0.76	0.246	0.000169621356646753
eif4ebp3	1.19192369019078e-08	0.559512982993387	0.76	0.22	0.00017318651218472
tmem176	1.30536239934249e-08	0.991125778193576	0.88	0.358	0.000189669156624464
pmaip1	1.41257180685296e-08	0.38160379990279	0.36	0.065	0.000205246683535735
acat1	1.4163618268277e-08	0.590995702598133	0.72	0.2	0.000205797373438065
gadd45bb	1.42175280256505e-08	1.2907334356099	0.96	0.437	0.000206580682212702
tril	1.43562332414693e-08	0.473101508820804	0.36	0.066	0.000208596068998549
map1lc3a	1.47948113242695e-08	1.00657403976637	0.84	0.34	0.000214968608541636
zgc:55262	1.54012050238711e-08	0.410352393998024	0.44	0.09	0.000223779508996848
inka1b	1.749368720994e-08	0.667370391911828	0.48	0.11	0.000254183275160429
zgc:162730	1.7823144362085e-08	1.40886727900031	1	0.691	0.000258970287581095
ldhba	1.90210097019967e-08	1.2631061934056	1	0.663	0.000276375270970012
si:ch1073-392o20.2	1.90318319224639e-08	0.254405407577202	0.4	0.075	0.000276532517833401
naprt	2.04532489554302e-08	0.265045614043889	0.32	0.053	0.0002971857073224
rfx5	2.06414132370837e-08	0.385180995492287	0.44	0.091	0.000299919734334826
plod1a	2.08356151871531e-08	0.690275878119443	0.48	0.113	0.000302741488669334
ddt	2.10779731324673e-08	0.82847603446796	0.84	0.305	0.00030626294961475
ndel1a	2.48389710893327e-08	0.822409370791418	0.4	0.084	0.000360910249928005
zgc:153675	3.12069040545429e-08	0.904479474658841	0.8	0.289	0.000453436315912508
tmem106ba	3.69487337642444e-08	0.621307699018748	0.56	0.139	0.000536865101594471
col5a1	3.81731750098961e-08	0.781252946355651	0.76	0.251	0.00055465623289379
sucla2	3.81929896071752e-08	0.381992391973689	0.64	0.162	0.000554944138992256
uqcc3	3.93198954480276e-08	0.64681414986752	0.56	0.141	0.000571318080859841
tnfaip6	4.21632815760627e-08	0.546324261471522	0.52	0.122	0.000612632481300191
zgc:174895	5.05500451283689e-08	0.309886270298766	0.24	0.034	0.0007344921557152
ugdh	5.33548361367389e-08	0.757337988591354	0.76	0.252	0.000775245769066816
si:dkey-17m8.1	5.58185298531585e-08	0.257216483809663	0.28	0.044	0.000811043238766393
tbc1d17	5.68458522028919e-08	0.266494977773821	0.36	0.067	0.00082597023250802
cox17	6.10534464861607e-08	0.479723272632916	0.68	0.193	0.000887106577443915
zgc:92630	6.7670180395698e-08	0.309504251746303	0.32	0.056	0.000983247721149492
pla2g15	6.96082613349644e-08	0.429457905489307	0.72	0.199	0.00101140803719703
dtnbp1a	7.0169472313554e-08	0.347881171493286	0.6	0.151	0.00101956243271594
tmeff2a	7.819287426562e-08	0.26994486922566	0.36	0.068	0.00113614246307946
serpina10a	8.58890377430561e-08	0.696129100785836	0.44	0.098	0.00124796771840661
atoh8	9.41928052224718e-08	0.546074782004581	0.6	0.164	0.00136862145988252
fndc3a	9.51844434680832e-08	0.331890607167128	0.12	0.01	0.00138302996359125
hbp1	9.75458018823462e-08	0.807481041923708	0.76	0.282	0.00141734050135049
lyrm2	1.11262534108511e-07	0.310114238041701	0.4	0.082	0.00161664462059666
cth	1.12584994806628e-07	0.328620832191557	0.44	0.097	0.0016358599745403
aldh6a1	1.19436385926571e-07	1.17421576164633	0.84	0.407	0.00173541068751308
zgc:56235	1.21283901383373e-07	0.278240145503705	0.24	0.036	0.00176225508710041
ap3m1	1.30471908134241e-07	0.383617255378726	0.4	0.085	0.00189575682519052
jdp2b	1.46210820638389e-07	1.43019404292702	0.92	0.588	0.00212444322387579
chka	1.48437550336643e-07	0.286222192191963	0.2	0.026	0.00215679760639143
lysmd3	1.49950535478218e-07	0.638502848637401	0.76	0.254	0.00217878128049851
fam107b	1.53472787461789e-07	0.821172106199805	0.56	0.164	0.0022299596018198
fkbp9	1.62118724621654e-07	0.954451500656259	0.92	0.416	0.00235558506875264
pycr1b	1.86035351079657e-07	0.599480270310325	0.52	0.139	0.00270309365118741
ldb2a	1.93408671288042e-07	0.306569682774295	0.36	0.072	0.00281022799381525
si:ch211-51c14.1	1.95945790363819e-07	0.301113563059266	0.28	0.048	0.0028470923339863
atf5b	1.98930383727125e-07	0.617752662146824	0.56	0.155	0.00289045847555512
rasgef1ba	2.05096583146824e-07	0.593085781556759	0.76	0.271	0.00298005335312335
timp2b	2.1814935021646e-07	1.28161224213906	0.56	0.164	0.00316971005864517
lipf	2.18562896090611e-07	0.335095143414122	0.36	0.072	0.00317571888019657
ramp2	2.48001279109829e-07	0.69343591723353	0.52	0.145	0.00360345858546582
ctsla	2.68797129214031e-07	1.08163850793123	1	0.763	0.00390562228747988
her6	2.81350864427338e-07	1.40573001869098	0.96	0.574	0.00408802806012921
pccb	2.96079727309785e-07	0.329922069841721	0.4	0.088	0.00430203843781117
tmem176l.1	2.99949448706583e-07	0.666549470737563	0.88	0.34	0.00435826548970664
zgc:194246	3.0298913156063e-07	0.360050435376533	0.48	0.116	0.00440243208157596
jak1	3.16648076888703e-07	0.490462186757967	0.72	0.227	0.00460089655719285
dnase1l4.1	3.25984563645338e-07	0.356364108335408	0.12	0.011	0.00473655570976675
socs3a	3.30260412709899e-07	0.947329904548181	0.88	0.414	0.00479868379667484
nr2f6a	3.40627010293643e-07	0.573716267443015	0.68	0.222	0.00494931045956664
postnb	3.46373673964228e-07	0.651253121420149	0.6	0.182	0.00503280948270023
sept8a	3.5997242272663e-07	0.887743689283483	0.76	0.278	0.00523039930221794
sec61g	3.78050709218827e-07	0.58515665120271	1	0.983	0.00549307680494956
ppp1r14aa	3.87787605799732e-07	0.381319675515533	0.2	0.028	0.0056345539122701
eif4ebp3l	3.99633818910809e-07	1.11596049796822	0.8	0.327	0.00580667938877405
serf2	3.99728161453887e-07	0.739568928429958	1	0.918	0.00580805018592498
scinla	4.14175116622377e-07	0.314733863444676	0.2	0.028	0.00601796444452313
serpine1	4.2172253733802e-07	0.357922170285328	0.88	0.365	0.00612762846752143
tfe3a	4.2893808281158e-07	0.309988843132742	0.4	0.088	0.00623247034325226
slc25a42	4.49518147215152e-07	0.319729918876169	0.24	0.039	0.00653149867903616
irs2b	4.51439741495018e-07	0.318597509264909	0.64	0.175	0.00655941944392261
castor2	4.78118944778801e-07	0.456480871878403	0.52	0.136	0.00694706826763598
fn1b	4.85431764102622e-07	0.294812032815912	0.28	0.05	0.00705332353241109
si:ch211-204c21.1.1	4.94679899566178e-07	0.277464338008627	0.36	0.074	0.00718769894069656
tgfbi	5.4726975759712e-07	1.78833784974447	0.68	0.28	0.00795182957788615
si:dkey-85k7.7	5.49484471864847e-07	1.09199552203712	0.28	0.052	0.00798400937619623
crtap	5.84317657938929e-07	0.666281211282177	0.88	0.353	0.00849013556985264
zgc:77650	5.85636041621144e-07	0.586102724965911	0.72	0.241	0.00850929168475522
ggctb	6.20336059043722e-07	0.378739897200955	0.28	0.051	0.00901348293790527
si:ch73-147o17.1	6.22586360621143e-07	0.293553127071714	0.36	0.075	0.00904617981982521
amfra	6.35201322907465e-07	0.373582052271977	0.4	0.09	0.00922947522184547
tram2	6.49512698337003e-07	0.522524522332803	0.76	0.252	0.00943741950683666
cpamd8	6.89073093730922e-07	0.261515785508504	0.12	0.011	0.0100122320519103
casp9	7.19939826112122e-07	0.364325133753947	0.48	0.119	0.0104607256734091
nfil3	7.25976521046543e-07	1.07853583954452	0.6	0.218	0.0105484388508063
dap1b	7.39660717949025e-07	0.974050448128308	0.96	0.564	0.0107472702317993
hibadha	7.736710737372e-07	0.276535343489663	0.32	0.064	0.0112414407014015
nucb1	7.77056476960231e-07	0.278491776219019	0.4	0.089	0.0112906306102322
wls	7.78356467906906e-07	0.825061092399912	0.92	0.41	0.0113095194786873
CDPF1	7.99920369039743e-07	0.419278989084124	0.56	0.158	0.0116228429621475
pdk2a	8.01837931972597e-07	0.562746254055962	0.72	0.242	0.0116507051515618
sgms1	8.3918383547538e-07	0.392940492405211	0.6	0.172	0.0121933411294573
colec12	8.72137225019121e-07	0.561483650311038	0.64	0.203	0.0126721538795278
slc11a2	8.76228483444271e-07	0.422049743980216	0.56	0.158	0.0127315998644453
NFX1	9.65550680667851e-07	0.263750664524356	0.36	0.077	0.0140294513901039
mmp14b	9.69158610417303e-07	0.343847623483144	0.44	0.108	0.0140818746093634
lgals3b	9.78952474502891e-07	0.602384584782889	0.64	0.213	0.014224179454527
aldh7a1	9.84689733997514e-07	0.574476199747975	0.76	0.262	0.0143075418349839
prickle1a	1.0200253817289e-06	0.284798389274974	0.16	0.02	0.014820968796521
mgst3b	1.16189146935429e-06	0.843767138111285	0.96	0.659	0.0168822830497178
MDFI	1.18190332049687e-06	0.317308187584359	0.32	0.066	0.0171730552468195
tbc1d5	1.29828513892811e-06	0.256287752960171	0.4	0.091	0.0188640830686255
mcl1a	1.36888637757886e-06	0.855885667449263	1	0.831	0.0198899190662208
capns1a	1.40307792940514e-06	0.578453068413036	0.84	0.337	0.0203867223142567
grk4	1.43155363076894e-06	0.382011253600509	0.48	0.124	0.0208004742550727
gpx8	1.53442287627496e-06	0.493076551143537	0.52	0.149	0.0222951643922752
msx2b	1.55374248947002e-06	0.627528490762879	0.52	0.159	0.0225758783719994
loxl2b	1.79431276138569e-06	1.10350627257401	0.52	0.175	0.026071364422934
rab35b	1.79525427007225e-06	0.387817945349948	0.44	0.111	0.0260850445441498
hdlbpa	1.89275610898555e-06	0.663087407722607	0.8	0.338	0.0275017462635601
si:dkey-12j5.1	1.90375150625677e-06	0.331006668041342	0.36	0.081	0.0276615093859108
btg1	1.91382442338755e-06	0.865333792037507	1	0.702	0.0278078688718212
ggcx	2.04619067911981e-06	0.503479578359141	0.28	0.055	0.0297311505676108
zfyve21	2.32771720599059e-06	0.26622410782053	0.56	0.154	0.0338217310030433
lysmd4	2.34115735113017e-06	0.365766081686607	0.32	0.068	0.0340170163119214
wipi1	2.44234388203116e-06	0.255393870456704	0.44	0.108	0.0354872566059127
calm3a.1	2.63071957116674e-06	0.842216078188189	0.96	0.536	0.0382243553690528
mid1ip1b	2.74780011318169e-06	0.509862642705014	0.48	0.136	0.0399255356445299
ppardb	2.75102198943541e-06	0.380446115620125	0.32	0.069	0.0399723495064966
mbtps1	2.78759760509981e-06	0.35193801130511	0.36	0.083	0.0405037932021002
slc35f6	2.85110496854295e-06	0.336385552492664	0.36	0.083	0.0414265551929291
nr2f6b	2.86175111854022e-06	0.773354445373031	0.64	0.238	0.0415812437523894
phgdh	2.95744236529232e-06	0.631802290782177	0.76	0.296	0.0429716375676974
tob1b	3.07451998787677e-06	0.792665308249133	0.92	0.489	0.0446727754238495
plgrkt	3.28571496914455e-06	0.337632788834679	0.44	0.113	0.0477414385016703
