gene	p_val	avg_log2FC	pct.1	pct.2	p_val_adj
apodb	2.77075945976633e-203	1.57838847761566	0.522	0.014	4.02591349504047e-199
apoda.1	9.32871765869883e-202	1.95233107075547	0.744	0.035	1.35546267580894e-197
tfa	5.6062120199561e-189	3.77323465407364	0.644	0.028	8.14582606499621e-185
and2	8.341417210736e-187	1.49361042104981	0.856	0.057	1.21200792071994e-182
CABZ01074130.1	1.53960157090179e-175	1.19831294081635	0.867	0.065	2.23704108252029e-171
apoa1b	4.9405401087335e-171	3.98305227387712	0.778	0.053	7.17860477798978e-167
defbl1	3.24849368797824e-166	2.18694832232518	0.956	0.092	4.72006132863238e-162
serpina1l	3.56905229326905e-147	1.61419335247357	0.344	0.008	5.18583298211993e-143
mbpa	5.06232583695287e-146	0.678451975549658	0.544	0.025	7.35555944109252e-142
ckmb	1.63633193081344e-129	1.96659042851082	0.678	0.053	2.37759029547193e-125
uox	1.62242737861959e-125	1.31202007203027	0.256	0.004	2.35738698113426e-121
apoa2	2.19993182194997e-124	3.79439767871715	0.7	0.062	3.1965009372933e-120
si:dkey-197i20.6	1.22312198143446e-120	1.36908229083832	0.5	0.027	1.77719623902428e-116
tpma	9.19898254362888e-114	1.97175234800403	0.756	0.082	1.33661216358928e-109
atp2a1	1.26261636522892e-110	1.57292107559456	0.489	0.029	1.83458157867762e-106
mylpfa	1.01582014019536e-105	2.33824989569489	0.878	0.134	1.47598666370386e-101
mylz3	8.83620414695195e-104	1.92992890118887	0.822	0.113	1.28390046255212e-99
im:7150988	1.23084204453586e-99	0.576917620634071	0.5	0.034	1.7884134907106e-95
fgg	2.22504733093614e-99	0.927215882051901	0.189	0.003	3.23299377185022e-95
myl1	1.23207124610522e-97	1.55288268614452	0.656	0.069	1.79019952059089e-93
serpina1	1.03912575031018e-95	0.975850590594528	0.189	0.003	1.50984971520069e-91
and1	9.21490188996418e-92	0.833875083368992	0.378	0.02	1.3389252446118e-87
fabp10a	1.13569775537479e-91	1.85941448513822	0.311	0.013	1.65016883855958e-87
serpinc1	1.9442074884236e-91	0.638489037236771	0.156	0.002	2.82493348067949e-87
col10a1a	2.17130127825639e-91	0.684216062757123	0.411	0.025	3.15490075730654e-87
lypc	2.17336050678109e-91	0.949939196557855	0.3	0.011	3.15789281635292e-87
ckma	3.40916265883833e-91	1.81879671850297	0.722	0.095	4.95351334329209e-87
tnnt3b	1.95422705889516e-90	1.6445253881334	0.611	0.064	2.83949191657467e-86
si:dkey-33i11.4	1.20126211677093e-88	1.20548135134439	0.411	0.026	1.74543385566816e-84
agxta	7.34078052385221e-88	0.578336394382326	0.122	0.001	1.06661541011573e-83
cd59	3.51177403240705e-84	0.515850532791084	0.422	0.028	5.10260766908744e-80
aqp3a	9.24159594438371e-81	1.23694583496569	0.722	0.095	1.34280389071895e-76
rbp2b	2.72760291845506e-80	1.1242050949326	0.211	0.006	3.96320704051519e-76
gc	2.12153062309681e-79	0.63724886098431	0.133	0.001	3.08258399535966e-75
fgb	3.51337956216035e-79	0.935903544991639	0.156	0.002	5.104940503819e-75
apom	8.85294372950458e-79	0.905567909435462	0.178	0.004	1.28633272389702e-74
zgc:91968	1.25894845199508e-78	0.742869230131158	0.922	0.15	1.82925210074885e-74
pvalb2	1.27450609153676e-76	1.53402638764095	0.922	0.226	1.85185735100291e-72
actc1b	1.55785323279218e-76	2.35359082484215	0.978	0.307	2.26356074724704e-72
hpdb	1.48780166051528e-75	0.513126298282435	0.389	0.027	2.1617758127287e-71
leg1.1	7.43638730551753e-75	0.922076522388561	0.133	0.002	1.0805070754917e-70
tnnc2	8.32542951192304e-75	0.896199896351023	0.378	0.026	1.20968490808242e-70
abhd6a	7.86813773154777e-74	0.963702029588902	0.733	0.104	1.14324041239389e-69
pnp4a	1.22437012893087e-73	1.57747340189563	0.633	0.081	1.77900979733655e-69
ces2	1.54812710313509e-72	0.563490391368571	0.111	0.001	2.24942868085529e-68
agt	1.77482347662637e-72	0.479497714047847	0.111	0.001	2.57881851153811e-68
uraha	4.25745823374873e-72	1.0517386682813	0.5	0.049	6.1860868136369e-68
zgc:123103	6.3868139247598e-71	0.580659892558019	0.122	0.001	9.28004063267599e-67
dct	6.85703152648402e-70	1.21817679947963	0.967	0.215	9.96326680798128e-66
vipb	6.93532838888571e-69	0.453819229743293	0.778	0.142	1.00770321490509e-64
slc45a2	1.39507374678869e-68	0.837028547022757	0.9	0.167	2.02704215408397e-64
CABZ01021592.1	6.0085381947608e-68	1.31969781377011	0.989	0.378	8.73040599698743e-64
her4.1	1.17502049081948e-67	1.32774406897264	0.556	0.065	1.70730477316071e-63
pvalb4	8.2075835136336e-66	1.61596782910666	0.622	0.095	1.19256188453096e-61
mt2	9.27489304519369e-66	0.801662788757875	0.8	0.137	1.34764195946664e-61
gch2	1.24346809081549e-65	1.44956211414303	0.978	0.255	1.8067591359549e-61
cldnk	7.39444616064316e-65	0.671529555375029	0.322	0.021	1.07441302714145e-60
tnni2a.1	4.86876268434534e-64	0.757724831458081	0.244	0.012	7.07431218035378e-60
ambp	1.02103225383406e-63	0.707653263075672	0.133	0.002	1.48355986482088e-59
tyrp1a	2.98275581237815e-63	0.80409900014461	0.733	0.107	4.33394419538545e-59
gapdh	3.73984238644224e-63	1.65516408773401	0.511	0.062	5.43399098750058e-59
serpinf2b	8.75188786383161e-63	0.802359683009279	0.122	0.002	1.27164930661473e-58
grhprb	1.02439062141377e-60	0.67491231000304	0.133	0.003	1.48843957291421e-56
tmem130	1.99285434871637e-60	0.707698351293874	0.289	0.018	2.89561736868489e-56
acta1b	7.78713859123893e-59	0.972728683290516	0.422	0.045	1.13147123730702e-54
s100a10b	4.98958992976847e-58	0.464580306123661	0.922	0.215	7.24987416795359e-54
pmela	5.71567104262537e-57	1.32710291099663	1	0.335	8.30487002493467e-53
mtbl	4.4560610173024e-56	0.570850781340387	0.878	0.188	6.47465665814039e-52
si:ch73-281k2.5	2.19926068540655e-55	0.56439086717696	0.133	0.003	3.19552577589572e-51
ifitm5	7.15662641601589e-55	0.950730882026587	0.189	0.008	1.03985781824711e-50
apoa4b.1	1.03208439908108e-54	0.809916096713458	0.178	0.007	1.49961863186481e-50
si:ch211-243a20.3	1.85140914272398e-53	1.10543669711171	0.522	0.07	2.69009748437794e-49
mbpb	2.11108500576226e-53	0.542032788004005	0.644	0.123	3.06740651337257e-49
myl10	3.9937468921076e-53	0.955518014732705	0.4	0.044	5.80291423423234e-49
slc22a7a	4.64468663495475e-53	1.02818914640069	0.644	0.104	6.74872968058925e-49
tnni2b.1	7.05629390088058e-53	1.02344202207698	0.3	0.024	1.02527950379795e-48
si:ch211-251b21.1	1.75124762091782e-51	0.60848794641235	0.678	0.12	2.5445627931936e-47
pvalb1	2.84645779853816e-51	1.09925793844695	0.711	0.167	4.13590318127594e-47
tspan36	8.05535215371258e-51	0.979788476900661	0.844	0.2	1.17044266793444e-46
myhz2	1.14401947621187e-50	0.570791327232352	0.167	0.007	1.66226029893585e-46
tyrp1b	1.41999526026031e-50	1.49392861573276	1	0.41	2.06325311315824e-46
aldoab	2.01473677250417e-49	1.0053476051495	0.311	0.028	2.92741253044855e-45
pvalb7	2.44565712426646e-49	0.574417121107561	0.167	0.007	3.55353980155916e-45
aqp12	5.8394877671462e-49	0.500114507060132	0.111	0.002	8.48477572566343e-45
fbp1b	1.19224678808669e-48	0.732583022518425	0.178	0.008	1.73233458308996e-44
bscl2l	2.19695653719847e-48	0.569296465435545	0.256	0.018	3.19217784854938e-44
her4.2	7.91091691017634e-48	0.929446029782277	0.489	0.069	1.14945622704862e-43
tnnt3a	1.49828158606151e-47	0.728907778794311	0.333	0.033	2.17700314454737e-43
kng1	2.02235246865077e-47	0.426378317127919	0.1	0.002	2.93847813694957e-43
hao1	2.1784281227619e-47	0.498892271423608	0.1	0.002	3.16525606237304e-43
tnnc1b	6.74623424841468e-47	0.929888239066678	0.289	0.025	9.80227836294653e-43
enam	2.55816705044199e-45	0.374719110566769	0.156	0.007	3.71701672429221e-41
gstp1	8.33842314241702e-45	1.45777290104718	0.989	0.508	1.21157288259319e-40
zgc:112265	1.64380776940697e-44	0.826719368647354	0.1	0.002	2.38845268894833e-40
tnni2a.4	1.80560436693535e-44	1.17188979109781	0.456	0.071	2.62354314515706e-40
si:ch73-367p23.2	1.865951454406e-44	0.577611429150121	0.189	0.01	2.71122746325191e-40
pygl	3.3859773934796e-44	0.606237639674228	0.111	0.003	4.91982515272587e-40
casq2	1.39082375733514e-43	0.535920774553807	0.167	0.008	2.02086691940796e-39
actc1a.1	2.67924722893407e-43	0.557459665593277	0.2	0.012	3.8929462236412e-39
her4.2.1	2.6229878802825e-42	1.06620873126846	0.456	0.066	3.81120139005047e-38
gpr143	3.82016660866426e-41	1.10330594803587	0.7	0.149	5.55070208238918e-37
aqp1a.1	1.36279461886018e-40	0.854221321802647	0.189	0.012	1.98014058120384e-36
fthl29	2.72669998830966e-40	1.40275083588783	0.333	0.041	3.96189508301394e-36
col1a1a	3.92796363582568e-40	0.794126539528722	0.867	0.287	5.70733116285471e-36
prss1	3.75930656329263e-39	1.65714263454623	0.222	0.018	5.46227243646419e-35
tnni4b.2	3.8997117459519e-39	0.608920002332401	0.233	0.02	5.66628116686811e-35
acta1a	5.25779364357911e-39	0.823979703382083	0.356	0.046	7.63957416412045e-35
si:dkey-251i10.2	1.30506410678986e-38	0.498921217998019	0.3	0.033	1.89625814716567e-34
prss59.2	1.95688940820639e-38	1.61257431474333	0.222	0.018	2.84336031012388e-34
spp1	1.57101052467755e-37	0.38434353055856	0.167	0.01	2.28267829235648e-33
apoda.2	1.18109504369216e-36	0.577124022538751	0.111	0.004	1.71613109848471e-32
ctrb1	3.54561478519723e-36	1.23948364466252	0.133	0.006	5.15177828289157e-32
afp4.1	8.27220558405685e-35	0.658749522427698	0.144	0.008	1.20195147136346e-30
her2	9.4850862339848e-35	0.649385899498531	0.433	0.072	1.37818302979799e-30
myl13	3.95462245306965e-34	0.65028151772292	0.356	0.054	5.7460664243102e-30
hspb1	1.48210302183053e-33	0.922772186873352	1	0.5	2.15349569071977e-29
cd81b	7.62803180730837e-33	0.500951525965366	0.156	0.01	1.10835302160191e-28
her15.1	1.07074232207861e-32	0.695228174358889	0.611	0.147	1.55578859398022e-28
fabp11a	3.11473264993246e-32	0.432260539424487	0.533	0.111	4.52570654035186e-28
nme2b.2	3.56428077620818e-32	0.97318692788857	0.367	0.06	5.17889996783049e-28
tmsb1	2.2489895498308e-31	0.649466771370044	0.367	0.06	3.26778181590416e-27
BX511021.1	5.03947259919498e-31	0.386302837700686	0.1	0.004	7.32235368663031e-27
pcbd1	1.31881216512585e-30	0.751603960777717	0.778	0.249	1.91623407592787e-26
her15.1.1	2.65808090425857e-29	0.624381270121007	0.567	0.14	3.8621915538877e-25
tpm2	3.03850066251887e-29	0.970187945217181	0.389	0.076	4.41494146263992e-25
hamp	3.97450471188044e-29	0.399449863320294	0.111	0.005	5.77495534636228e-25
elovl1a	7.01244338605368e-29	0.508192723343509	0.189	0.017	1.0189080239936e-24
akr1b1	8.79147515478588e-29	0.853337110371231	0.544	0.133	1.27740133999039e-24
tnnt2d	5.30253788075591e-28	0.572495711780849	0.211	0.023	7.70458754073833e-24
prdx1	8.87753794699148e-28	1.20621909801525	0.656	0.223	1.28990626369786e-23
rasd1	5.81437385649073e-27	0.818524078544703	0.5	0.115	8.44828521348103e-23
ak1	1.04052409373708e-26	0.883562178276288	0.511	0.125	1.51188150819997e-22
paics	1.3413830580226e-26	1.1343771769883	0.622	0.22	1.94902958330684e-22
UBB	4.9539156198745e-26	0.811401177321479	0.989	0.719	7.19803939567764e-22
gstt1a	5.20403423966397e-26	0.40217744960369	0.822	0.321	7.56146175023175e-22
trim63a	5.34289921685291e-26	0.757514956379728	0.222	0.027	7.76323256208728e-22
anxa2a	6.61812046906753e-26	0.362557084816376	0.556	0.132	9.61612904155512e-22
ckmt2b	9.15226366002142e-26	0.456167371953686	0.156	0.013	1.32982390980111e-21
h1fx	1.09887944157113e-25	0.314634269481835	0.978	0.431	1.59667182860285e-21
jdp2b	1.7114874500792e-25	0.580258769826869	1	0.581	2.48679126496508e-21
si:ch211-255p10.3	4.59062837306008e-25	0.452991758645212	0.144	0.012	6.67018302605629e-21
cav3	7.20003609958602e-25	0.373726095911599	0.133	0.01	1.04616524526985e-20
rabl6b	1.02504201555665e-24	0.778933009045336	0.522	0.133	1.48938604860381e-20
her6	2.03849983844872e-24	0.742906143066604	0.956	0.567	2.96194026526598e-20
tmem243a	5.53996134905335e-24	0.681886180635417	0.478	0.11	8.04956384017452e-20
si:dkey-183i3.5	6.17612642226613e-24	0.274067209095996	0.178	0.019	8.97391169155268e-20
kcnj11l.1	7.82174864475035e-24	0.572938880509721	0.133	0.01	1.13650007808223e-19
entpd3	1.80331431281346e-23	0.482137361930416	0.222	0.029	2.62021569651796e-19
srl	1.96107192541114e-23	0.477700429449682	0.133	0.011	2.84943750762238e-19
scn4ab	2.81276457410305e-23	0.640915492439599	0.333	0.061	4.08694692617173e-19
fabp2	3.65912152115714e-23	0.355291673425863	0.3	0.053	5.31670357024132e-19
slc25a38a	7.52077782077543e-23	0.426615104092927	0.144	0.013	1.09276901735867e-18
mt-cyb	1.08506264273793e-22	0.75110070202059	0.989	0.98	1.57659601989821e-18
ucp2	1.34870065309123e-22	1.09629975827999	0.789	0.387	1.95966204894156e-18
slc3a2a	2.11365220203515e-22	0.766908509095954	0.511	0.136	3.07113664955707e-18
qdpra	5.53079401320186e-22	0.839692690793905	0.478	0.127	8.0362437011823e-18
CR762483.1	1.6054089844239e-21	0.537405258253804	0.156	0.016	2.33265925436793e-17
hsp70l	1.97147079921684e-21	0.651229993469935	1	0.767	2.86454707126207e-17
tfap2e	2.08608530322752e-21	0.642131315527102	0.411	0.094	3.03108194558959e-17
txn	3.5604285355934e-21	0.520305422384887	0.456	0.119	5.17330266221722e-17
phlda2	4.26837345426487e-21	0.848786958039432	0.6	0.205	6.20194662904686e-17
hspa5	5.50763604200469e-21	0.869098604674893	1	0.871	8.00259516903281e-17
crip1	7.53623916791442e-21	0.571141982649828	0.311	0.06	1.09501555109797e-16
sgms2a	9.75468513174785e-21	0.447028078122247	0.133	0.012	1.41735574964296e-16
fxyd1	1.92792981725797e-20	0.828721268265135	0.778	0.302	2.80128202447582e-16
gamt	2.07054745110908e-20	1.15581175554518	0.378	0.096	3.0085054464615e-16
hspbp1	2.12763579551142e-20	0.662218822572564	0.867	0.422	3.0914548108781e-16
anxa5b	2.25080117118915e-20	0.751398327285688	0.567	0.183	3.27041410173783e-16
myhz1.1	4.5149443952487e-20	0.520226389233977	0.133	0.013	6.56021420629636e-16
ascl1a	9.56446414528467e-20	0.54975404565425	0.267	0.048	1.38971664030986e-15
zgc:110339	1.56775645326532e-19	0.504613778830009	0.789	0.423	2.2779501265945e-15
lgals2a	1.66290120512983e-19	0.294480007833498	0.444	0.113	2.41619545105364e-15
si:dkey-21a6.5	1.75650728931089e-19	0.799749969398555	0.433	0.114	2.55220509136872e-15
ttn.1	2.19403014168224e-19	0.437758828738023	0.1	0.007	3.1879257958643e-15
pmp22b	2.33390005739548e-19	0.740868155977712	0.867	0.416	3.39115678339563e-15
nmrk2	3.02006130491783e-19	0.593835371885873	0.144	0.016	4.38814907604561e-15
cyp26a1	3.63934769796254e-19	0.509494309058007	0.422	0.11	5.28797220513957e-15
hspb9	4.02428885179587e-19	0.662184644132225	0.178	0.024	5.8472917016594e-15
mitfa	4.03923557213e-19	0.694403864133151	0.344	0.078	5.86900928630489e-15
smim29	1.5254673265445e-18	0.762482166899185	0.633	0.238	2.21650402546916e-14
hsp70.1	2.78932159403417e-18	0.533649399524843	1	0.81	4.05288427613165e-14
hand2	2.8881097649819e-18	0.460017953085655	0.844	0.373	4.19642348851871e-14
slc2a15b	3.59562496830993e-18	0.752107717374214	0.378	0.093	5.22444307895433e-14
hspb11	5.24832296070196e-18	0.465291976822217	0.133	0.014	7.62581326189994e-14
rgs5b	5.88998926685814e-18	0.620965768632461	0.444	0.126	8.55815440474487e-14
tspan18a	7.20749759449306e-18	0.547193015932381	0.511	0.164	1.04724940047984e-13
gadd45ba	9.29209529696251e-18	0.732819372902386	0.922	0.593	1.35014144664865e-13
her9	1.02227546244136e-17	0.443298724114815	0.878	0.43	1.48536624692729e-13
mlpha	1.40369387203114e-17	0.558581695254249	0.444	0.12	2.03956719606125e-13
hsp90aa1.1	1.50451365721026e-17	0.278257905625198	0.489	0.153	2.18605834392651e-13
anxa1a	1.53532067603124e-17	0.2546330984072	0.633	0.215	2.2308209422734e-13
mt-atp6	2.37177784074546e-17	0.600538192457703	1	0.962	3.44619320260315e-13
atp6v0ca	2.78215927377699e-17	0.392013256967783	0.833	0.466	4.04247742479797e-13
mgst1.2	3.01263034526303e-17	0.476330832848412	0.156	0.02	4.37735189166719e-13
zdhhc2	3.2990434046724e-17	0.596381687413646	0.311	0.069	4.793510066989e-13
ccng1	5.51104472899112e-17	0.560400959833695	0.967	0.824	8.0075479912241e-13
ctsla	7.05105704667583e-17	0.756259013626245	0.989	0.759	1.024518588882e-12
CELA1 (1 of many)	7.26869799724697e-17	0.949590676161264	0.111	0.011	1.05614181899998e-12
pttg1ipb	7.63567883444573e-17	0.789398646681754	0.567	0.213	1.10946413464496e-12
id2a	9.06959155397854e-17	0.811529325953737	0.867	0.541	1.31781165279308e-12
ctsd	1.60852930777987e-16	0.790791007698943	0.767	0.432	2.33719308420415e-12
hsp70.2	3.50219585318923e-16	0.496088857231237	0.989	0.868	5.08869057468396e-12
tagln	3.82876086271037e-16	0.271121114115415	0.111	0.011	5.56318953351817e-12
fthl30	3.84437415714292e-16	0.487018221001807	0.1	0.009	5.58587565032867e-12
si:dkey-4p15.3	6.00079765674581e-16	0.390536148128767	0.667	0.277	8.71915899525166e-12
si:ch73-335m24.2	6.69865882482431e-16	0.507202941741819	0.167	0.025	9.73315127246973e-12
drd3	8.76514006161443e-16	0.512355103078053	0.233	0.045	1.27357485095258e-11
desma	1.26840498734983e-15	0.419627966175039	0.144	0.019	1.8429924466193e-11
pfn1	1.408767394183e-15	0.397037514806354	0.744	0.369	2.0469390237479e-11
chac1	1.94198060770084e-15	0.312357473526818	0.911	0.627	2.82169782298932e-11
zfp36l1b	1.97963222555371e-15	0.435122115410946	0.811	0.434	2.87640562372954e-11
tuba8l3	2.01129079557045e-15	0.580978003379268	0.856	0.471	2.92240552596387e-11
cebpd	2.50133166744662e-15	0.382904089341251	0.956	0.585	3.63443491279994e-11
glula	3.22682825385834e-15	0.749401585338541	0.4	0.127	4.68858145285617e-11
bhmt	6.26975567208168e-15	1.14552483389521	0.633	0.295	9.10995499153467e-11
si:ch211-160j14.2	7.59973887582259e-15	0.531339297692749	0.189	0.034	1.10424205865702e-10
rbp4	8.4360995227046e-15	0.301503090314066	0.267	0.062	1.22576526064898e-10
gapdhs	1.63956146460755e-14	0.499853160864112	0.856	0.579	2.38228280807477e-10
si:dkey-12l12.1	1.67025445817028e-14	0.435928749773613	0.222	0.045	2.42687972772141e-10
rhag	2.52306251982867e-14	0.524759205287342	0.422	0.129	3.66600984131105e-10
tmem38a	5.07379290500852e-14	0.428105311717003	0.122	0.016	7.37222109097739e-10
her4.4	5.33580153167616e-14	0.717741093093669	0.189	0.035	7.75291962552547e-10
anxa4	5.70633164840148e-14	0.915552588330771	0.633	0.338	8.29129988512735e-10
rtn1b	5.87414748910489e-14	0.390601085303862	0.656	0.241	8.53513630166941e-10
atp5f1b	5.90753555106577e-14	0.6711340564166	0.978	0.921	8.58364915569856e-10
pgam2	1.11361687946147e-13	0.387411025732804	0.111	0.013	1.61808532585751e-09
nfkbiab	1.49104896873391e-13	0.747056076567474	0.678	0.347	2.16649415157038e-09
rab32a	1.99106240677449e-13	0.649190383075922	0.378	0.119	2.89301367704333e-09
eno3	2.17228139082269e-13	1.05392150304373	0.567	0.28	3.15632486086538e-09
spock3	3.27605589723164e-13	0.553348040519499	0.467	0.165	4.76010921867757e-09
aldob	3.81868138098949e-13	1.02229050957915	0.689	0.404	5.54854404657773e-09
abracl	4.25262497557049e-13	0.619377749051101	0.589	0.274	6.17906408950393e-09
rgs16	4.99143414683316e-13	0.4890782177585	0.2	0.041	7.25255381534859e-09
calm2b	5.35626911366713e-13	0.448363939424822	0.978	0.874	7.78265902215834e-09
marcksl1b	6.2822818769104e-13	0.511369189727215	0.989	0.778	9.1281555671508e-09
cycsb	7.30953539535639e-13	0.701295582397012	0.833	0.601	1.06207549294528e-08
mcl1a	8.32326858646561e-13	0.31006170792716	0.989	0.828	1.20937092561345e-08
cd63	8.40617269743461e-13	0.695094131635273	0.889	0.659	1.22141689293725e-08
sult6b1	8.44275247574785e-13	0.483287915555585	0.744	0.423	1.22673193472616e-08
zgc:110591	8.74635586995873e-13	0.823045235207212	0.356	0.121	1.270845507905e-08
cst3	8.78665039978393e-13	0.665217292259802	0.756	0.446	1.27670030308861e-08
mdh1aa	9.9183927420778e-13	0.772943638440351	0.733	0.483	1.4411424654239e-08
ogna	1.32422367609089e-12	0.256961617482967	0.256	0.062	1.92409700136006e-08
tubb4b	1.53909347751888e-12	0.470687857793916	1	0.971	2.23630282283493e-08
anxa13l	1.67594114853168e-12	0.452045301263376	0.322	0.097	2.43514248881653e-08
zgc:86709	1.73879891173102e-12	0.385659320676808	0.111	0.015	2.52647481874517e-08
bhlhe40	1.77994341731291e-12	0.670117593963083	0.444	0.17	2.58625778535565e-08
hoxb5b	2.12871518066839e-12	0.259212674301417	0.6	0.247	3.09302315751117e-08
socs3a	3.52313411781679e-12	0.529285680495927	0.744	0.409	5.1191138731878e-08
zfand2a	3.72483461028123e-12	0.481815833940783	0.744	0.433	5.41218468873862e-08
vamp3	3.822843922552e-12	0.637284960187208	0.833	0.603	5.55459221946805e-08
gm2a	4.63598851407111e-12	0.761548052745679	0.344	0.12	6.73609131094533e-08
jun	4.88245063029601e-12	0.395774458689535	0.989	0.836	7.0942007658201e-08
cyp1a	5.04948082613636e-12	0.324748290836989	0.133	0.021	7.33689564037613e-08
gadd45ga	7.53418300142218e-12	0.6998728588961	0.589	0.318	1.09471679010664e-07
ttc36	8.49058495555639e-12	0.41648430329582	0.144	0.025	1.23368199404234e-07
ldhba	9.33796101948328e-12	0.583151107342569	0.867	0.66	1.35680573613092e-07
serpinh1b	1.07204664208185e-11	0.421137231951131	1	0.808	1.55768377094493e-07
scp2a	1.17143787224355e-11	0.873401011100648	0.267	0.079	1.70209922836988e-07
agtrap	3.09682796024494e-11	0.629041964840909	0.278	0.081	4.4996910262359e-07
zgc:110789	3.86522149131068e-11	0.557465428579645	0.167	0.035	5.61616682687441e-07
socs3b	4.14754929805089e-11	0.457718780983771	0.922	0.656	6.02638913006794e-07
pah	4.32781137501928e-11	0.391446769388111	0.267	0.074	6.28830992790302e-07
kpna2	5.77973448366522e-11	0.496895865039167	0.289	0.089	8.39795420476556e-07
csrp2	5.96041650038431e-11	0.382560647761286	0.311	0.092	8.6604851750584e-07
rnaseka	6.2522527875622e-11	0.606811390140409	0.556	0.28	9.08452330032788e-07
her4.3	7.15803405868952e-11	0.37956842814904	0.167	0.034	1.04006234872759e-06
tcap	7.5116028924927e-11	0.537004669572256	0.233	0.062	1.09143590027919e-06
atp5if1b	8.21510293968063e-11	0.757717919479027	0.556	0.301	1.1936544571356e-06
mylpfb	8.75334596806522e-11	0.253847023311172	0.133	0.024	1.27186116915988e-06
hsp70.3	8.90655518191925e-11	0.313192204898657	1	0.946	1.29412246793287e-06
npm1a	9.87629689022072e-11	0.759598966395535	0.689	0.413	1.43502593814907e-06
mdkb	1.36722779828818e-10	0.436713615150671	0.678	0.355	1.98658199091273e-06
chrna5	1.44517152903018e-10	0.309257791239718	0.256	0.07	2.09983423168085e-06
ckbb	1.52234250976487e-10	0.289780421640287	0.689	0.325	2.21196366668836e-06
emp3b	1.56531112090051e-10	0.494868410677127	0.244	0.068	2.27439705866844e-06
ly6m5	1.57235272764074e-10	0.321365982108872	0.2	0.047	2.284628513262e-06
hrc	1.64443916874343e-10	0.359011219754426	0.133	0.024	2.38937011218421e-06
atp5mc1	1.70971103905444e-10	0.682880480838627	0.867	0.689	2.48421013974611e-06
tdh	2.22625617955454e-10	0.559773306964923	0.644	0.375	3.23475022889275e-06
tuba8l	2.24080305606028e-10	0.464211060777712	0.789	0.512	3.25588684045558e-06
nrgna	2.50319114466166e-10	0.423312146111455	0.189	0.044	3.63713673319338e-06
her12	2.96486099677859e-10	0.304558604912987	0.167	0.036	4.3079430283193e-06
rgcc	3.35221952289839e-10	0.425273610233148	0.367	0.136	4.87077496677136e-06
sqstm1	3.53772003590051e-10	0.529308353098051	0.389	0.155	5.14030721216344e-06
cbx7a	4.37623620907974e-10	0.310924941067662	0.933	0.603	6.35867121179287e-06
timd4	5.29233716971914e-10	0.372893241408582	0.144	0.029	7.68976590760191e-06
dnajb1b	7.54886945903861e-10	0.312395562141653	0.978	0.709	1.09685073239831e-05
mt-co3	8.49476015847031e-10	0.378522850624436	1	0.993	1.23428865102574e-05
mt-nd2	1.16239356516306e-09	0.528273976647048	0.911	0.807	1.68895785018193e-05
f3b	1.44759758199824e-09	0.462525276994581	0.622	0.329	2.10335928664344e-05
jam2a	1.44969426289376e-09	0.499543750940513	0.311	0.11	2.10640576398463e-05
si:dkey-262k9.4	1.52729559336183e-09	0.280808279413701	0.1	0.015	2.21916049715474e-05
glulb	1.55591836340233e-09	0.438731987246532	0.833	0.651	2.26074938202358e-05
rrad	2.11218425260122e-09	0.422005723134275	0.211	0.058	3.06900371902958e-05
nme4	2.23315001886677e-09	0.508818403846501	0.256	0.082	3.24476697741342e-05
si:dkey-204f11.64	2.24077750649936e-09	0.456559015903654	0.478	0.213	3.25584971694356e-05
atp5po	2.70288383955099e-09	0.690399365428903	0.822	0.719	3.92729021886759e-05
atp1b1a	2.97786423736631e-09	0.479057507074976	0.8	0.585	4.32683673689325e-05
tmsb4x	3.12870103967024e-09	0.286538020230489	1	0.988	4.54600261064086e-05
mvp	3.26817314464404e-09	0.282195764119274	0.567	0.292	4.74865557916778e-05
tpm1	3.38003205551224e-09	0.738991207474196	0.456	0.225	4.91118657665928e-05
phyhd1	6.47632869966103e-09	0.49100665384648	0.211	0.062	9.41010560060748e-05
msx2b	6.82753155114889e-09	0.47344519948139	0.378	0.157	9.92040334381933e-05
arl6ip1	7.15638752266169e-09	0.624431105340329	0.733	0.53	0.000103982310704274
hsp90b1	8.25124592113406e-09	0.389053912122922	0.9	0.657	0.000119890603234078
pdk2b	9.15133863326087e-09	0.536630356659306	0.456	0.211	0.00013296895034128
aldh9a1a.1	1.05028899733129e-08	0.503241217019293	0.789	0.671	0.000152606991312237
hbp1	1.12072339552288e-08	0.68851801184581	0.522	0.279	0.000162841109369474
mcl1b	1.17591309035941e-08	0.50395453431141	0.733	0.502	0.000170860172029222
plk1	1.38501374396112e-08	0.482378644111863	0.289	0.105	0.000201242496997551
elovl1b	1.43467399699079e-08	0.553246330323634	0.578	0.324	0.000208458131762762
prdx2	1.53945894868323e-08	0.274767733049699	0.956	0.876	0.000223683385243673
fthl31	1.55582749006954e-08	0.999436609354442	0.3	0.122	0.000226061734307104
si:ch211-195b13.1	1.61758542335329e-08	0.521790691580357	0.289	0.102	0.000235035162013234
hsp90aa1.2	1.75920819007674e-08	0.269296532237902	1	0.947	0.000255612950018151
cpn1.1	1.78077204263008e-08	0.486163701406917	0.644	0.375	0.00025874617779415
chchd2	1.79195220572207e-08	0.417317529507701	0.822	0.644	0.000260370655491416
sod2	1.85665561415745e-08	0.629549271518345	0.244	0.086	0.000269772060737078
selenop	2.47835767820327e-08	0.286369319325585	0.356	0.139	0.000360105370642936
bhlhe41	2.5958745065031e-08	0.622416816270682	0.244	0.083	0.000377180565794901
pafah1b3.1	2.65399955801569e-08	0.668899751232389	0.511	0.301	0.00038562613577968
atf4b	4.029516499625e-08	0.385659030268131	0.956	0.862	0.000585488747395512
lgmn	4.4998058510706e-08	0.712782781078101	0.422	0.211	0.000653821790160559
COX5B	4.55551454356538e-08	0.447397633419762	0.967	0.848	0.00066191626318005
epcam	4.97843773063949e-08	0.394056529250121	0.278	0.098	0.000723367002261918
gpd1b	6.99313372525088e-08	0.812813181512196	0.156	0.041	0.00101610233027895
nqo1	7.27701947849528e-08	0.468694903421798	0.267	0.095	0.00105735093022536
rgs4	7.8687102440484e-08	0.586677378528545	0.233	0.077	0.00114332359846023
glud1b	8.44513605174867e-08	0.801390882296654	0.489	0.298	0.00122707826831908
gdi2	8.89145300913476e-08	0.580568939544386	0.789	0.65	0.00129192812222728
sypl2b	9.54820528959572e-08	0.538113194177562	0.333	0.143	0.00138735422857826
btf3	1.02332386510307e-07	0.351393093334188	1	0.982	0.00148688957599475
si:zfos-943e10.1	1.13408826787873e-07	0.658017626945839	0.422	0.219	0.00164783025322779
asah1b	1.88565262101577e-07	0.467109989986506	0.211	0.071	0.00273985325833592
atp5pb	1.90752643695135e-07	0.514212651356115	0.878	0.798	0.00277163591289031
hgd	2.22504605071317e-07	0.278923066660238	0.289	0.117	0.00323299191168624
ptp4a1	2.23139104855152e-07	0.461554220290604	0.878	0.792	0.00324221119354536
dlb	2.34193708952263e-07	0.335553124623952	0.189	0.057	0.00340283459107638
uqcrc1	2.38154165525502e-07	0.583338483865427	0.633	0.49	0.00346038002508555
cst14a.2	2.40388448363795e-07	0.453903250661151	0.689	0.514	0.00349284415472593
plpp1a	2.87500228328222e-07	0.518536994365954	0.333	0.146	0.00417737831760907
mdh2	3.34298584840871e-07	0.634253860738311	0.778	0.713	0.00485735843773785
rsrp1	4.17857057547366e-07	0.409312654907739	0.856	0.697	0.00607146304616322
gatm	4.22190727450916e-07	0.395655167637426	0.156	0.045	0.00613443126986181
si:ch211-214j24.14	4.69627155820184e-07	0.290123459333824	0.1	0.021	0.00682368257406727
ppdpfa	4.94849501430426e-07	0.333688824412635	0.456	0.231	0.00719016325578408
hsph1	5.21671463929506e-07	0.507350669790547	0.444	0.228	0.00757988637089573
eif5	5.83088546934419e-07	0.557695648639099	0.689	0.567	0.0084722765869571
si:ch211-260e23.9	5.85847509261926e-07	0.381701145195184	0.511	0.297	0.00851236430957579
nupr1a	7.15961331470023e-07	0.525115897472172	0.656	0.458	0.0104029181462594
oser1	7.47042221544459e-07	0.444630900939122	0.756	0.565	0.010854523479041
tmem50a	7.91318136388619e-07	0.623055886766643	0.567	0.402	0.0114978525217266
tmed10	7.98549179712897e-07	0.487245250589011	0.756	0.67	0.0116029195812284
top1	8.86857942523661e-07	0.272345436446621	0.1	0.022	0.0128860459048688
impdh1b	9.4475027855503e-07	0.651225305004925	0.489	0.316	0.0137272215474046
mknk2b	9.9052806438431e-07	0.332668696500442	0.822	0.632	0.014392372775504
zgc:165573	9.92938827445515e-07	0.500882525502917	0.3	0.13	0.0144274011627833
si:busm1-57f23.1	1.23102146005556e-06	0.376571887370101	0.289	0.12	0.0178867418146073
atp6ap2	1.29024302976846e-06	0.603438401279414	0.567	0.369	0.0187472312225357
mlf1	1.43452164700788e-06	0.401006174605606	0.356	0.168	0.0208435995310245
gabarapb	1.47560837204015e-06	0.40514028809879	0.889	0.82	0.0214405896457433
mt-nd4	1.52354349695892e-06	0.476509230725162	0.956	0.9	0.0221370870108131
slc37a2	1.61360424665072e-06	0.424261062524712	0.556	0.33	0.0234456697038349
mapre1a	1.64225193399558e-06	0.589666843873557	0.233	0.095	0.0238619206009558
mt-nd1	2.11021112060617e-06	0.429640411538324	0.933	0.81	0.0306613675824077
nupr1b	2.29761474976669e-06	0.504524259077669	0.344	0.172	0.03338434231411
atp6v1g1	2.42720362546049e-06	0.326099198795484	0.656	0.444	0.0352672686779409
hsc70	2.45949662914937e-06	0.366514624435228	0.144	0.042	0.0357364860215404
ccng2	2.46287941293941e-06	0.641022260466856	0.6	0.437	0.0357856378700096
gramd2aa	2.46394502763032e-06	0.463235657634428	0.244	0.096	0.0358011212514686
atic	2.6643062210186e-06	0.50706419459027	0.233	0.095	0.0387123693914003
ggh	2.90863547270129e-06	0.352804038405153	0.156	0.049	0.0422624734183497
selenoo1	3.05702262308024e-06	0.45819127057326	0.167	0.055	0.0444185387133558
atp6v1h	3.16588930645298e-06	0.549102532504904	0.411	0.234	0.0460003716227617
slc25a33	3.25693972718832e-06	0.460654265807208	0.178	0.062	0.0473233342360463
atp6v1ba	3.32461245290986e-06	0.523796540737012	0.411	0.228	0.0483066189407803
