gene	p_val	avg_log2FC	pct.1	pct.2	p_val_adj
phox2ba	0	3.59805287865308	0.738	0.003	0
olig3	1.19482640507095e-195	1.74522861194499	0.459	0.007	1.73608276656809e-191
tlx3b	4.87741254224469e-177	1.85062055704833	0.541	0.013	7.08688042388154e-173
lmx1ba	6.10182417056731e-175	1.7551400515763	0.541	0.013	8.8659505198343e-171
srrm4	3.72667770902405e-170	2.25365608640644	0.738	0.031	5.41486271121195e-166
ebf2	5.79649507223874e-159	2.24876863442715	0.77	0.038	8.42230733996288e-155
zgc:162707	1.46061001965186e-153	1.86010840284984	0.541	0.017	2.12226635855416e-149
dlb	1.53200858030832e-147	2.82053344062997	0.82	0.048	2.22600846718799e-143
uncx4.1	3.26814060505034e-144	2.08806958508012	0.705	0.033	4.74860829913814e-140
irx4a	6.76163333853941e-137	1.75139725715576	0.41	0.01	9.82465324089776e-133
rhbdl3	1.54129215038221e-134	1.92445561830227	0.672	0.033	2.23949749450536e-130
scrt2	4.57948411574568e-134	2.52497130518898	0.787	0.048	6.65399042017848e-130
olig4	5.28947658798989e-123	1.07978943925624	0.23	0.002	7.6856094823493e-119
nhlh2	3.59427656319904e-121	0.940348016723482	0.328	0.006	5.2224838463282e-117
uncx	1.07967946893651e-119	2.58528862272107	0.689	0.04	1.56877426836475e-115
neurod4	2.49110704655099e-118	1.83054105867214	0.344	0.008	3.61957853863859e-114
lmx1bb	7.27655643620447e-110	2.56950172075145	0.82	0.063	1.05728365018051e-105
stap2a	6.75716344799717e-108	1.8491623483478	0.705	0.048	9.81815848993989e-104
irx1a	3.86674639044565e-102	1.85997982994987	0.508	0.025	5.61838250531753e-98
mpp2a	9.65161145217011e-100	1.33456174567044	0.475	0.021	1.40237914400032e-95
insm1a	6.7437480607342e-98	2.50552050257244	0.672	0.049	9.79866593224679e-94
thsd7aa	2.01613835268644e-95	1.35461926192923	0.508	0.026	2.9294490264534e-91
nkain2	3.5620145593536e-88	1.24886655581741	0.508	0.029	5.17560715474079e-84
insm1b	2.77277303432545e-87	2.48324989439995	0.787	0.08	4.02883921887488e-83
gsx2	1.72952935912707e-86	1.3578526023226	0.23	0.004	2.51300615881163e-82
si:ch73-386h18.1	9.79252196453185e-84	2.3110901068324	0.787	0.085	1.42285344144648e-79
pou3f1	1.03382843322107e-83	2.02200902846997	0.705	0.064	1.50215271347021e-79
myt1b	7.63468729682035e-83	2.35670646991361	0.869	0.108	1.109320064228e-78
hes6	7.76598274921971e-82	2.74710879797292	0.951	0.15	1.12839729346162e-77
adcyap1b	8.18633737716621e-80	2.20586544141741	0.82	0.091	1.18947482090225e-75
elavl3	6.10302330355537e-77	3.33157472504116	1	0.184	8.86769286006596e-73
zgc:77784	7.1482909504321e-71	0.633306989212752	0.246	0.007	1.03864667509778e-66
atcaya	1.49923890179882e-67	1.83170746858055	0.754	0.093	2.17839412431369e-63
draxin	1.46482608426182e-66	1.14452069129446	0.344	0.017	2.12839230043242e-62
scrt1a	2.21890581658985e-66	1.08508028784078	0.295	0.012	3.22407015150506e-62
isl1	2.62222649202159e-64	1.40919725015645	0.328	0.016	3.81009509290737e-60
plxna4	3.72579423485652e-61	1.56498189363088	0.607	0.065	5.41357902324652e-57
zic1	7.01820905165326e-60	0.78680870217537	0.262	0.011	1.01974577520522e-55
tmsb	9.16367450378445e-59	2.25639835763041	0.918	0.163	1.33148190539988e-54
gadd45gb.1	9.27769362481248e-59	1.79303268385325	0.361	0.022	1.34804888368525e-54
BX530077.1	2.39764873742265e-58	1.08095991512228	0.279	0.013	3.48378361547511e-54
pou2f2a.1	1.14302633214099e-57	1.8497907412761	0.689	0.089	1.66081726060086e-53
gdf11	2.18122288265109e-55	1.20938767110081	0.492	0.047	3.16931684849204e-51
notch1a	1.24985471965618e-54	1.25343363462712	0.426	0.035	1.81603890766043e-50
enc3	1.92984533211494e-54	1.40523058604883	0.377	0.027	2.80406526756301e-50
tfap2a	9.5869907150401e-53	2.24080708059463	0.902	0.192	1.39298975089533e-48
sox12	1.16184432088107e-52	1.05844923180818	0.361	0.025	1.68815979824019e-48
meis2a.1	6.10379674212208e-52	2.74177875525145	0.918	0.226	8.86881666630338e-48
nova2	7.39181471235607e-52	2.42582387555511	0.984	0.249	1.07403067770534e-47
tlx2	7.08138005947893e-51	2.33339921695278	0.787	0.141	1.02892452264229e-46
gpm6aa	1.29752432450785e-50	1.71785916422356	0.705	0.105	1.8853028435099e-46
sox11b	1.14563036467995e-48	2.94447283996976	0.967	0.289	1.66460091987997e-44
kif21b	1.93642227710055e-48	0.967906911726224	0.328	0.023	2.8136215686271e-44
ascl1b.1	2.22930487989868e-48	0.917560198429499	0.262	0.014	3.23917999049279e-44
ptprna	5.78526071057688e-46	0.845373648275138	0.295	0.019	8.40598381246821e-42
cdkn1ca	3.31450341385224e-45	2.65254282303556	0.738	0.143	4.8159734603273e-41
pou3f3b	3.3537155139632e-45	1.4904584157422	0.492	0.058	4.87294864178853e-41
celf3a	3.50280792711986e-45	1.45910830881756	0.672	0.104	5.08957991810516e-41
rtn1a	3.9823268464687e-45	2.20766751416808	1	0.31	5.78632090791902e-41
pou4f2	6.39786410648117e-45	0.688068717467039	0.197	0.008	9.29609654671714e-41
zfhx3	1.76185932202059e-43	2.01691066605096	0.787	0.166	2.55998159489592e-39
stmn1b	3.16805331469167e-43	2.04386571346382	0.902	0.206	4.60318146624699e-39
dmbx1a	1.23176837791417e-42	0.593590777449457	0.115	0.002	1.78975945310928e-38
bcam	2.90016909087826e-42	1.6762325373474	0.574	0.084	4.21394568904611e-38
pou4f1	3.60816970721684e-42	1.18960971956847	0.295	0.021	5.24267058458607e-38
nrn1a	2.13860730442204e-41	1.73164667097335	0.443	0.05	3.10739641332523e-37
zfhx4	3.85128848255785e-41	2.50696977481985	0.787	0.189	5.59592216515656e-37
tuba1a	5.78848589595181e-41	2.30747692003349	1	0.355	8.41067000681799e-37
tp53inp2	2.06970123994019e-40	1.80191614248116	0.836	0.212	3.0072759016331e-36
sept3	1.20792067058058e-39	1.39959984494572	0.525	0.075	1.75510873435358e-35
lzts1	7.57233271477384e-39	0.603487494645155	0.164	0.006	1.10025994345664e-34
dla	1.43065496838899e-38	1.30351113450465	0.344	0.032	2.0787416690692e-34
tfap2b	2.80466075593103e-38	1.06069557161729	0.393	0.041	4.07517207836779e-34
tubb5	1.44252313629441e-37	2.0210459284074	0.967	0.342	2.09598611703578e-33
tmed4	8.26782309639964e-37	1.2873386949376	0.639	0.119	1.20131469590687e-32
tuba1c	9.06185343095592e-37	1.8397875962132	1	0.357	1.3166873035179e-32
gsx1	1.69886291939511e-36	0.861568231748645	0.131	0.004	2.4684478218811e-32
phox2bb	2.83881250068163e-36	2.86485549865554	0.803	0.218	4.1247945634904e-32
hoxc1a	3.65625466364168e-36	1.41335208829238	0.623	0.115	5.31253802627136e-32
kctd15a	3.26271038254018e-35	1.54918288262477	0.443	0.06	4.74071818583088e-31
hmgn6	4.59465351849716e-35	1.9630208048948	1	0.859	6.67603156237638e-31
zic3	5.15731212478315e-35	0.647332463773598	0.246	0.018	7.49357451730992e-31
hmgb1b	7.13358308969307e-35	1.9399026803527	1	0.707	1.0365096229324e-30
irx2a	1.44504766344506e-33	0.800975745424312	0.246	0.018	2.09965425498567e-29
tmeff1b	2.31208558682865e-33	1.98131805636747	0.967	0.456	3.35946035766203e-29
dpysl5a	3.13437525060984e-33	1.09759205256216	0.492	0.075	4.55424723913609e-29
nfasca	1.01850840361189e-32	0.930301002692067	0.459	0.064	1.47989271044808e-28
khdrbs1a	3.26251310844892e-32	1.42865765057179	1	0.925	4.74043154657628e-28
si:ch211-222l21.1	7.10795095348171e-32	1.86085672474387	1	0.83	1.03278527354089e-27
rbpjb	1.97322023967547e-31	1.3345717581732	0.475	0.079	2.86708900824846e-27
hnrnpaba	2.08780777961187e-31	1.58951533672467	1	0.923	3.03358470377605e-27
ptmab	4.81245221139771e-31	1.35463525213978	1	0.972	6.99249306316088e-27
bcl11ba	7.29460102110146e-31	0.733819231625465	0.23	0.018	1.05990552836604e-26
si:dkey-56m19.5	1.66165745837464e-30	1.71917616116298	0.852	0.298	2.41438828701835e-26
hnrnpa0l	1.88694739506779e-30	1.35165320827913	1	0.936	2.7417345650335e-26
mtmr7b	2.5039230296702e-30	0.435400419052157	0.148	0.007	3.6382001621108e-26
cntnap2b	3.12781825132258e-30	0.485333128776276	0.148	0.007	4.54471991917171e-26
hoxa3a	6.70318518798735e-30	2.07969724180052	0.869	0.351	9.73972807814562e-26
drgx	7.7810326150127e-30	0.990674269885291	0.197	0.013	1.13058403896134e-25
srgap3	2.67125015544522e-29	1.23424840487682	0.541	0.107	3.8813264758619e-25
katnal1	5.76332575993203e-29	0.900174682708428	0.311	0.035	8.37411232918124e-25
hsp90ab1	8.03502116004833e-29	0.888265180047953	1	0.998	1.16748857455502e-24
siah1	1.35322237655014e-28	1.66198075136874	0.787	0.269	1.96623211312735e-24
fabp3	1.44110776880926e-28	1.69946786239439	1	0.754	2.09392958807985e-24
adam22	3.55524716233269e-28	0.699636982012254	0.279	0.028	5.1657741268694e-24
zic4	6.86743189905404e-28	0.516731058314323	0.131	0.006	9.97837854932552e-24
h3f3d	1.76079395692839e-27	0.961841298882399	1	0.997	2.55843361941695e-23
raraa	3.29250964433881e-27	1.65662477681752	0.705	0.199	4.78401651322429e-23
hoxb3a	3.34088221211669e-27	1.72912561685503	0.803	0.293	4.85430185420555e-23
irx3a	3.57168369764997e-27	0.940311875375013	0.311	0.037	5.18965641268541e-23
nat8l	6.13666320968844e-27	1.74776944346551	0.672	0.191	8.9165716436773e-23
irx5a	3.48708824301648e-26	1.15615285417461	0.361	0.052	5.06673921710294e-22
zgc:165461	3.84507974173337e-26	0.431885706472941	0.164	0.01	5.58690086473859e-22
si:ch211-194k22.8	6.84311196127058e-26	1.43820509130193	0.738	0.247	9.94304167972615e-22
hmgb3a	1.58494554362023e-25	1.43438926280355	1	0.707	2.30292587488019e-21
cirbpb	2.60640107165893e-25	1.04821493773682	1	0.986	3.78710075712043e-21
prox1a	6.50755355293033e-25	0.322450900162903	0.115	0.005	9.45547531240777e-21
ube2g1a	9.35795883461601e-25	1.23150396285016	0.607	0.16	1.35971141866971e-20
mrap2a	1.08817135755564e-24	0.450895380776751	0.131	0.007	1.58111298252834e-20
marcksb	1.46684621697342e-24	1.45670326600125	0.984	0.512	2.13132755326238e-20
syt11a	1.61451375302735e-24	1.02280144588409	0.492	0.095	2.34588848314874e-20
ssbp3b	1.71520408662718e-24	1.53034412383163	0.803	0.336	2.49219153786929e-20
rnf165a	2.08254353963294e-24	0.574023385822612	0.197	0.017	3.02593576308666e-20
smarce1	2.18930848322629e-24	1.3383735309991	0.984	0.752	3.18106522612779e-20
spsb4a	2.2946796412829e-24	1.20995913917618	0.492	0.105	3.33416951878406e-20
zic2a	6.55229868540458e-24	0.941177478620358	0.377	0.058	9.52048998989286e-20
brsk2b	7.24742002721499e-24	0.511934978557289	0.164	0.012	1.05305012995434e-19
si:dkey-276j7.1	7.26303076736141e-24	1.35949236991375	0.918	0.438	1.05531837049761e-19
mxi1	1.54664477616661e-23	0.96665161290854	0.459	0.09	2.24727485977009e-19
dnaja2b	1.92043738944928e-23	1.49937229555761	0.82	0.377	2.79039552686981e-19
elovl4a	2.37065845081191e-23	0.879522719236375	0.344	0.052	3.44456672902971e-19
epb41a	3.18623068894266e-23	1.24703518510236	0.59	0.154	4.62959319103368e-19
rab1bb	4.10867432794256e-23	0.910572567323418	0.377	0.063	5.96990379850054e-19
chd4a	4.8259152264512e-23	1.53307968469517	0.82	0.367	7.0120548240336e-19
soga1	5.55584078513384e-23	0.999415836141726	0.41	0.077	8.07263666079947e-19
h2afx1	6.04723615073787e-23	1.2719151953987	1	0.923	8.78663412702212e-19
tle3a	1.27014422149991e-22	1.05860126016145	0.525	0.124	1.84551955383937e-18
hnrnpa0a	1.81670407112016e-22	1.44897792244351	0.951	0.629	2.63967101533759e-18
rassf2a	2.85073387108222e-22	0.931112409065455	0.344	0.056	4.14211631468247e-18
irx6a	2.98140282615406e-22	0.749300481511883	0.164	0.013	4.33197830640185e-18
pik3r3b	6.34334649731152e-22	1.01726480356639	0.541	0.129	9.21688246059365e-18
smarcd1	1.05177749198308e-21	1.30098273080479	0.836	0.392	1.52823269585142e-17
tmem35	1.57365625638727e-21	1.14509552543212	0.59	0.164	2.28652254053071e-17
adgrg1.1	2.03619767331067e-21	0.700076526800876	0.328	0.051	2.9585952193204e-17
hmgb1a	2.51622408723255e-21	1.2087176969228	1	0.852	3.6560735987489e-17
FP236812.1	3.56351283924067e-21	1.69109131936181	0.738	0.264	5.1777841554167e-17
trim3a	4.02689315166834e-21	0.558885748580997	0.213	0.023	5.85107574937409e-17
ybx1	7.45973227100887e-21	0.791934946392888	1	0.998	1.08389909897759e-16
zc4h2	7.4842105895322e-21	1.0313671679345	0.918	0.472	1.08745579865903e-16
myt1a	2.76354558865186e-20	0.790336378736715	0.311	0.048	4.01543174031115e-16
mdkb	6.97622972871825e-20	0.988896089568928	0.869	0.355	1.01364617958276e-15
cnrip1a	7.52078124309704e-20	0.916098899706547	0.475	0.107	1.092769514622e-15
zswim5	1.09311895289153e-19	1.25919424072551	0.689	0.25	1.58830183855139e-15
pou3f3a	1.16683154375485e-19	0.588910541056937	0.23	0.027	1.6954062330758e-15
hoxd3a	1.20534812555521e-19	0.808289674020528	0.361	0.066	1.75137082643173e-15
syt2a	1.21493599454669e-19	0.865035729343518	0.328	0.054	1.76530200007634e-15
dync1i1	2.05972366305263e-19	0.714928144130382	0.279	0.041	2.99277848241547e-15
ywhah	2.13450379911069e-19	1.25367229543616	0.869	0.418	3.10143402010784e-15
inavaa	5.7278703284928e-19	0.418698709966048	0.131	0.01	8.32259558730005e-15
si:dkeyp-75h12.5	7.34105843984578e-19	1.02458382733567	0.721	0.249	1.06665579130959e-14
march8	8.15101306488574e-19	0.649053909455724	0.23	0.029	1.1843421983279e-14
ssbp4	9.3181136398528e-19	1.01537780021517	0.59	0.188	1.35392191187061e-14
gng2	9.40182905775428e-19	1.104729060046	0.721	0.237	1.3660857620917e-14
mboat2b	9.8581672268689e-19	0.775340973868918	0.311	0.053	1.43239169806405e-14
ilf2	1.16114275932385e-18	1.19472168536514	0.951	0.709	1.68714042929755e-14
robo3	1.16516960704207e-18	0.880342478840326	0.361	0.071	1.69299143903213e-14
nfyba	1.45656255810065e-18	1.08422143272437	0.885	0.545	2.11638539692024e-14
zbtb20	1.53463440051791e-18	0.777918850831801	0.295	0.048	2.22982378395253e-14
scml2	2.05279667767402e-18	1.183927510626	0.574	0.18	2.98271357266035e-14
ctnna2	2.08827137754387e-18	0.767869242337932	0.377	0.074	3.03425831157125e-14
pbx4	2.15852663404926e-18	1.36418577976546	0.787	0.419	3.13633919927358e-14
pacsin1b	2.424077733245e-18	0.80662697376466	0.344	0.065	3.52218494640498e-14
fyna	3.28452685197213e-18	0.983933712063342	0.328	0.061	4.7724175159155e-14
tmpob	3.35004671248477e-18	0.964031202121463	0.426	0.102	4.86761787324037e-14
csdc2a	4.3971562726981e-18	0.890097040585797	0.459	0.108	6.38906806423034e-14
sumo3a	6.40551147637808e-18	1.08688000611456	1	0.796	9.30720817517735e-14
ube2e2	1.50097222266181e-17	1.19087965156281	0.836	0.468	2.18091263952761e-13
stxbp1a	1.73177104222245e-17	0.851853227314149	0.426	0.097	2.51626332434922e-13
efnb3b	2.67144152789725e-17	0.879643048175742	0.393	0.089	3.8816045400347e-13
atp6v0a2a	3.07827902066597e-17	0.518757560480592	0.164	0.017	4.47273941702765e-13
hnrnpl	5.93913813839937e-17	1.13744419679999	0.869	0.491	8.62956771509428e-13
znf219	6.68281409785818e-17	0.469608610012919	0.131	0.011	9.71012888418794e-13
ptbp2b	9.47638296160581e-17	1.18366036649742	0.492	0.15	1.37691844432132e-12
ing4	9.83237902448399e-17	1.04783620487179	0.852	0.461	1.42864467225752e-12
si:ch211-288g17.3	1.20886394514198e-16	1.00564826719756	0.984	0.692	1.7564793122913e-12
otub1a	1.30465090584515e-16	1.0580940056543	0.689	0.301	1.89565776619301e-12
syncrip	2.2858222167892e-16	0.998793574075515	0.967	0.775	3.32129968099471e-12
gfap	2.36559310143427e-16	0.469911352889971	0.164	0.017	3.437206776384e-12
fam189a1	2.40440192910396e-16	0.38262777941464	0.148	0.014	3.49359600298805e-12
mpnd	2.75177977995154e-16	0.746461702232879	0.311	0.059	3.99833602026959e-12
hnrnpub	4.27619055184606e-16	1.19040457951624	0.803	0.462	6.21330487183233e-12
gria1a	4.59778726118533e-16	0.369948513599174	0.131	0.011	6.68058489050228e-12
srsf9	5.54191944483047e-16	1.23560473790008	0.803	0.452	8.05240895333868e-12
jpt1b	5.78056655640615e-16	1.04327335020729	0.918	0.658	8.39916320645813e-12
fscn1a	6.75007648672591e-16	1.13656852431417	0.787	0.382	9.80786113521275e-12
hdac1	7.50861102488422e-16	1.04994204839809	0.951	0.764	1.09100118191568e-11
smarca4a	9.79212070985025e-16	1.16642781221778	0.77	0.385	1.42279513914124e-11
neurod1	9.95189846877936e-16	0.337423621168463	0.148	0.014	1.44601084751364e-11
pard6a	1.32533730717877e-15	0.477379752208702	0.131	0.012	1.92571510733076e-11
znf503	1.65396851573522e-15	0.848521159008356	0.393	0.099	2.40321625336328e-11
tox3	1.78957275181336e-15	0.827976101093803	0.344	0.075	2.60024920838481e-11
tdg.1	2.15871586477242e-15	1.00081245486104	0.459	0.138	3.13661415151433e-11
hoxc5a	2.22013950953063e-15	0.678617271254493	0.262	0.045	3.22586270734801e-11
ppp1r14ab	2.46679401344803e-15	0.735553732334671	0.344	0.071	3.58425170153999e-11
fam117ba	2.68588474652562e-15	0.368867813290167	0.148	0.015	3.90259053670172e-11
golga7ba	3.11286413430274e-15	0.890032749997062	0.377	0.086	4.52299158714188e-11
pdzd11	3.17785452038018e-15	1.18720084597711	0.607	0.247	4.6174226181124e-11
ctbp1	3.41154417256199e-15	1.15355099779428	0.705	0.326	4.95697368273258e-11
elocb	4.45353240015804e-15	1.1021656009593	0.869	0.617	6.47098257742963e-11
eef1b2	5.26904200996631e-15	0.624224849592685	1	0.996	7.65591804048106e-11
ilf3b	1.11687654183269e-14	1.01366701535587	0.852	0.523	1.62282161528289e-10
pop7	1.33151073558108e-14	0.907296101216562	0.656	0.274	1.93468509879931e-10
mcama	1.57228850184314e-14	1.06710614008608	0.328	0.071	2.28453519317808e-10
erh	2.28665664360769e-14	0.795424958459259	0.984	0.811	3.32251210316198e-10
hoxc3a	2.33455032437191e-14	1.29345697200904	0.525	0.183	3.39210162131238e-10
polb	4.87148374803303e-14	0.921374764931315	0.607	0.247	7.07826588589199e-10
kdm1a	5.30069171927902e-14	1.18616766535211	0.689	0.355	7.70190506811241e-10
zgc:100920	5.45000395509857e-14	0.845761635221446	0.492	0.153	7.91885574675823e-10
bcl2l10	6.17527236718221e-14	1.02172455906959	0.656	0.293	8.97267074951575e-10
ywhae1	6.89393441930993e-14	1.02484719203661	0.885	0.714	1.00168867112573e-09
madd	8.87204444337125e-14	0.541758033433023	0.197	0.03	1.28910805762184e-09
mapre1b	1.00035371730815e-13	0.925801057645771	0.77	0.446	1.45351395124874e-09
bcl7a	1.19189078804013e-13	0.996715760173637	0.623	0.273	1.73181731502231e-09
gabarapb	1.20952179478879e-13	0.772153562635586	0.984	0.819	1.75743516782811e-09
ube2d1b	1.35271660937952e-13	1.07819887858024	0.738	0.424	1.96549723342845e-09
carmil2	3.28347087467766e-13	0.706593870580944	0.246	0.046	4.77088318090664e-09
nkain1	5.08047632705341e-13	0.927525758816243	0.672	0.305	7.3819321032086e-09
phc2a	6.28410191419093e-13	1.15217440527801	0.525	0.199	9.13080008131942e-09
hnrnph1l	6.40593645800243e-13	1.005904215625	0.803	0.504	9.30782567347753e-09
hist2h2l	6.45287555336438e-13	0.862527617943368	0.951	0.659	9.37602817903845e-09
hp1bp3	8.77510444130637e-13	0.813505745961373	0.934	0.762	1.27502267532182e-08
smarcb1b	8.8102610374843e-13	1.2326458433679	0.623	0.326	1.28013092874647e-08
peli1b	9.48846111226721e-13	0.950172572091111	0.492	0.175	1.37867339961243e-08
AP3B2	1.42663435936337e-12	0.573864783703842	0.197	0.032	2.07289972415498e-08
nlk1	1.94683674443207e-12	0.764569813942394	0.426	0.134	2.8287537896598e-08
ptmaa	2.22471683995076e-12	0.744909707784247	1	0.901	3.23251356844845e-08
tshz1	2.59386646516394e-12	0.961445411182248	0.475	0.167	3.76888797388321e-08
h2afva	2.84025642742378e-12	0.860556428845077	0.934	0.683	4.12689258904675e-08
vamp2	2.94379221674738e-12	0.54910672886254	0.41	0.109	4.27733009093395e-08
zgc:92140	3.71773101274965e-12	0.894185776471952	0.426	0.14	5.40186316152524e-08
syne2b	3.79977756239118e-12	0.473979653939126	0.18	0.028	5.52107679815439e-08
ap1s2	3.82616382362674e-12	0.937959812567116	0.787	0.495	5.55941603572965e-08
slc16a9b	4.03345415396122e-12	0.999619719286813	0.557	0.225	5.86060888570566e-08
zgc:153426	4.57858313004183e-12	0.771938979808556	0.426	0.122	6.65268128795078e-08
kmt2cb	4.72956900930851e-12	0.787857843293459	0.459	0.158	6.87206377052527e-08
tmem33	5.74735324658768e-12	0.951739482247073	0.705	0.386	8.3509042672919e-08
fam107b	5.92221694174003e-12	0.996006952148671	0.459	0.162	8.60498121634827e-08
meis1b	6.14665229687264e-12	0.877039822766508	0.787	0.426	8.93108578735594e-08
cct8	7.66926813847711e-12	0.77901911842395	0.918	0.715	1.11434466052072e-07
pfkfb4b	8.54061455540359e-12	1.07087183745134	0.492	0.188	1.24095129490014e-07
mlf2	1.1197812558912e-11	0.913144801680814	0.721	0.414	1.62704216480992e-07
lsm6	1.60812056273489e-11	0.996874086637135	0.836	0.545	2.33659917765379e-07
sarm1	1.85347302592829e-11	0.365739448677236	0.131	0.016	2.6930963066738e-07
kdm6ba	1.86087956038851e-11	0.917126806260906	0.393	0.127	2.7038580012445e-07
lima1a	1.92623100242102e-11	0.743799227543006	0.459	0.157	2.79881364651775e-07
phf20a	1.94525655360116e-11	0.573257220634587	0.213	0.041	2.82645777238248e-07
psma3	2.28107811339831e-11	0.92408181691348	0.902	0.648	3.31440649876775e-07
ubc	2.3703330896801e-11	0.586509424369285	1	0.983	3.44409397930519e-07
mapk4	2.56543378853512e-11	0.493118714787119	0.164	0.025	3.72757529474154e-07
rab39bb	2.59414246158339e-11	0.6245273443364	0.213	0.041	3.76928899668066e-07
si:ch211-51e12.7	2.73502017871343e-11	0.925224772444416	0.885	0.632	3.97398431967061e-07
wasf3b	2.97696363571854e-11	0.887119133545668	0.393	0.129	4.32552816269905e-07
yaf2	3.59584981589886e-11	1.02426171216169	0.508	0.214	5.22476978250104e-07
apex1	3.96555457738396e-11	0.966987245677796	0.672	0.359	5.76195080093889e-07
rxrgb	4.22146956925645e-11	0.584430152624493	0.23	0.048	6.13379528412962e-07
smad7	4.27070422175528e-11	1.37377536859019	0.541	0.238	6.20533323421042e-07
zgc:77262	4.5543252772215e-11	0.829335995173813	0.459	0.177	6.61743462780284e-07
psmd4b	4.87611352566882e-11	0.878689049577712	0.705	0.402	7.08499295279679e-07
nsfa	4.97301116944234e-11	0.493058001139673	0.262	0.058	7.22578522919972e-07
npm1b	5.6190801536531e-11	1.01525116549139	0.492	0.204	8.16452346325795e-07
ccdc88c	6.14056965492711e-11	0.355123206053245	0.131	0.017	8.9222477086091e-07
hoxb2a	6.76538683779867e-11	0.703834421147271	0.377	0.116	9.83010707532147e-07
ebf3a	7.3942306010467e-11	0.963286005828144	0.59	0.248	1.07438170633208e-06
zgc:101840	7.55923264408489e-11	0.706272261140685	0.377	0.109	1.09835650318553e-06
h3f3b.1	8.45698809021519e-11	0.643896511851902	1	0.897	1.22880036950827e-06
eef1g	9.05195213477715e-11	0.442400629927215	1	0.991	1.31524864518312e-06
alms1	9.4901562470451e-11	0.451166374086382	0.148	0.022	1.37891970269565e-06
rnf144ab	9.929857806236e-11	0.717758859297029	0.311	0.084	1.44280833924609e-06
baz2ba	1.06389370380467e-10	0.842567591056043	0.41	0.144	1.54583755162818e-06
rcc2	1.22601727607078e-10	0.850761438448917	0.721	0.396	1.78140310213084e-06
ip6k2a	1.23728074520839e-10	0.762631558112571	0.475	0.18	1.7977689227878e-06
mbd3b	1.24934067285306e-10	0.978261885569678	0.656	0.362	1.81529199765549e-06
slco5a1b	1.26197769897134e-10	0.34388798463644	0.131	0.018	1.83365359660536e-06
si:ch211-133n4.4	1.29888544095114e-10	0.837483170217287	0.705	0.401	1.887280545702e-06
kmt5aa	1.3098399860767e-10	1.00674493443405	0.705	0.451	1.90319749976945e-06
ddx39aa	1.43299065924035e-10	0.796251071578221	0.836	0.595	2.08213542787624e-06
arid1ab	1.65127502885822e-10	0.71008119643295	0.311	0.088	2.399302616931e-06
si:ch211-284f22.3	1.77619673671605e-10	0.954689386033841	0.459	0.177	2.58081385844842e-06
ran	1.79397758496835e-10	0.578561745235807	1	0.967	2.60664943095901e-06
snrpd2	2.20226144152539e-10	0.834188359526145	0.918	0.656	3.19988587453639e-06
cct6a	2.29606272380938e-10	0.757404965912724	0.869	0.682	3.33617913769503e-06
hacd2	2.30394867907469e-10	0.839185516143925	0.508	0.215	3.34763743069552e-06
tubb2b	2.32923646274552e-10	0.664478506114826	0.984	0.71	3.38438058036924e-06
rcor2	2.67774115409284e-10	0.833125542879494	0.393	0.138	3.89075789689689e-06
kat5b.1	3.13676349975068e-10	0.706621769304424	0.344	0.107	4.55771736513774e-06
tardbp	3.82369931185805e-10	0.828754873613251	0.738	0.428	5.55583510012974e-06
dachc	4.08310995366279e-10	0.407929424589388	0.148	0.023	5.93275876267203e-06
hmga1a	4.47583718975614e-10	0.676499764792452	1	0.885	6.50339143671568e-06
eif4g2a	4.77984399308156e-10	0.847395340398457	0.541	0.244	6.94511332194751e-06
gnb1b	5.40148105504722e-10	0.707829648244877	0.951	0.78	7.84835197298361e-06
chtopa	6.15070783659897e-10	0.983210106682453	0.689	0.405	8.9369784865783e-06
LEPROTL1	6.48132522287513e-10	0.833696082783425	0.689	0.403	9.41736554883756e-06
rnf44	6.58558340633991e-10	0.859329689488397	0.492	0.209	9.56885268941189e-06
dpysl2b	7.30995737171312e-10	0.493245447656497	0.18	0.034	1.06213680610992e-05
slc25a1a	7.4806956885062e-10	0.766278061449183	0.328	0.102	1.08694508353995e-05
jagn1a	7.88719932771825e-10	0.678666875218474	0.328	0.094	1.14601006231746e-05
laptm4b	8.31631778417362e-10	0.592585636993615	0.443	0.161	1.20836097404043e-05
ache	8.34162554041508e-10	0.3091011728848	0.131	0.019	1.21203819102231e-05
traf4a	9.47937438709845e-10	0.613990424370251	0.393	0.132	1.37735309844541e-05
prdm8	9.58991649368123e-10	0.387873787092875	0.131	0.019	1.39341486653188e-05
itm2cb	1.06045766569157e-09	0.659276794506661	0.262	0.068	1.54084498824985e-05
strap	1.35636267330076e-09	0.854319618255063	0.557	0.287	1.97079496430601e-05
si:dkey-42i9.4	1.38640372455402e-09	0.896404046536911	0.869	0.707	2.01444461177699e-05
plppr3a	1.41074715273325e-09	0.694179650177867	0.279	0.078	2.04981561292141e-05
rbm4.3	1.67531931452449e-09	0.749793866423861	0.902	0.752	2.43423896400408e-05
ss18	1.89099816460542e-09	0.838613774011844	0.574	0.297	2.74762033317168e-05
ankrd11	2.4223541480788e-09	0.896849145112549	0.639	0.37	3.51968057715849e-05
nbeaa	2.42392282049089e-09	0.437909648876764	0.18	0.035	3.52195985817326e-05
dpysl4	2.42674768995071e-09	0.455857552091913	0.148	0.025	3.52606439349838e-05
tmem198a	2.61242374700462e-09	0.433995841053671	0.18	0.036	3.79585170439772e-05
ube2d4	2.63615885288911e-09	0.691441415105235	0.377	0.131	3.83033881324788e-05
flrt3	2.74159648978335e-09	0.670592352169781	0.361	0.122	3.98353969965521e-05
znf281b	2.7902356755724e-09	0.554394509247893	0.18	0.036	4.0542124366067e-05
eif3m	2.8108793320593e-09	0.594927497927962	0.984	0.894	4.08420766948217e-05
ppiaa	2.92851278921769e-09	0.355957978420405	1	0.997	4.2551290827333e-05
csnk1da	2.9552968464106e-09	0.927427928975317	0.574	0.309	4.29404631783461e-05
cdc34b	3.07964174939642e-09	0.780740085452339	0.574	0.281	4.474719461873e-05
sept5a	3.54043461155910e-09	1.02719583290344	0.492	0.24	5.14425149059537e-05
fam222bb	3.78855952747326e-09	0.474673423292502	0.148	0.026	5.50477699341864e-05
rrm2b	3.82671171451041e-09	0.442210196691322	0.18	0.037	5.56021212118362e-05
h3f3c	3.92935980089436e-09	0.492837361523275	1	0.968	5.70935979069951e-05
elovl6	4.64001254914076e-09	0.613374252657667	0.295	0.085	6.74193823390153e-05
CABZ01075125.1	5.73148689117161e-09	0.984620519705399	0.328	0.107	8.32785045287234e-05
si:ch211-126i22.5	6.04298856438003e-09	0.332481268518483	0.131	0.021	8.78046238404418e-05
ppm1la	6.22430932575215e-09	0.637363773474583	0.426	0.169	9.04392145031787e-05
h3f3b.1.2	7.27258581950599e-09	0.673382817443232	0.934	0.832	0.000105670671957422
lgi1a	7.59228298583069e-09	0.567919214274906	0.344	0.112	0.00011031587178412
rnd3a	7.90282795567772e-09	1.11740105687212	0.59	0.329	0.000114828090195997
syt4	9.38276075706756e-09	0.480279714936233	0.262	0.07	0.000136331513800192
brd7	9.43958391539662e-09	0.722549339276904	0.492	0.224	0.000137157154290713
ube2e3	9.44174531709107e-09	0.614371894866323	0.902	0.744	0.000137188559457333
bhlhe22	9.52096054706042e-09	0.304449606005317	0.115	0.016	0.000138339556748788
selenow2a	1.02546964905093e-08	0.788243475054701	0.492	0.225	0.0001490007400071
si:ch211-150g13.3	1.03223648527248e-08	0.400783069013266	0.148	0.026	0.000149983961310092
cldnd1a	1.29821588556072e-08	0.544036932390865	0.18	0.039	0.000188630768171973
pcbp2	1.30672397697592e-08	0.80057539101516	0.82	0.704	0.000189866993854602
selenot2	1.43380548207306e-08	0.718807399008736	0.689	0.406	0.000208331936545215
ywhabl	1.44082743247834e-08	0.557158398791988	0.951	0.877	0.000209352225939102
egr4	1.55641970506781e-08	0.64776184289828	0.344	0.114	0.000226147783146352
rpl13a	1.60170954238916e-08	0.407786380957218	1	0.996	0.000232728396509145
pak2b	1.70018666938038e-08	0.833657425233731	0.623	0.388	0.000247037123060969
smarca5	1.75301982104621e-08	0.674700821114867	0.492	0.235	0.000254713779998015
abhd6a	1.8489342240785e-08	1.11210055242066	0.344	0.115	0.000268650142758607
rpl13	2.00159008767927e-08	0.354329809924931	1	0.996	0.000290831039739798
marcksl1b	2.08304955366962e-08	0.383190672957614	1	0.78	0.000302667100148196
fez1	2.17675945168121e-08	0.54891275888723	0.361	0.118	0.00031628314832928
cct2.1	2.65967193854309e-08	0.641194951977495	0.902	0.786	0.000386450332670312
ube2d2	2.9426869159935e-08	0.733404278638062	0.787	0.624	0.000427572408893855
rack1	3.28463110670853e-08	0.315980073674808	1	0.999	0.000477256899804749
psmb2	3.94388307403738e-08	0.773613148217534	0.836	0.665	0.000573046210657631
gtf2b	4.0708160217959e-08	0.677368058571871	0.508	0.247	0.000591489567966944
dnmt3ba	4.42788954733633e-08	0.448961434786932	0.18	0.041	0.000643372351227969
znf281a	4.46763242235554e-08	0.324070917312813	0.131	0.023	0.000649146990968261
acvr1ba	4.5735658401255e-08	0.71532632869247	0.426	0.18	0.000664539116570235
runx1t1	4.89883362911951e-08	0.592646456056521	0.213	0.055	0.000711800526311065
rps3	4.99713098124741e-08	0.377527813843376	1	0.997	0.000726083131575248
txnl4a	5.0264693257543e-08	0.699969360831943	0.59	0.335	0.0007303459930321
fam168a	5.82716025931353e-08	0.875494328447056	0.77	0.622	0.000846686385678257
zfr	5.98923489646678e-08	0.647867103873126	0.393	0.161	0.000870235830456622
nono	6.1697826837597e-08	0.91852829974816	0.623	0.379	0.000896469423950284
zgc:56304	6.3131591580233e-08	0.79882293405016	0.689	0.452	0.000917302025660785
ccnjl	6.52953174869116e-08	0.345437433945692	0.164	0.034	0.000948740963084825
hoxd4a	6.70577515446444e-08	0.867880862016786	0.492	0.233	0.000974349129943683
si:ch211-137a8.4	6.93224628925642e-08	0.480413921079025	0.59	0.272	0.00100725538582896
si:dkey-234h16.7	7.32708666103785e-08	0.372709970389851	0.164	0.034	0.0010646256918488
kif5ba.1	7.46771207988117e-08	0.506662225440532	0.213	0.055	0.00108505856520673
dync1li1	7.69410236693952e-08	0.538791825294292	0.361	0.134	0.00111795307391631
cblb	7.76599086768635e-08	0.522231241064374	0.197	0.049	0.00112839847307483
psma4	8.2340314311871e-08	0.791087151076585	0.803	0.612	0.00119640476695149
rpl28	8.52527954010224e-08	0.338528257193831	1	0.998	0.00123872311717686
hmgb2b	9.16633786928496e-08	0.444862933873998	1	0.804	0.00133186889240711
fzd8b	9.21533638978517e-08	0.326412022888973	0.115	0.019	0.00133898837743579
si:ch73-1a9.3	9.37571605727274e-08	0.411669648021692	1	0.961	0.00136229154312173
si:ch211-276i12.9	9.59732632191645e-08	0.776565243058995	0.639	0.386	0.00139449151457446
panx1b	9.63890683999149e-08	0.406886547122237	0.115	0.019	0.00140053316385076
dbn1	9.84226348094442e-08	0.439844721269124	0.164	0.035	0.00143008088378122
znf703	1.03316772323821e-07	0.676238679181332	0.361	0.136	0.00150119270186513
otud5a	1.06299500928825e-07	0.668547515507872	0.459	0.212	0.00154453174849582
tp53inp1	1.23285116335189e-07	0.809700284282618	0.344	0.132	0.00179133274035029
snap91	1.35340654092814e-07	0.371722270883234	0.115	0.019	0.00196649970396858
si:ch211-127m7.2	1.38569906152424e-07	0.474302630508091	0.23	0.066	0.00201342073639471
atg101	1.38762992986946e-07	0.548280366391418	0.328	0.119	0.00201622628810032
sf3b5	1.40231494085653e-07	0.771904610625116	0.705	0.45	0.00203756360906454
seta	1.60514880561679e-07	0.671275566232115	0.951	0.772	0.0023322812145612
abca3b	1.60561197249977e-07	0.313095887695781	0.115	0.019	0.00233295419604216
rpl24	1.63776415436359e-07	0.318893501103025	1	0.999	0.0023796713162903
sox4a.1	1.72651767226739e-07	0.938926329746266	0.574	0.314	0.00250863017780451
tmem136a	1.74926919990678e-07	0.385060494815334	0.164	0.036	0.00254168814746455
smc1al	1.91782391573857e-07	0.735590206525132	0.689	0.448	0.00278659814956814
cirbpa	1.92061127084891e-07	0.473655144455051	1	0.941	0.00279064817654346
tia1	1.98771480429957e-07	0.847229083872951	0.508	0.271	0.00288814961064727
psmd6	1.98970021832504e-07	0.62942800394968	0.689	0.453	0.00289103441722628
myo10l3	2.08999845023235e-07	0.440121499246693	0.197	0.051	0.00303676774818761
appa	2.13587983225173e-07	0.65508361221041	0.672	0.392	0.00310343339626176
fnbp4	2.35601481277039e-07	0.707166765953063	0.393	0.171	0.00342328952295538
brd8	2.38261664902172e-07	0.650582389378271	0.361	0.146	0.00346194199102857
si:dkey-28b4.7	2.49234159809157e-07	0.866592960109149	0.672	0.455	0.00362137234202705
ankrd12	2.51322611840445e-07	0.724197700815724	0.541	0.288	0.00365171755004166
h3f3b.1.1	2.5491564255477e-07	0.502571441797856	0.984	0.887	0.00370392428632081
prkrip1	2.63916358013796e-07	0.654408338613302	0.393	0.176	0.00383470468194045
ddx39b	2.86711815212154e-07	0.516786634871294	0.213	0.06	0.0041659226750326
smad3b	3.17258884234939e-07	0.359320464602793	0.115	0.02	0.00460977158793367
si:ch211-197h24.6	3.22465344203662e-07	0.727377411722372	0.492	0.269	0.0046854214512792
ppp4cb	3.23621532411998e-07	0.732717371811067	0.59	0.361	0.00470222086594633
marcksa	3.23767543764656e-07	0.645752819247061	0.361	0.147	0.00470434241090046
phf21aa	3.27971474121395e-07	0.500622266189978	0.18	0.045	0.00476542551898387
ddx5	3.35489930590259e-07	0.55901978557228	0.918	0.766	0.00487466869147647
mapk7	3.58696057289772e-07	0.340401886259116	0.148	0.031	0.00521185371242038
btf3	4.01643134938761e-07	0.389138838204483	1	0.982	0.00583587475066019
ppp4ca	4.30654561141015e-07	0.462073172956163	0.23	0.069	0.00625741077337895
zgc:112356	4.4576841195326e-07	0.909178119611466	0.393	0.178	0.00647701502568087
carm1	4.47825371265965e-07	0.641212906027391	0.459	0.229	0.00650690264449447
sfpq	4.69483498061465e-07	0.769893357616355	0.59	0.369	0.00682159522683308
chd4b	4.98913494981285e-07	0.919421708816048	0.59	0.38	0.00724921308207808
dr1	5.11146226450497e-07	0.333111440093621	0.131	0.026	0.00742695467032572
cxxc1a	5.35158220437558e-07	0.529937245546833	0.295	0.105	0.00777584894295772
vamp1	5.35884418135854e-07	0.288789576336588	0.131	0.026	0.00778640059551395
ncbp2	5.38035634770227e-07	0.681821619467881	0.557	0.335	0.0078176577732114
fbxl6	5.76485551242142e-07	0.846773221363472	0.393	0.178	0.00837633505954832
psmc1a	5.87070917329038e-07	0.742904479884557	0.672	0.454	0.00853014042879092
si:ch211-260e23.9	6.74241096687414e-07	0.427882921153206	0.574	0.298	0.00979672313486813
snrpd3l	6.78340946729271e-07	0.706407038581879	0.705	0.482	0.00985629395597631
si:ch211-241b2.1	6.93795302411923e-07	0.50851210970484	0.213	0.062	0.0100808457440452
rps19	7.49488250113093e-07	0.256390486615818	1	0.999	0.0108900642741432
actl6a	7.49542167099896e-07	0.913133538384654	0.508	0.304	0.0108908476879615
atf7ip	7.89168909186971e-07	0.701775640814828	0.721	0.516	0.0114666242504867
psmb1	8.15452259629432e-07	0.780810458091454	0.869	0.732	0.0118485213324156
wrb	8.27028459601951e-07	0.67705876892745	0.459	0.238	0.0120167235180163
psmd1	8.76328827184612e-07	0.707296622011085	0.689	0.462	0.0127330578589924
ubtf	8.80391464860781e-07	0.643558335543671	0.475	0.245	0.0127920879844271
fam168b	9.25652080158156e-07	0.592526233753827	0.607	0.372	0.013449724724698
ttc5	9.49857581844534e-07	0.445532896167574	0.213	0.063	0.0138014306642011
rimkla	9.52209525777088e-07	0.790054999439262	0.475	0.261	0.0138356044095411
camta1b	9.94046554185979e-07	0.288881504820118	0.148	0.032	0.0144434964323223
ptprn2	1.05931748187643e-06	0.471339295151233	0.131	0.027	0.0153918830116645
fundc1	1.11678184605557e-06	0.529754121515277	0.541	0.284	0.0162268402231875
zgc:113149	1.21880401484685e-06	0.626409341692064	0.328	0.131	0.0177092223357247
ssu72	1.33061967992562e-06	0.664388056768519	0.541	0.323	0.0193339039493192
rpl14	1.46034788678759e-06	0.408198352924354	1	0.966	0.0212188547950237
si:rp71-45k5.4	1.47788593546103e-06	0.590012659797696	0.738	0.564	0.0214736826422487
pdlim5a	1.63221442574466e-06	0.568351152265622	0.295	0.105	0.02371607560607
si:dkeyp-84f3.9	1.63997349614901e-06	0.280306511291029	0.115	0.022	0.0238288148990451
psmb4	1.65217575971509e-06	0.632409168305617	0.82	0.69	0.0240061137886603
arnt2	1.72526014775557e-06	0.686745690572195	0.262	0.094	0.0250680299468885
snrpc	1.76958073833475e-06	0.602237641828078	0.705	0.474	0.0257120081280039
serinc1	1.7833307410535e-06	0.563413310334858	0.656	0.41	0.0259117956675074
rnasekb	1.84253125375135e-06	0.368993493281829	0.426	0.18	0.0267719791170071
eif3ba	1.98841749868055e-06	0.482325151493696	0.934	0.804	0.0288917062558284
dcun1d5	2.03869435147731e-06	0.748260951320143	0.508	0.303	0.0296222289269654
arid1aa	2.08188868045983e-06	0.476564034702108	0.23	0.075	0.0302498425270813
atrx	2.10696266679258e-06	0.801094494428934	0.705	0.533	0.0306141675484961
psmc5	2.17109846985109e-06	0.580772698921482	0.787	0.594	0.0315460607669363
psmd8	2.18426431525554e-06	0.727264021324919	0.721	0.537	0.031737360500663
proser1	2.18637344284659e-06	0.445248162354713	0.197	0.057	0.031768006124561
s1pr1	2.2017110272536e-06	0.872146891355173	0.328	0.136	0.0319908612259948
top2b	2.26970354776535e-06	0.70614213574715	0.393	0.187	0.0329787925490306
atp1b2a	2.32153144623695e-06	0.566933466574497	0.311	0.123	0.0337318519138228
tnrc6a	2.39330335801241e-06	0.717161443732969	0.393	0.194	0.0347746977919203
fkbp1aa	2.48876349079353e-06	0.426857269930166	1	0.964	0.03616173352123
nes	2.74822021598844e-06	0.36187166681544	0.131	0.029	0.039931639738312
tusc3	2.88516628547954e-06	0.560603052414455	0.393	0.185	0.0419214661280177
nsg2	3.23074921597013e-06	0.755507304245735	0.41	0.179	0.0469427861080459
