gene	p_val	avg_log2FC	pct.1	pct.2	p_val_adj
ccna2	7.29433615496126e-95	1.9169239515216	0.921	0.124	1.05986704331587e-90
aurkb	2.01941233971882e-93	2.0116824643225	0.908	0.128	2.93420612961144e-89
scn4ab	3.54798122823917e-88	2.23456396258745	0.632	0.056	5.15521672463152e-84
ly6m5	5.79527776140781e-83	2.59443314423661	0.526	0.042	8.42053858732555e-79
cenpk	1.49919009815169e-81	1.20190055312219	0.553	0.048	2.1783232126144e-77
tpx2	1.72251162637313e-80	1.6745343849035	0.724	0.085	2.50280939312016e-76
ly6m3	1.24660789867028e-79	0.396874164702102	0.132	0.001	1.81132127676791e-75
foxd3	2.57967928311399e-77	2.42418663861834	0.724	0.092	3.74827399836463e-73
smc2	1.48124109634023e-72	1.33493329584919	0.711	0.092	2.15224331298235e-68
cdk1	3.09178235617761e-72	1.77358818307696	0.776	0.111	4.49235976352606e-68
pane1	5.64404195850226e-72	1.29396131355481	0.684	0.087	8.20079296570378e-68
cdca8	2.29223088354089e-66	1.35717720811194	0.632	0.077	3.33061147378491e-62
prc1b	1.73245241959528e-65	1.03926666173182	0.434	0.035	2.51725336567194e-61
plk1	1.34716472342757e-64	1.8147614247915	0.684	0.098	1.95743034314026e-60
top2a	7.54637766488962e-64	1.49552162119879	0.592	0.071	1.09648867470846e-59
ncapg	1.17145329013759e-63	1.21412393086936	0.526	0.057	1.70212163056991e-59
kifc1	7.84807848381183e-63	1.45645513536844	0.605	0.076	1.14032580369786e-58
nusap1	2.64580613045679e-61	1.62664082045606	0.658	0.091	3.84435630755372e-57
rtkn2a	5.36071683885642e-61	0.8623883076337	0.408	0.034	7.78912156685837e-57
cks1b	1.14251307068054e-60	1.61821993631478	0.816	0.15	1.66007149169883e-56
cenpn	3.03497148429333e-59	1.02057530919175	0.447	0.043	4.40981356667821e-55
gtse1	5.76388384254396e-59	0.797873110441823	0.355	0.026	8.37492322321638e-55
slc29a2	1.03795320414878e-58	1.45911137950444	0.421	0.038	1.50814600562818e-54
mibp	1.50275447913045e-57	2.18583405881209	0.789	0.154	2.18350225817654e-53
racgap1	1.5647427697307e-57	1.01791063055409	0.461	0.047	2.27357124441871e-53
dlgap5	1.60514411206999e-57	1.2807881378364	0.618	0.087	2.3322743948377e-53
tspan12	6.71330827923842e-57	0.944931661505993	0.382	0.031	9.75443692973343e-53
zgc:110540	9.58217696771701e-57	1.9383091371078	0.645	0.098	1.39229031340928e-52
cdca5	1.10981017903042e-56	1.06170850771551	0.632	0.09	1.6125541901312e-52
birc5a	3.66892573122443e-56	1.20925067035854	0.592	0.078	5.3309490874691e-52
pbk	5.58101888191668e-56	1.21201648071636	0.618	0.09	8.10922043542494e-52
spc25	5.65939764618892e-56	1.49867583714685	0.697	0.116	8.22310477991251e-52
her12	1.24967751123413e-54	1.43830568410504	0.382	0.032	1.81578142382319e-50
kif22	2.90717790999834e-53	1.42550932583024	0.618	0.095	4.22412950322759e-49
mad2l1	1.78748698630606e-52	1.44557934537921	0.711	0.125	2.59721859110271e-48
lbr	2.78027277531094e-52	1.92558773569575	0.921	0.269	4.03973634252679e-48
mki67	1.72992783008802e-51	1.58089399385082	0.671	0.116	2.51358513711789e-47
ube2c	1.34371876817846e-49	1.58777032534276	0.711	0.131	1.9524233701633e-45
dck	9.85632103748512e-49	1.11706398904748	0.447	0.052	1.43212344674659e-44
krcp	2.8024568784098e-48	1.0250675162266	0.487	0.063	4.07196984432943e-44
si:ch211-225g23.1	4.09090557577317e-48	0.680697704768111	0.329	0.028	5.94408580159842e-44
nuf2	1.15967129539585e-47	0.914332940492154	0.434	0.05	1.68500239221017e-43
cenpf	1.79380503371105e-46	0.985014038567601	0.408	0.044	2.60639871398216e-42
kif18a	4.59107607596096e-46	0.753928553820292	0.303	0.025	6.67083353837128e-42
si:ch211-137a8.4	6.71164034890197e-46	1.72377051753142	0.921	0.264	9.75201342695456e-42
sgo1	2.2988480181774e-45	0.881344311122789	0.382	0.041	3.34022617041176e-41
zgc:86764	2.39745898613035e-45	0.782030018305304	0.368	0.037	3.4835079068474e-41
tacc3	4.52132068521709e-45	1.1734096665253	0.434	0.052	6.56947895562044e-41
prc1a	1.06005039781151e-44	0.840136087907266	0.382	0.041	1.54025322802012e-40
si:dkey-6i22.5	1.16165005324245e-44	1.12953086602658	0.539	0.084	1.68787752736129e-40
kif23	3.92503364340411e-44	1.07583079177342	0.421	0.051	5.70307388386617e-40
CABZ01058261.1	7.73480785655334e-44	1.16006850584711	0.553	0.087	1.1238675815572e-39
sb:cb81	2.36697350188442e-43	2.2268010081845	0.789	0.201	3.43921249823806e-39
si:dkeyp-117h8.4	2.72923725357078e-43	0.455908640033008	0.211	0.012	3.96558172943834e-39
ncaph	8.25220512868219e-43	0.684555192888689	0.316	0.029	1.19904540519752e-38
cdc20	2.51600293301913e-42	1.05229898938488	0.526	0.079	3.6557522616768e-38
ttk	8.4466613552828e-42	0.83997472434406	0.408	0.05	1.22729989492259e-37
maptb	2.17583352141311e-41	1.49575387990117	0.632	0.118	3.16148610661325e-37
si:ch73-21g5.7	8.3872188989111e-41	0.801422608119881	0.276	0.022	1.21866290601178e-36
cks2	4.46760139242157e-40	1.14224924594761	0.447	0.062	6.49142482318854e-36
hmgb2a	5.2989868856354e-40	2.10533942868453	1	0.903	7.69942794482824e-36
smc4	1.23518903611456e-39	1.08382488178258	0.539	0.095	1.79472966947446e-35
ngfrb	1.3178733451504e-39	1.07428922247083	0.566	0.096	1.91486997050353e-35
ccnb1	4.73415885184435e-38	1.01692051271023	0.434	0.062	6.87873281172984e-34
dub	4.73665944033386e-38	0.750043684918365	0.408	0.052	6.8823661668051e-34
rrm2	8.95303084603513e-38	2.23280990232075	0.711	0.177	1.30087538192891e-33
g2e3	1.02737031739422e-37	0.934735295504314	0.421	0.058	1.4927690711738e-33
rrm1	6.81529352564524e-37	1.47787017354032	0.789	0.223	9.90262149276253e-33
melk	1.22492452989904e-36	0.585998681521769	0.25	0.021	1.7798153419433e-32
kif11	1.41304970782976e-36	0.777093667387795	0.395	0.052	2.05316122547665e-32
ndc80	1.79342722570151e-36	0.941458998129147	0.487	0.079	2.60584975894429e-32
znf536	2.87602847048097e-36	0.95038279198085	0.553	0.096	4.17886936760885e-32
si:ch211-69g19.2	3.64703756137429e-36	1.13688905042765	0.395	0.053	5.29914557667685e-32
cenpl	4.89591261038012e-36	0.604266425715497	0.263	0.024	7.11376102288232e-32
si:dkey-256h2.1	5.14222359544676e-36	0.401229644787403	0.145	0.006	7.47165088418415e-32
neil3	6.88179339323669e-36	0.498688780765982	0.224	0.017	9.99924580037291e-32
gpsm2	1.39355093010271e-35	0.72629969537823	0.382	0.05	2.02482950143924e-31
ncapd2	1.07054558598014e-34	1.12071561786399	0.474	0.082	1.55550273642914e-30
ckap2l	7.89524600116535e-34	0.637560789107992	0.303	0.033	1.14717924396933e-29
her4.2.1	1.6897011282363e-33	1.81491433866302	0.434	0.068	2.45513573932734e-29
crip2	4.40560213840545e-33	1.17978486339667	0.658	0.149	6.40133990710312e-29
ncaph2	8.77231171772614e-33	0.691316139590505	0.342	0.045	1.27461689258561e-28
ascl1a	1.09769727125292e-32	1.41706794852138	0.355	0.047	1.59495413513049e-28
rad51	1.30527305328341e-32	1.12871940754254	0.447	0.079	1.89656174642079e-28
si:ch211-119e14.1	1.37828430862066e-32	0.373336983903013	0.132	0.006	2.00264710042582e-28
spc24	1.86484890595933e-32	0.761603283357676	0.447	0.074	2.70962546035891e-28
ccnb2	4.26485804707685e-32	0.642336297536399	0.263	0.027	6.19683874240267e-28
rad54l	5.00638483761756e-32	0.638802071193308	0.303	0.036	7.27427716905832e-28
her4.2	6.68569060653321e-32	1.63211656335014	0.434	0.071	9.71430845129276e-28
esco2	2.50299279321196e-31	1.00489529832332	0.421	0.071	3.63684852853698e-27
numa1	3.39356671370124e-31	0.445107259860685	0.211	0.017	4.93085243500791e-27
dbf4	7.09384796877103e-31	0.428111000030144	0.211	0.018	1.03073610986243e-26
abhd6a	9.80723957279627e-31	2.28875659707929	0.526	0.111	1.4249919099273e-26
tubb2b	9.8312317147595e-31	1.62688880281089	0.987	0.708	1.42847796815456e-26
galnt14	1.2657531467124e-30	0.472297228036613	0.237	0.022	1.83913932217311e-26
nrp2b	2.58010526608046e-30	0.815901926412165	0.329	0.044	3.74889295161491e-26
fbxo5	3.63019334333354e-30	0.846606930961473	0.303	0.038	5.27467092786364e-26
haus1	4.20491932548507e-30	0.580443362770656	0.303	0.038	6.10974777992981e-26
cdc7	1.34205042868764e-29	0.736701411330213	0.316	0.042	1.94999927288314e-25
zgc:165555.12	2.26118024939389e-29	0.471842629399679	0.237	0.024	3.28549490236933e-25
nemp1	4.43198888012404e-29	0.599200058013997	0.289	0.036	6.43967984282023e-25
tspan18a	6.51496419091775e-29	1.49886137922841	0.618	0.163	9.46624296940349e-25
hmgb1b	7.7221261031796e-29	1.31987527391007	1	0.706	1.122024922792e-24
stmn1a	7.9623546112065e-29	1.61024947333917	0.921	0.4	1.15693012500831e-24
si:ch211-244o22.2	9.76354078082632e-29	0.669565412685013	0.289	0.036	1.41864247545406e-24
tubb4b	1.06677986896643e-28	1.2152110201614	1	0.971	1.55003114960822e-24
hoxb5b	1.22256143091367e-28	1.46764580855179	0.763	0.245	1.77638175911757e-24
sash1a	1.66453393168904e-28	1.07267286572015	0.553	0.123	2.41856780274417e-24
dtymk	1.67256037521404e-28	0.752360358386965	0.421	0.076	2.430230225186e-24
knstrn	2.1320539136414e-28	0.546764502245168	0.263	0.03	3.09787433652095e-24
tuba8l	2.5189266912726e-28	1.60178086746148	0.947	0.51	3.66000048241908e-24
hmgn2	3.44757560601254e-28	1.48233489707337	1	0.959	5.00932735553622e-24
asf1ba	4.07175543555185e-28	1.226771563049	0.579	0.144	5.91626064785684e-24
BX682558.1	6.23783494736265e-28	0.701717712988949	0.355	0.056	9.06357417851793e-24
phox2bb	1.07810703084971e-27	0.791590574854344	0.763	0.217	1.56648951582464e-23
aurka	1.51215049293716e-27	0.89274685585618	0.355	0.056	2.19715466623769e-23
kmt5ab	1.89081414502984e-27	0.628404172432583	0.289	0.037	2.74735295272836e-23
pclaf	2.51595439262162e-27	1.23525416842077	0.605	0.158	3.65568173247922e-23
mis12	3.03679621705412e-27	0.883432978333634	0.421	0.081	4.41246490337963e-23
tuba8l4	4.32513001439385e-27	1.36987825727557	0.987	0.663	6.28441391091426e-23
spdl1	1.24208838663071e-26	0.635897297118626	0.289	0.039	1.80475442577442e-22
kif20a	1.77880862537056e-26	0.60741955509373	0.276	0.035	2.58460893266343e-22
poc1b	2.80915793646539e-26	0.541756713205328	0.289	0.04	4.08170648168421e-22
her4.3	3.68435214095688e-26	1.64855460891493	0.263	0.033	5.35336366081035e-22
ska1	3.90588007461769e-26	0.747271442705324	0.342	0.056	5.6752437484195e-22
mus81	3.96039096859915e-26	0.660805459111915	0.303	0.043	5.75444807737457e-22
si:dkey-23f9.4	4.77976799619745e-26	0.663226003449106	0.276	0.037	6.94500289847489e-22
h3f3b.1	4.86125940439844e-26	1.3229402238794	1	0.897	7.06340991459093e-22
kif2c	6.25030654965301e-26	0.760842030076523	0.316	0.047	9.08169541664583e-22
cenpp	6.72218569146066e-26	0.471718835922329	0.237	0.027	9.76733580969233e-22
si:dkey-25o16.4	7.60981268889969e-26	0.406231900797955	0.158	0.012	1.10570578369713e-21
ret	1.29612466296539e-25	0.693040703979804	0.355	0.057	1.88326913528871e-21
hmmr	1.38949624056269e-25	0.594924139937563	0.237	0.027	2.01893803753758e-21
haus3	1.64563790949184e-25	0.487463839863187	0.197	0.019	2.39111188249164e-21
sox10	3.22007023943607e-25	1.18439532006571	0.789	0.269	4.67876205790061e-21
chaf1a	3.76882176032426e-25	1.03538375178643	0.684	0.212	5.47609801775116e-21
trip13	3.87781862987171e-25	0.617424154456226	0.303	0.045	5.6344704692036e-21
xrcc4	6.17227337845909e-25	0.597349135601663	0.289	0.042	8.96831321890106e-21
rad21a	8.17813847379019e-25	1.13178547152557	0.974	0.694	1.18828352024171e-20
haus4	8.49228198368633e-25	0.732111723616572	0.329	0.054	1.23392857222962e-20
zeb2a	9.08653611500696e-25	0.996557047659633	0.539	0.132	1.32027369751051e-20
anp32a	1.77855214339853e-24	1.14386262691145	0.987	0.752	2.58423626435807e-20
cenpx	2.31381065624134e-24	0.895090164989515	0.553	0.149	3.36196688351866e-20
knl1	5.55085830141836e-24	0.330534061609247	0.158	0.013	8.06539711196087e-20
nutf2l	9.36412521752603e-24	1.13004145591805	0.882	0.368	1.36060739410653e-19
aspm	1.50233604340004e-23	0.620044627914949	0.289	0.043	2.18289427106025e-19
ska3	3.64969541020348e-23	0.428774827314305	0.224	0.027	5.30300743102566e-19
banf1	4.48906803712423e-23	1.27654793867553	0.908	0.452	6.52261585794151e-19
si:ch211-126c2.4	5.54713855508529e-23	0.431356599799807	0.211	0.024	8.05999232053893e-19
chtf18	7.74393264784834e-23	0.505370700761428	0.25	0.034	1.12519341373236e-18
suv39h1b	8.4268058250917e-23	0.774947872849713	0.382	0.076	1.22441488638582e-18
arpp19b	9.57807547365129e-23	1.03647690070818	0.711	0.265	1.39169436632153e-18
tlx2	1.25592465246661e-22	0.937467215237398	0.566	0.142	1.82485852003399e-18
plk4	1.37657350436177e-22	0.48992595491469	0.211	0.025	2.00016130183765e-18
afap1l1a	4.24443071788569e-22	0.491335459870401	0.211	0.025	6.1671578330879e-18
si:ch211-161h7.4	7.65755273400186e-22	0.686185213954806	0.368	0.075	1.11264241225047e-17
mxd3	9.60401700197084e-22	1.29143110777626	0.592	0.184	1.39546367038636e-17
si:dkey-170l10.1	1.04508842078877e-21	0.529027469515618	0.224	0.029	1.51851347540609e-17
cip2a	1.45276433951071e-21	0.426201790924773	0.211	0.026	2.11086658530907e-17
si:dkey-5n7.2	1.52741972377682e-21	0.371699917665758	0.158	0.015	2.21934085864772e-17
rbbp4	1.76095798291113e-21	1.27822536238584	0.868	0.41	2.55867194916987e-17
ect2	2.277515040284e-21	0.380503851053996	0.197	0.023	3.30922935353265e-17
si:ch1073-228h2.2	2.36708955957271e-21	0.513693801808059	0.171	0.017	3.43938113005915e-17
her15.1.1	4.30705720977023e-21	2.16745895656972	0.526	0.142	6.25815412579614e-17
nlgn3a	5.12213302232512e-21	0.697725802798554	0.276	0.044	7.4424592814384e-17
dhrs3b	6.59860823061942e-21	1.54410256209133	0.605	0.191	9.58777775909001e-17
cenpo	7.40826041328023e-21	0.428499639498986	0.184	0.021	1.07642023804962e-16
nup107	7.43098460100929e-21	0.758646409253904	0.5	0.133	1.07972206252665e-16
hoxb1b	1.51255447202796e-20	1.16291956065377	0.434	0.104	2.19774164785663e-16
ube2t	1.54245739127375e-20	0.686686004988142	0.408	0.094	2.24119058952076e-16
h2afva	2.70082521537569e-20	1.05219508561401	0.961	0.681	3.92429903794088e-16
hmga1a	3.59305225859893e-20	1.07105473546415	1	0.885	5.22070493174425e-16
zgc:85936	3.95964859984488e-20	0.37984951387262	0.197	0.024	5.75336941557461e-16
kif20bb	5.90447675968488e-20	0.295306131245904	0.158	0.016	8.57920473182212e-16
her4.4	6.08441476662842e-20	1.11033897939346	0.237	0.035	8.84065465591109e-16
anp32b	8.70850734108438e-20	1.14373129343672	0.947	0.579	1.26534611665956e-15
ccnb3	1.16741106119483e-19	0.594505199391134	0.237	0.035	1.69624827191608e-15
btg3	1.48373917312446e-19	1.13707741885517	0.618	0.219	2.15587301854984e-15
rrm2.1	1.59161052798065e-19	1.62252892470996	0.579	0.191	2.31261009715588e-15
tbx2b	1.6804207676367e-19	0.929337592840893	0.553	0.164	2.44165137537612e-15
fabp7a	1.73025957291767e-19	1.45343768150657	0.526	0.155	2.51406715944938e-15
e2f8	2.87958379691491e-19	0.444027701484777	0.224	0.032	4.18403525691736e-15
cep57l1	3.42784770780001e-19	0.56809981915325	0.303	0.057	4.98066271943342e-15
cenph	4.09543559145712e-19	0.547847437429136	0.224	0.032	5.95066791438719e-15
exo1	7.12908709789259e-19	0.299965080034604	0.158	0.017	1.03585635532379e-14
zgc:110224	7.28008515800729e-19	0.569779621984753	0.237	0.037	1.05779637345846e-14
adssl	9.82570401590129e-19	1.02346666373561	0.645	0.243	1.42767479351046e-14
tcap	1.07047562099378e-18	0.941259677058097	0.316	0.061	1.55540107730397e-14
cadm3	1.31631108476926e-18	0.589822003497408	0.316	0.06	1.91260000616973e-14
dclre1b	1.74854676014785e-18	0.669051798532078	0.329	0.07	2.54063844249483e-14
ewsr1b	2.78445719960458e-18	0.939123494809101	0.934	0.617	4.04581631102545e-14
scg3	2.99657278003013e-18	0.635639445710052	0.408	0.094	4.35402024938377e-14
dla	3.47251787316254e-18	0.646326145725801	0.224	0.033	5.04556846970518e-14
zgc:110425	3.66147892190592e-18	0.919508907315516	0.487	0.147	5.32012887352931e-14
haus6	4.54891565586146e-18	0.638758651742802	0.289	0.056	6.6095744479667e-14
si:ch73-281n10.2	5.02127705621939e-18	0.906891819621632	1	0.85	7.29591556268678e-14
arhgap11a	6.01153116971294e-18	0.52538200041811	0.25	0.042	8.73475478959291e-14
seta	6.06295899113002e-18	0.997862349107001	0.987	0.771	8.80947941411192e-14
qkia	7.6538418543319e-18	0.989031744996474	0.947	0.664	1.11210322143442e-13
tuba8l3	7.66491104501596e-18	0.990971230647302	0.895	0.472	1.11371157484082e-13
efna5a	7.7334708046076e-18	0.492546808080604	0.276	0.05	1.12367330790948e-13
si:ch1073-296i8.2	8.8946575175121e-18	0.495017357581813	0.237	0.039	1.29239373729451e-13
cdkn1a	1.07768638566133e-17	0.860896342923978	0.434	0.114	1.56587831836591e-13
her15.1	1.13176814646216e-17	1.59011821380039	0.5	0.15	1.64445911680952e-13
cenpe	1.16637651346201e-17	0.356968380291275	0.197	0.027	1.6947450740603e-13
mybl2b	1.21614494689291e-17	0.594900401587997	0.276	0.052	1.7670586078354e-13
armc1l	1.49605088178779e-17	0.403765275195566	0.25	0.043	2.17376193123766e-13
dachb	1.55325606289315e-17	0.403567228438525	0.184	0.024	2.25688105938374e-13
si:ch211-156b7.4	2.0256812598798e-17	0.927873069984835	0.566	0.19	2.94331487060535e-13
cdc45	2.57099468695122e-17	0.538714728548648	0.237	0.04	3.73565528014013e-13
nrgna	3.5666906996518e-17	0.920710441057838	0.25	0.044	5.18240158659407e-13
her6	4.01772474958621e-17	1.8052701034086	0.908	0.569	5.83775406114876e-13
pot1	1.00366848761605e-16	0.316329892357128	0.145	0.016	1.45833031250612e-12
brip1	1.00879046370941e-16	0.295089826153494	0.132	0.013	1.46577254376978e-12
pcna	1.27756533703398e-16	1.38686665515439	0.829	0.386	1.85630243471038e-12
skp2	1.35414925109166e-16	0.466717395006753	0.25	0.045	1.96757886183618e-12
terf1	1.44320379811052e-16	0.585115385839471	0.25	0.046	2.09697511865458e-12
nsl1	1.63578526781665e-16	0.49773491080391	0.25	0.046	2.37679599413759e-12
h2afvb	2.08386165209428e-16	0.902800255065351	1	0.892	3.02785098049299e-12
gcna	5.24286495686078e-16	0.393020636004435	0.171	0.023	7.61788278231872e-12
dbf4b	6.50262217535355e-16	0.334112156043497	0.145	0.017	9.44831002078872e-12
tmpoa	6.56996419964476e-16	0.782786376249559	0.526	0.185	9.54615798208384e-12
vrk1	7.30444646449466e-16	0.724638148408795	0.382	0.104	1.06133607129107e-11
her2	7.6245803113358e-16	1.48681917623509	0.329	0.076	1.10785151923709e-11
her4.1	9.01308734457531e-16	1.83903256698486	0.316	0.071	1.30960159116679e-11
neil1	1.84525657933462e-15	0.392628944029188	0.211	0.035	2.6811578097732e-11
daxx	1.91104511099385e-15	0.644671915035306	0.355	0.092	2.77674854627406e-11
pold1	2.14441038152173e-15	0.675588560150255	0.355	0.094	3.11582828435108e-11
epb41l5	2.259323621526e-15	0.372501891670916	0.25	0.047	3.28279722207728e-11
mlh1	2.33176869462852e-15	0.428368672164312	0.197	0.032	3.38805991329524e-11
kpna2	2.35128524789768e-15	0.990557374714049	0.355	0.089	3.41641746519532e-11
sumo3b	2.40012348484503e-15	0.865543450335095	0.934	0.526	3.48737942347983e-11
hmgb2b	3.96359530533179e-15	0.826092741803604	1	0.803	5.75910397864709e-11
proser3	4.10401545108754e-15	0.352679804284645	0.158	0.021	5.96313445043019e-11
hoxc1a	4.53095213031104e-15	0.598086738434566	0.421	0.117	6.58347344534194e-11
kif4	4.60411809620165e-15	0.340130096092998	0.132	0.015	6.689783593781e-11
gulp1b	6.75544101089659e-15	0.373011141028653	0.145	0.018	9.81565578883274e-11
si:dkey-57a22.11	1.04851565153513e-14	0.321553845963918	0.145	0.018	1.52349324168054e-10
rad51ap1	1.06259715666409e-14	0.335587591306948	0.184	0.029	1.54395366863292e-10
rbbp8	1.44785791238137e-14	0.283373749044013	0.132	0.015	2.10373754669013e-10
depdc1a	1.46647426565039e-14	0.39698941383624	0.145	0.018	2.13078710799002e-10
hoxd4a	1.474671991085e-14	0.772786058538219	0.605	0.23	2.14269840304651e-10
cse1l	1.76596684422737e-14	0.61378172492779	0.408	0.123	2.56594982466238e-10
cenps	2.47087339736502e-14	0.537175772635608	0.303	0.072	3.59017904637138e-10
ndnl2	2.87487170537129e-14	0.652323593087377	0.421	0.132	4.17718858790448e-10
anp32e	3.63722968066735e-14	0.895327186224895	0.855	0.484	5.28489472600966e-10
calm2b	3.66020844134435e-14	0.734232348233275	1	0.874	5.31828286527334e-10
rfc5	5.32108843772e-14	0.814947507877613	0.539	0.208	7.73154150000715e-10
cyp26a1	5.88335906220153e-14	1.4396660094253	0.382	0.111	8.54852071737882e-10
entpd3	6.05429693273288e-14	1.55722950515937	0.184	0.03	8.79689344326088e-10
ncapd3	6.72412135085607e-14	0.452244761337781	0.145	0.019	9.77014832279387e-10
mastl	7.43028128058457e-14	0.302568339039124	0.171	0.026	1.07961987006894e-09
marcksa	8.14155909405899e-14	0.532363604808255	0.461	0.144	1.18296853636677e-09
oip5	8.26987299984749e-14	0.281014738944223	0.158	0.023	1.20161254687784e-09
wdr76	1.30301840640733e-13	0.352925650107714	0.158	0.023	1.89328574450985e-09
metrn	1.35152541935367e-13	0.489982150114692	0.25	0.054	1.96376643432088e-09
cep55l	2.42653600611573e-13	0.383606960194069	0.184	0.031	3.52575681688616e-09
ptprfb	5.55269536743489e-13	0.40239974996422	0.237	0.049	8.06806636888289e-09
tk1	6.70390870771054e-13	0.352511947206658	0.145	0.021	9.74077935230342e-09
kif26ba	7.87297897229671e-13	0.538635743950733	0.25	0.055	1.14394384467471e-08
mtfr2	9.68972270451921e-13	0.382059468015967	0.171	0.029	1.40791670896664e-08
bnip4	1.03499251949535e-12	0.689430705151555	0.434	0.144	1.50384413082675e-08
chek1	1.0981134130083e-12	0.472531409817395	0.197	0.038	1.59555878910106e-08
her9	1.58847878284397e-12	1.26304053461097	0.789	0.434	2.30805967147229e-08
bub1ba	1.74385336795324e-12	0.348464784465675	0.158	0.025	2.53381894363606e-08
ercc6l	1.76158627437416e-12	0.395232938284919	0.132	0.018	2.55958485666566e-08
gas1b	1.76894553762279e-12	1.12003997017069	0.474	0.179	2.57027786616592e-08
prr11	1.80763617103517e-12	0.360868202086696	0.145	0.021	2.62649535651411e-08
ezh2	1.81232070047117e-12	0.474931785051043	0.289	0.073	2.63330197778461e-08
cpn1.1	1.82797387365023e-12	1.29187522246153	0.684	0.375	2.65604603841379e-08
hmx3a	1.9422520148501e-12	0.680872595217771	0.276	0.066	2.8220921775772e-08
plk2b	2.11211389266597e-12	1.03405798828351	0.342	0.098	3.06890148604366e-08
si:dkey-34d22.1	2.33174571589485e-12	0.569566105266524	0.184	0.033	3.38802652519522e-08
arhgef7a	2.41124893899226e-12	0.568288561498151	0.316	0.088	3.50354470835576e-08
asf1bb	2.65556835471919e-12	0.907710462475236	0.513	0.219	3.85854081940698e-08
arhgef1b	3.02729160513436e-12	1.12469579567158	0.487	0.184	4.39865470226023e-08
zgc:162344	3.06850126349856e-12	0.388677926356214	0.197	0.038	4.45853233586341e-08
chtf8	3.25470666737538e-12	0.674575923002476	0.303	0.084	4.72908878769643e-08
smarca5	4.27605491849702e-12	0.698387050862186	0.566	0.233	6.21310779657618e-08
si:dkey-30c15.10	5.63898043640342e-12	0.43726761725894	0.171	0.03	8.19343857409417e-08
orc3	5.66294912331831e-12	0.489127229128701	0.224	0.05	8.2282650761815e-08
gins3	7.51636025134946e-12	0.509722567337435	0.263	0.067	1.09212714452108e-07
glrx5	8.44238727605992e-12	0.796654605985694	0.658	0.328	1.22667887121151e-07
tfdp1b	8.71982006161402e-12	0.502950517548546	0.355	0.11	1.26698985495252e-07
lsm11	1.01106800497586e-11	0.403124230903897	0.145	0.023	1.46908181122992e-07
slx4ip	1.16290303996193e-11	0.27015249796648	0.118	0.016	1.68969811706469e-07
cbx3a	1.39260982724414e-11	0.768345490013709	0.842	0.524	2.02346207898574e-07
nsd2	1.55229782060029e-11	0.416363628417536	0.211	0.046	2.25548873333222e-07
kif15	2.15878582069005e-11	0.434420495655229	0.171	0.032	3.13671579746264e-07
tmcc3	2.16847599358402e-11	0.663193307481529	0.355	0.111	3.15079561867758e-07
pagr1	2.63673906563346e-11	0.65894209781679	0.526	0.227	3.83118186236542e-07
ipo11	2.64951653544855e-11	0.332368582398899	0.158	0.028	3.84974752600675e-07
ctdspl2b	2.88687696472296e-11	0.449654625113564	0.25	0.062	4.19463222974246e-07
chaf1b	3.2439737262607e-11	0.582538702120802	0.263	0.07	4.71349382425679e-07
MZT1	3.65623772522203e-11	0.746020553223113	0.5	0.209	5.31251341474761e-07
raver1	4.22662444100237e-11	0.345403443794452	0.145	0.024	6.14128531277645e-07
hnrnpr	4.48593624808978e-11	0.683470760208776	0.658	0.312	6.51806536847445e-07
cd81a	5.27618300603884e-11	0.608365072736222	0.987	0.875	7.66629390777443e-07
hcfc1a	5.83592761629043e-11	0.571180136737295	0.461	0.18	8.47960282646999e-07
mgll	6.0204892017376e-11	0.327176437602914	0.171	0.032	8.74777081012473e-07
pcdh7a	6.84266429438154e-11	0.446279740843107	0.158	0.028	9.94239121973638e-07
afap1l1b	7.31021610071915e-11	0.341136039413644	0.132	0.02	1.06217439943449e-06
st5	7.72345793501716e-11	0.425227998817263	0.316	0.092	1.12221843795799e-06
hat1	8.93298914468754e-11	0.570337830274778	0.395	0.143	1.2979633227231e-06
mad1l1	9.48331267031882e-11	0.406346821796629	0.224	0.053	1.37792533099733e-06
pdk2b	9.8560447091095e-11	0.849274184080996	0.5	0.211	1.43208329623361e-06
zswim7	1.17363248880087e-10	0.255740501841619	0.145	0.025	1.70528800622766e-06
hoxb5a	1.30784239292755e-10	0.471246787647246	0.526	0.213	1.90029499692372e-06
wdr82	1.33315788763715e-10	0.636880031700091	0.592	0.288	1.93707841073678e-06
cdc6	1.37696098302897e-10	0.788693691658882	0.289	0.085	2.0007243083411e-06
thap12a	1.39191010331843e-10	0.41613898067188	0.237	0.059	2.02244538012167e-06
cenpw	1.53187398190281e-10	0.484669871016396	0.342	0.111	2.22581289570478e-06
ch25hl3	1.62886519227379e-10	0.346308896822432	0.211	0.048	2.36674112437382e-06
mier1a	1.95293148403821e-10	0.426872022251817	0.263	0.072	2.83760944630753e-06
eme1	2.00330164934627e-10	0.372333262473593	0.184	0.039	2.91079729650013e-06
ndc1	2.06745661512069e-10	0.506465767970466	0.342	0.113	3.00401446177036e-06
polr3glb	2.15456802124258e-10	0.636602340573094	0.434	0.169	3.13058733486547e-06
cuedc2	2.20076728316604e-10	0.449392601477036	0.289	0.084	3.19771486244026e-06
prim2	2.74188491803508e-10	0.830734001854927	0.368	0.137	3.98395878590497e-06
cnbpb	3.30010588245472e-10	0.681703435343084	0.908	0.73	4.79505384720671e-06
ctdsp2	3.37417463746414e-10	0.888360949960322	0.737	0.443	4.9026757482354e-06
slbp	3.9499902877587e-10	0.774910079548185	0.421	0.16	5.73933588811339e-06
rfc3	4.90005178273548e-10	0.788387648682036	0.421	0.173	7.11977524031466e-06
morf4l1	5.08477083201107e-10	0.652460279422426	0.789	0.469	7.38817201891208e-06
pole3	5.09671399162885e-10	0.599714044153663	0.447	0.176	7.40552542983671e-06
nanos1	5.18046756268785e-10	0.724773460327017	0.592	0.275	7.52721936858545e-06
zeb2b	5.56125447688828e-10	0.438648459640285	0.224	0.055	8.08050275491867e-06
sult6b1	6.03564144937288e-10	1.03904166869337	0.75	0.424	8.7697870259388e-06
dhfr	6.15296059587707e-10	0.666503406378812	0.434	0.17	8.94025174580939e-06
lmf2b	6.19637809910408e-10	0.667087516800908	0.382	0.142	9.00333737799822e-06
lin52	6.29145029514288e-10	0.647333863295834	0.487	0.206	9.1414772788426e-06
nsmce2	7.09082439350339e-10	0.516206092290262	0.303	0.096	1.03029678437604e-05
slc35c2	7.71142965131117e-10	0.821783444688911	0.276	0.083	1.12047072833551e-05
pfn2	7.89811856914299e-10	0.681719064176356	0.974	0.858	1.14759662809648e-05
hnrnpabb	8.52934926545126e-10	0.669985729210253	0.961	0.796	1.23931444827007e-05
ranbp1	8.84566858184161e-10	0.69866064790637	0.842	0.533	1.28527564494159e-05
jun	9.25293048738943e-10	0.920266361788324	0.987	0.836	1.34445079981768e-05
rpa1	9.61139938067253e-10	0.862939168628335	0.526	0.258	1.39653633001172e-05
clns1a	1.16159883402685e-09	0.547542611462564	0.592	0.287	1.68780310584102e-05
poglut1	1.23091253216546e-09	0.560625126453806	0.342	0.122	1.78851590923642e-05
gal3st1a	1.28565242304107e-09	0.355631684433096	0.105	0.015	1.86805297067867e-05
si:dkey-109l4.3	1.32998497622501e-09	0.27758598510823	0.184	0.041	1.93246817045495e-05
fanci	1.33428049291081e-09	0.274982229240197	0.105	0.015	1.93870955619941e-05
h2afx	1.52412825587386e-09	0.59793596458032	0.447	0.18	2.21455835578472e-05
sumo3a	1.61255348964025e-09	0.584765910843672	0.947	0.797	2.34304022044728e-05
hnrnpa1b	1.67428080651850e-09	0.609484424129875	0.895	0.625	2.43273001187137e-05
tuba1b	2.15143736547852e-09	0.734288199633146	0.5	0.231	3.12603849204029e-05
tyms	2.48424303616741e-09	0.703159777717855	0.342	0.121	3.60960513155125e-05
chn1	2.51450466732723e-09	0.587988493979813	0.303	0.095	3.65357528162647e-05
wdr18	2.80438584155402e-09	0.450771799174229	0.421	0.169	4.07477262777799e-05
pom121	2.82238469329632e-09	0.335116788463898	0.184	0.043	4.10092495935955e-05
opcml	2.98049763290969e-09	0.412571045010298	0.158	0.032	4.33066306061777e-05
csrnp1a	3.75666079955761e-09	0.423334255321509	0.289	0.087	5.45842814175721e-05
ppap2d	4.33888534318203e-09	0.482684944967072	0.25	0.071	6.30440040364349e-05
zgc:174906	4.57230657691812e-09	0.561515651792665	0.368	0.14	6.64356145626203e-05
si:ch211-261n11.5	4.65006863701272e-09	0.320741543626763	0.158	0.033	6.75654972957948e-05
mis18bp1	4.72051950793041e-09	0.286827885649388	0.118	0.02	6.85891484502289e-05
dnajc9	5.27349342704359e-09	0.819223961068254	0.461	0.21	7.66238594949434e-05
rnaseh2b	5.85222984060775e-09	0.512663905926283	0.289	0.096	8.50328995840306e-05
si:ch211-66k16.27	5.95134051311626e-09	0.591497507162072	0.382	0.146	8.64729776555793e-05
si:ch211-288g17.3	6.96204794601039e-09	0.562509637678888	0.947	0.691	0.000101158556655531
exosc7	7.56542170262309e-09	0.450157508771915	0.263	0.083	0.000109925577339114
shcbp1	7.92423810237212e-09	0.272951283906731	0.132	0.024	0.000115139179627467
si:ch211-212k18.8	7.99552972687293e-09	0.51388133822441	0.382	0.14	0.000116175046931464
rpa3	8.2253195435038e-09	0.763989335240712	0.605	0.305	0.00011951389296711
socs3b	9.10909244964012e-09	1.2040205977726	0.842	0.658	0.000132355113293271
tshz1	9.63869414876401e-09	0.458940399737476	0.421	0.167	0.000140050225981541
nup58	1.0785721254202e-08	0.513810915341045	0.342	0.127	0.000156716529823556
myca	1.22086221907649e-08	0.654537159390165	0.447	0.19	0.000177391280431814
lfng	1.26905316350953e-08	0.498290568522183	0.263	0.082	0.000184393424657934
dut	1.33724367603133e-08	0.921101788266588	0.566	0.275	0.000194301506127353
sinhcafl	1.3592804736909e-08	0.507581810017409	0.605	0.297	0.000197503452827288
si:ch211-196l7.4	1.50751601369322e-08	0.718027028470899	0.895	0.723	0.000219042076789624
dkk1a	1.6777301682265e-08	0.825674585255044	0.118	0.021	0.000243774193443311
hoxc3a	1.91955360212417e-08	0.621799422103854	0.447	0.183	0.000278911138388642
traip	1.9907289580017e-08	0.278437065068666	0.145	0.03	0.000289252917597647
atad5a	2.01460326862119e-08	0.275378194482543	0.184	0.046	0.000292721854930658
si:dkey-4e7.3	2.13620477404855e-08	0.289248755025911	0.211	0.057	0.000310390553669255
vamp5	2.13680517340116e-08	0.541295598602082	0.355	0.13	0.000310477791695188
srsf3a	2.31155577077209e-08	0.621897856032868	0.487	0.239	0.000335869053493184
patl1	2.54445756766286e-08	0.639280324057618	0.487	0.234	0.000369709684581414
nasp	2.60070913472547e-08	0.817909257243876	0.513	0.26	0.000377883037275611
fam83d	2.60321519109138e-08	0.408771263877401	0.197	0.052	0.000378247167265578
cnot9	3.12062129322913e-08	0.429411709448989	0.566	0.274	0.000453426273906193
nxn	3.52304935197019e-08	0.43889365397637	0.289	0.096	0.000511899070841269
zgc:162200	3.66387163575136e-08	0.279337342358712	0.171	0.042	0.000532360548674673
cbx5	3.83782470164792e-08	0.563396481274789	0.868	0.611	0.000557635929149443
ppil3	3.84501027446065e-08	0.443951752627753	0.316	0.116	0.000558679992879132
dpy30	3.91589255584596e-08	0.634229114026607	0.829	0.566	0.000568979188364418
si:ch211-63o20.7	4.03182882197181e-08	0.279770886721893	0.105	0.018	0.000585824727832504
rangap1b	4.20292912461071e-08	0.396214029662879	0.25	0.08	0.000610685601805936
nr2f5	4.71117082025371e-08	0.761455159225714	0.434	0.2	0.000684533120182863
adam8a	4.80797395274551e-08	0.955945157853825	0.355	0.146	0.000698598615333922
relt	4.81596250627793e-08	0.427922171508446	0.237	0.071	0.000699759352162183
nup50	4.86902801462506e-08	0.55837448780413	0.526	0.274	0.000707469770525022
hsp70.1	4.942683475939e-08	1.0794150745347	0.934	0.812	0.000718171909053936
cdk2	5.65646710547568e-08	0.700605297316704	0.342	0.14	0.000821884670425617
tubgcp4	5.75897984098504e-08	0.324246624957365	0.224	0.066	0.000836779770895126
lin9	5.88658816273816e-08	0.320221080096029	0.184	0.048	0.000855321260045855
fkbp1b	5.92905283840018e-08	0.375855464703213	0.184	0.048	0.000861491377419546
rnpc3	5.9754226604421e-08	0.373274855020085	0.237	0.072	0.000868228912562238
tfdp2	6.03780294646811e-08	0.529027103443346	0.434	0.19	0.000877292768121816
si:ch211-153a8.4	6.09957521379412e-08	0.314190840001194	0.132	0.027	0.000886268278564285
rasgef1ba	6.66860589829231e-08	0.734931355086399	0.526	0.269	0.000968948437021873
parp2	6.71770304557318e-08	0.39998291698642	0.25	0.082	0.000976082252521782
slc25a43	6.72485114411146e-08	0.781747047722373	0.526	0.267	0.000977120871239395
hrasa	7.2596996070414e-08	0.388502520817425	0.237	0.072	0.00105483435290312
CKS2	7.77391694760191e-08	0.388836923160538	0.289	0.102	0.00112955013248656
tha1	8.12150963228867e-08	0.431231835527405	0.197	0.055	0.00118005534957154
hepacama	8.37467258090677e-08	0.295000501414387	0.105	0.018	0.00121683992600575
lrrc42	8.7801429753131e-08	0.265188718667634	0.105	0.018	0.00127575477431299
psd2	8.96582061865049e-08	0.428996864423394	0.276	0.095	0.00130273373588992
snrpf	9.56259574060773e-08	0.545639086282884	0.908	0.611	0.0013894451611103
si:ch73-376l24.3	1.03399852966928e-07	0.424754040084659	0.316	0.116	0.00150239986360947
naa40.1	1.09930909847795e-07	0.464216286041029	0.566	0.286	0.00159729612008847
spry2	1.11866127861967e-07	0.629497816107735	0.526	0.267	0.00162541483783437
si:dkey-185e18.7	1.17131193105816e-07	0.321239531806315	0.184	0.05	0.00170191623582751
pds5b	1.18649155993314e-07	0.319281730684211	0.237	0.073	0.00172397223658286
snrnp40	1.27179758842757e-07	0.40284148017739	0.263	0.089	0.00184792189598526
zgc:112083	1.29150443899546e-07	0.328676037779247	0.145	0.034	0.0018765559498604
hmgcs1	1.31819571906932e-07	0.298185016749166	0.197	0.055	0.00191533837980772
si:dkey-6n21.12	1.3267865550168e-07	0.435758552204665	0.434	0.194	0.00192782086443942
psat1	1.37883469602245e-07	0.676072874890913	0.579	0.32	0.00200344681332062
hsp70.2	1.42642699881064e-07	1.04565918416589	0.947	0.869	0.00207259842927186
srsf2a	1.47935682970763e-07	0.610273792958049	0.829	0.584	0.00214950547356519
sinhcafl.1	1.50474316609771e-07	0.574459748537201	0.645	0.369	0.00218639182033997
suz12a	1.60961083861432e-07	0.316239010144312	0.158	0.039	0.00233876454850661
cdk11b	1.69888637067776e-07	0.344581751025829	0.342	0.133	0.00246848189659478
ppm1k	1.8402623167737e-07	0.516479379179677	0.355	0.145	0.00267390114627218
zgc:55461	1.86352623534932e-07	0.348920684437013	0.263	0.09	0.00270770361996256
snx7	1.86621042246856e-07	0.436781813818797	0.303	0.112	0.00271160374384682
acvr1ba	1.89560355196176e-07	0.419916555725547	0.421	0.179	0.00275431196100044
med4	1.91194607138903e-07	0.387755090561977	0.289	0.105	0.00277805764172826
xrcc5	1.92603236997764e-07	0.353620900997692	0.263	0.091	0.00279852503357751
setb	2.02891172518781e-07	0.535120320513688	0.921	0.771	0.00294800873669788
rpa2	2.07240477112988e-07	0.916087021234329	0.5	0.27	0.00301120413245172
aif1l	2.12654243209218e-07	0.423767871197189	0.395	0.164	0.00308986615382994
gak	2.16367242712496e-07	0.285704821636035	0.171	0.044	0.00314381603661256
dscc1	2.20835230107868e-07	0.378057350770906	0.145	0.034	0.00320873589346732
epb41a	2.25533680160927e-07	0.258058541734834	0.395	0.156	0.00327700437273827
baz1a.1	2.2961228637001e-07	0.379849061462361	0.263	0.091	0.00333626652095625
rad51c	2.44337330954598e-07	0.285571073942695	0.145	0.034	0.00355022141877031
nudt12	2.47980577506858e-07	0.372741940176176	0.197	0.058	0.00360315779117464
emc4	2.50517138132039e-07	0.33716988929724	0.395	0.158	0.00364001401705852
notch1a	2.50928775149813e-07	0.301266047409643	0.158	0.039	0.00364599510292679
pim2	2.61785026629079e-07	0.857156780790631	0.487	0.262	0.00380373643692051
lig1	2.63380304190032e-07	0.7628681985017	0.474	0.24	0.00382691581988116
hand2	2.80015626519099e-07	0.492487687777041	0.671	0.378	0.00406862705332251
cbx2	3.1794639785088e-07	0.362797643887672	0.289	0.106	0.00461976116077329
wdhd1	3.23440084607962e-07	0.268922550954367	0.158	0.041	0.00469958442935369
hsp70.3	3.25783768936781e-07	0.996005683690061	0.974	0.947	0.00473363816265143
myl4	3.27056952572564e-07	0.579155518997748	0.105	0.02	0.00475213752087935
snrpd1	3.29207368158695e-07	0.627611551854613	0.829	0.579	0.00478338305934584
cntfr	3.53019385477368e-07	0.390982818285858	0.434	0.187	0.00512937167098616
lin54	3.99517248627448e-07	0.280073261621068	0.171	0.046	0.00580498562255681
unga	4.02034592073278e-07	0.621526529332557	0.25	0.091	0.00584156262282473
xrcc1	4.0674778720072e-07	0.719790854676093	0.329	0.143	0.00591004534802646
tmem176	4.17250437769162e-07	0.897009498279171	0.592	0.357	0.00606264886078593
snip1	4.39580370088642e-07	0.389984815266237	0.303	0.117	0.00638710277738797
atad2	4.41921787508302e-07	0.373902770805056	0.184	0.054	0.00642112357249563
plxnb1a	5.43041357778616e-07	0.270315038800088	0.171	0.045	0.00789039092852329
pttg1	5.69477537614634e-07	0.35895783321565	0.25	0.086	0.00827450862154063
ube2f	5.93812185711942e-07	0.451169485803537	0.355	0.151	0.00862809105839452
ugcg	6.19208789361744e-07	0.341211804611507	0.158	0.041	0.00899710370942615
foxg1b	6.45150821535308e-07	0.458001104837776	0.132	0.03	0.00937404143690803
cep85	6.46292202501074e-07	0.366717102949032	0.158	0.042	0.00939062570234061
ciarta	6.51323967271585e-07	0.612922062025204	0.474	0.245	0.00946373724445613
nfybb	6.62640812493499e-07	0.521095125561116	0.263	0.096	0.00962817100553054
syncrip	6.67530330986254e-07	0.446058813027028	0.961	0.774	0.00969921570923027
uba2	6.8252922785378e-07	0.361909927173063	0.342	0.141	0.00991714968071543
stat1a	7.15678316727302e-07	0.653516405198896	0.434	0.21	0.0103988059420477
ppp1r2	7.21254460048632e-07	0.370078705297665	0.211	0.068	0.0104798273045066
ints8	7.23705938387294e-07	0.32245612686157	0.184	0.054	0.0105154472847674
zgc:92664	7.81446565759244e-07	0.551203796395276	0.342	0.148	0.0113544186004818
cisd2	8.00832461731061e-07	0.387966143334902	0.276	0.105	0.0116360956689523
prps1b	8.1719541311213e-07	0.374212203859242	0.395	0.177	0.0118738493525193
rangap1a	8.1802174644113e-07	0.494274023479733	0.408	0.197	0.0118858559757896
hnrnpdl	8.29122231320096e-07	0.390755415916164	0.276	0.103	0.012047146021081
ppm1g	9.01427034847937e-07	0.56147694712743	0.553	0.308	0.0130977348163405
tma7	9.65823135987401e-07	0.578169119652818	0.908	0.723	0.0140334101658969
ctdsp1	9.77458475115657e-07	0.458815815033156	0.421	0.199	0.0142024716434305
hsp90b1	1.03597297073773e-06	0.642119100974112	0.855	0.659	0.0150526872648193
ahcy	1.03829560814227e-06	0.48549658086451	0.868	0.597	0.0150864351863072
zgc:163080	1.12836232716592e-06	0.46988639404109	0.355	0.155	0.0163951046137208
manea	1.14243614290947e-06	0.289361456653841	0.132	0.031	0.0165995971564747
arl14ep	1.1930053927921e-06	0.610334039709182	0.461	0.242	0.0173343683572693
akap12b	1.31960625233931e-06	0.46467081196163	0.329	0.135	0.0191738788464902
smc1al	1.32450574569736e-06	0.480579414136427	0.711	0.447	0.0192450684849826
foxj1a	1.33623325568303e-06	0.331232296867118	0.132	0.031	0.0194154692050745
gpn2	1.42487451490356e-06	0.413350330549762	0.368	0.163	0.0207034267015488
lin37	1.49192725251417e-06	0.546828302509495	0.263	0.101	0.0216777029790309
zgc:153911	1.50221566934613e-06	0.785468175153448	0.276	0.105	0.0218271936755993
chd7	1.50471864746899e-06	0.45902287346379	0.592	0.327	0.0218635619477244
tdp2b	1.55482561646587e-06	0.294244075374784	0.145	0.037	0.0225916162072492
cdca4	1.62290800782276e-06	0.531064180212648	0.539	0.288	0.0235808533536648
fen1	1.66590339811884e-06	0.735707878581089	0.447	0.23	0.0242055763746667
UBB	1.72398494148349e-06	0.967540257988943	0.934	0.721	0.0250495011997551
irf2a	1.9072908918533e-06	0.387780048529529	0.276	0.109	0.0277129366586284
lmnb1	1.93120473649116e-06	0.618194109985308	0.579	0.358	0.0280604048212165
hoxa3a	2.02144178528841e-06	0.437430930296567	0.605	0.354	0.0293715491402406
mbip	2.06020395337576e-06	0.256752014698845	0.197	0.061	0.0299347634425498
srsf5a	2.10421400243189e-06	0.597617244884316	0.868	0.749	0.0305742294553353
u2af1	2.10857166316997e-06	0.520463396322091	0.763	0.522	0.0306375462658596
selenoh	2.27457923289593e-06	0.380758659921675	0.842	0.545	0.0330496362539778
sept7b	2.30297793444651e-06	0.570019145287438	0.487	0.259	0.0334622693875078
celf2	2.38843453501794e-06	0.273337656298064	0.329	0.13	0.0347039537938107
zgc:55262	2.49411735359351e-06	0.295769613678339	0.25	0.089	0.0362395251477137
lhfpl6	2.60855680203486e-06	0.458646523509653	0.342	0.143	0.0379023303335665
acbd7	2.67574103108747e-06	0.337514566914164	0.329	0.134	0.038878517181701
snrpe	2.70603908077768e-06	0.504588108287473	0.855	0.619	0.0393187478436998
usp1	2.71612257605054e-06	0.49473650619441	0.237	0.089	0.0394652610300144
ywhaqa	2.74910660261403e-06	0.45220131981815	0.737	0.477	0.0399445189359818
acsl1a	2.84735065689201e-06	0.329183588638046	0.224	0.076	0.0413720050446409
lsm8	2.9193317580886e-06	0.586624185797457	0.671	0.414	0.0424178904450274
srgap3	2.9667418729183e-06	0.29375914023625	0.289	0.11	0.0431067594135029
lysmd2	3.01637693477467e-06	0.383986799995777	0.408	0.19	0.0438279568622759
wee1	3.03203357630201e-06	0.324048814583532	0.197	0.064	0.0440554478636682
smg6	3.08735152497639e-06	0.328693809087492	0.25	0.092	0.044859217657907
grn1	3.23732444553701e-06	0.465647256114303	0.105	0.023	0.0470383241936528
eif3ba	3.25661906232846e-06	0.430183947028483	0.974	0.803	0.0473186749756326
