gene	p_val	avg_log2FC	pct.1	pct.2	p_val_adj
phox2a	7.10946268085088e-271	3.77763706580552	0.921	0.099	1.03300492752763e-266
chrna5	2.18269941741066e-209	2.26643627177849	0.619	0.044	3.17146225349769e-205
syt1a	3.93211285096802e-204	1.52266025558566	0.53	0.029	5.71335997245653e-200
elavl4	1.59640192153691e-188	2.51721850786686	0.881	0.125	2.31957199199313e-184
hmx2	6.06179930366155e-175	2.18907318334754	0.46	0.027	8.80779438822024e-171
hmx3a	5.0485097546067e-161	2.11379488571986	0.535	0.045	7.33548467344354e-157
maptb	2.66260670639245e-158	1.96263589698983	0.728	0.096	3.86876754438822e-154
rnasekb	1.20437522754211e-157	2.05353730822521	0.851	0.148	1.74995720561869e-153
elavl3	6.03106881071253e-157	2.05071825814513	0.931	0.157	8.76314298196531e-153
chrnb4	8.37573658479962e-152	1.07108340855368	0.371	0.018	1.21699452577138e-147
gap43	5.42715772139919e-149	2.46470603932882	0.856	0.16	7.88566016919303e-145
slc35g2a	1.19069567240536e-143	1.56403674808838	0.475	0.038	1.73008081200499e-139
slc18a3a	3.75034841369645e-143	1.12392952258856	0.213	0.002	5.44925624510094e-139
scg3	7.02060396939073e-143	1.573802167165	0.614	0.072	1.02009375675247e-138
cplx2	1.65047734625653e-141	1.56945420563223	0.574	0.062	2.39814358411073e-137
dgkaa	7.54018588461477e-140	1.32460447590655	0.416	0.028	1.09558900903453e-135
phox2bb	1.81533337721346e-136	1.89820010458636	0.921	0.19	2.63767939709116e-132
chrna3	9.3442645233528e-134	1.19664959497932	0.302	0.012	1.35772163524316e-129
vamp2	3.0011623429472e-129	1.53882959753242	0.639	0.085	4.36068888430228e-125
plcxd3	4.29337520523555e-124	1.39833375569231	0.371	0.025	6.23827417320725e-120
slc29a4	3.13790847090732e-123	0.89101438263953	0.302	0.015	4.55938100822834e-119
scg5.1	3.34289077112109e-121	1.19604061946535	0.436	0.039	4.85722029043895e-117
vgf	9.00368129394848e-121	1.93638145133174	0.386	0.029	1.30823489201071e-116
jagn1a	1.30051489047753e-116	1.22416275056565	0.564	0.072	1.88964813586386e-112
scg2b	5.45403513418639e-114	1.81247484857515	0.416	0.038	7.92471304997282e-110
tuba2	1.85339526248906e-109	1.51568224641054	0.584	0.084	2.69298331639661e-105
etv1	7.10687341407116e-108	1.5494109086452	0.371	0.031	1.03262870706454e-103
atp6v0cb	6.67228068783887e-106	2.0565756452799	0.807	0.212	9.69482383942988e-102
hoxb5b	7.60289343842893e-103	2.15151829671201	0.837	0.224	1.10470041660372e-98
celf4	6.17552976749103e-102	1.14568587020624	0.49	0.063	8.97304475216446e-98
insm1b	4.99073534888738e-99	1.68423646715522	0.505	0.069	7.25153846193336e-95
olfm1b	1.88734454192084e-98	1.53611239364083	0.49	0.064	2.74231161941098e-94
rtn1a	3.89204329994642e-97	1.7145473426551	0.931	0.288	5.65513891482214e-93
ddc	1.29942601039353e-96	1.61205501931248	0.203	0.007	1.8880659931018e-92
stmn2a	1.72815490993227e-96	2.05934184520881	0.579	0.097	2.51100908413159e-92
gng3	6.59424329041943e-93	1.88017947309862	0.649	0.126	9.58143550097944e-89
atpv0e2	2.78253957987357e-92	1.58150608943071	0.624	0.124	4.04303000955629e-88
necap1	3.73220534671678e-92	1.14196147293804	0.475	0.064	5.42289436877948e-88
myt1b	1.07300955872413e-91	1.16894342487369	0.579	0.095	1.55908288882616e-87
syn2a	7.5488732698224e-91	0.972353618491942	0.356	0.034	1.09685128610519e-86
stmn1b	3.57308659242212e-89	1.95765527597379	0.777	0.186	5.19169481878934e-85
zgc:65894	4.44257601757431e-89	1.87987660079779	0.574	0.104	6.45506295353547e-85
syt11a	5.0889630455001e-89	1.20436594501934	0.515	0.078	7.39426330511164e-85
pcsk1nl	2.21528617156849e-88	1.33433690587571	0.446	0.059	3.21881080728901e-84
s100z	8.05906229074189e-86	1.15619731576395	0.163	0.005	1.1709817508448e-81
stmn4l	1.3989838206665e-83	2.26203920804518	0.48	0.077	2.03272349142842e-79
tlx2	2.6729413944781e-83	1.55569520520967	0.624	0.125	3.88378384617668e-79
gng2	1.09184103136647e-82	1.69804807232368	0.767	0.216	1.58644501857547e-78
zgc:153426	5.22918995124789e-82	1.80887222066353	0.554	0.103	7.59801299916319e-78
tbx3a	7.32324352542587e-82	0.951815077985398	0.312	0.029	1.06406728424438e-77
ywhag2	1.18470235356313e-81	2.03180239723975	0.752	0.226	1.72137251972723e-77
vim	7.55779929667349e-81	1.68841206918646	0.812	0.253	1.09814823780666e-76
eno2	1.3094321001132e-80	1.10052937375338	0.347	0.038	1.90260484146447e-76
stmn2b	8.02645680302057e-80	1.6955832484772	0.564	0.107	1.16624417347889e-75
cpe	8.17937417142319e-80	1.39091768458003	0.5	0.086	1.18846306710779e-75
tuba1c	1.2778025247408e-79	1.81239150420749	0.896	0.338	1.85664706844838e-75
hand2	2.58423622883868e-79	2.72791421199008	0.847	0.358	3.7548952405026e-75
gapdhs	6.57249957149944e-77	2.14818354224979	0.946	0.566	9.54984187738869e-73
tspan18a	2.58883406186285e-76	2.24244558120315	0.609	0.148	3.76157589188671e-72
aldocb	9.82635159173628e-76	1.53094494076288	0.619	0.145	1.42776888627928e-71
ahcyl1	4.63867086184549e-74	0.758670948207891	0.257	0.021	6.7399887622615e-70
aplp1	2.25956802266374e-73	0.976463511822134	0.381	0.051	3.28315233693042e-69
pcbp4	4.77637545255502e-73	1.06656029793604	0.47	0.085	6.94007353256245e-69
mllt11	9.6799803354005e-72	1.67019696074945	0.54	0.11	1.40650114273369e-67
vip	3.54575102177103e-71	1.50363322196734	0.213	0.014	5.1519762346333e-67
cnrip1a	6.17647394831384e-71	1.0946431353175	0.495	0.092	8.97441664690001e-67
nsg2	9.46660389021261e-71	1.21049969735936	0.649	0.157	1.37549754524789e-66
sept3	2.10713130213748e-70	0.947191009265879	0.416	0.063	3.06166178200577e-66
tmed4	2.92157680654522e-70	1.06385353718242	0.52	0.106	4.2450510999102e-66
clstn2	5.51067714278913e-70	0.511511845825617	0.149	0.005	8.00701388847261e-66
znf536	1.98561494328173e-69	1.3109949517148	0.465	0.085	2.88509851258835e-65
stx1b	1.27939015051007e-68	0.972267155786873	0.475	0.082	1.85895388869113e-64
tspan7b	1.4638519265862e-68	1.12183898824417	0.48	0.089	2.12697684932975e-64
zgc:100906	2.05737737942849e-68	0.882678596925422	0.322	0.039	2.98936933230959e-64
si:dkeyp-120h9.1	9.97437147225547e-68	1.11150754684025	0.347	0.047	1.44927617491872e-63
slit3	5.51193409936576e-67	1.10582381206486	0.431	0.077	8.00884024637845e-63
flot1a	1.43271606553432e-66	1.01969762314907	0.416	0.069	2.08173644322137e-62
FAM163A	7.84005784679111e-65	0.514687714003721	0.134	0.005	1.13916040513875e-60
tmem178	9.72098084449864e-65	0.730748284777084	0.153	0.007	1.41245851670565e-60
map1aa	1.751517059972e-64	1.19724890567808	0.421	0.071	2.54495428813932e-60
si:dkey-280e21.3	3.65037867139082e-64	0.90435497944135	0.347	0.048	5.30400020953086e-60
nfasca	3.34072935402766e-63	0.978845233707503	0.361	0.054	4.85407975140219e-59
nlgn4xa	3.89141247368555e-63	0.607171583313583	0.168	0.009	5.6542223242651e-59
celf3a	4.06650747052918e-63	0.900569575519238	0.485	0.092	5.9086353546789e-59
fez1	8.17804681586338e-63	1.09191187242735	0.505	0.101	1.18827020234495e-58
tuba1a	9.89307260876595e-63	1.44492708569631	0.856	0.338	1.43746345005369e-58
mdkb	1.420331103585e-61	1.9020788754662	0.817	0.338	2.063741093509e-57
tulp1a	5.52375150726399e-61	0.376960951734101	0.104	0.002	8.02601094005457e-57
rab6bb	1.37768250145559e-60	1.09955303780859	0.337	0.049	2.00177267461497e-56
ywhah	1.07329883765207e-59	1.47652810482732	0.861	0.402	1.55950321110846e-55
atp1b2a	7.65064342921744e-59	1.24173550347683	0.475	0.107	1.11163849026529e-54
map7d2b	7.75433213545872e-59	0.899014283219459	0.322	0.046	1.12670445928215e-54
crhbp	9.9329519748599e-59	2.1284055923453	0.158	0.009	1.44325792194714e-54
FO907089.1	2.3499029667818e-58	0.637380084290225	0.144	0.007	3.41440901073396e-54
islr2	6.18260593558834e-58	1.18260327609973	0.287	0.036	8.98332642440986e-54
rab3c	1.49997444469221e-57	0.699160198405366	0.297	0.039	2.17946286813778e-53
rab3aa	2.15948929465935e-57	0.511590029899495	0.193	0.015	3.13773794514004e-53
fgf13b	5.7634813049979e-57	0.844190026351129	0.282	0.035	8.37433833616194e-53
phf24	1.9236127012505e-56	0.358718265431484	0.124	0.005	2.79500925491697e-52
rundc3ab	2.98839343353095e-56	0.747353694923468	0.351	0.056	4.34213565892047e-52
clvs2	4.50226797981478e-55	0.612774075605454	0.248	0.028	6.54179537467087e-51
cntnap2a	5.44482661822895e-55	0.812932449670418	0.173	0.013	7.91133307628666e-51
rab2a	7.33639074646424e-55	1.21681775494826	0.955	0.741	1.06597757546125e-50
sult4a1	1.37727401172827e-54	0.763361264396426	0.252	0.03	2.00117913904118e-50
snap25a	2.76266674580157e-54	1.28654207957928	0.391	0.071	4.01415478164968e-50
ret	1.34475367575851e-53	0.863642689641428	0.317	0.049	1.95392709087711e-49
stxbp1a	1.87989409864403e-53	1.01451029349323	0.421	0.084	2.73148612532977e-49
si:dkeyp-75h12.5	3.3648386091686e-53	1.12685040672	0.703	0.232	4.88911049912198e-49
dpysl3	4.83940223295592e-53	1.00506920838377	0.47	0.107	7.03165144448495e-49
calm1b	5.95841551215793e-53	1.50043410422289	0.441	0.099	8.65757773916547e-49
zgc:101840	1.24201646871174e-51	1.06586376745794	0.446	0.095	1.80464992903815e-47
tbx2b	1.27001817483046e-51	1.4826112949077	0.525	0.152	1.84533640802866e-47
slit2	4.12201912856318e-51	0.539748000251486	0.213	0.022	5.98929379380231e-47
bcam	7.31419963790526e-51	1.1446004118239	0.386	0.076	1.06275320738763e-46
cds2	8.44050218964735e-51	1.22024104557299	0.574	0.183	1.22640496815576e-46
tcp11l1	1.00318089659028e-50	0.75183466009477	0.337	0.06	1.45762184274568e-46
nlgn3a	1.13520835719238e-50	0.68157851197348	0.267	0.036	1.64945774300054e-46
rab39bb	2.18276451437077e-50	0.629745277390742	0.252	0.032	3.17155683938073e-46
eno1a	1.07607697151786e-49	1.50646596789844	0.599	0.201	1.56353983961545e-45
kcnc1a	5.14984649871894e-49	0.351869344770457	0.134	0.008	7.48272696263862e-45
ngfrb	1.18374803225661e-48	1.03023243277114	0.406	0.088	1.71998589086885e-44
chn1	2.04267797523776e-48	0.869416554296724	0.391	0.083	2.96801109802047e-44
slc7a14a	4.25230977446588e-48	0.528921571427139	0.163	0.013	6.17860610229892e-44
rac3a	5.8825554832536e-48	0.887294091387554	0.337	0.062	8.54735311716747e-44
gch1	1.35863285114204e-47	1.13436760291288	0.248	0.034	1.97409353270939e-43
hoxb5a	2.35523754456783e-47	2.01383731100403	0.574	0.2	3.42216015225706e-43
lgi1a	3.05114277552955e-47	0.875924857482174	0.426	0.098	4.43331045284444e-43
rgs4	4.81147196043167e-47	1.86640302805193	0.342	0.067	6.99106875850722e-43
zc4h2	5.77801255660759e-47	0.930656996390619	0.851	0.459	8.39545224475083e-43
nsfa	1.12367739186372e-46	0.927211805581855	0.297	0.049	1.63270325037799e-42
basp1	1.37035469760505e-46	0.992833977977693	0.406	0.088	1.99112537562014e-42
si:ch73-119p20.1	2.56892126339838e-46	0.774799192364228	0.183	0.018	3.73264259571785e-42
kif5aa	3.04840258415801e-46	0.67856070101394	0.267	0.04	4.42932895478159e-42
elovl6	3.55620696694463e-46	0.845912309582243	0.361	0.074	5.16716872297055e-42
si:ch211-195b15.8	8.07739895738214e-46	1.784590857688	0.604	0.214	1.17364606850762e-41
epdr1	1.15291919846094e-45	0.641606631599121	0.262	0.039	1.67519159536374e-41
apba2b	2.75278371881141e-45	0.669703717728922	0.248	0.035	3.99979474343298e-41
ctnna2	2.88770561543644e-45	0.726631047823984	0.342	0.064	4.19583625922915e-41
tmsb2	6.94083932641093e-45	1.19958057530643	0.371	0.078	1.00850395412751e-40
si:dkey-276j7.1	1.03644495718857e-44	1.11264079325353	0.817	0.425	1.50595452279499e-40
wbp2	3.86392092960914e-44	1.25765107214868	0.485	0.139	5.61427711072207e-40
tubb5	4.74864882312936e-44	1.67523281392546	0.713	0.333	6.89978674000696e-40
tm6sf2	6.9202277007793e-44	0.529500602274068	0.114	0.006	1.00550908492323e-39
cygb2	9.05074254245796e-44	0.666548343099589	0.168	0.016	1.31507289141914e-39
samsn1a	1.73652063728516e-43	0.457013347546806	0.139	0.01	2.52316448597534e-39
si:ch211-260e23.9	4.28885651893546e-43	2.02578595271877	0.673	0.282	6.23170852201323e-39
syt4	4.53630982656474e-43	1.03457663813032	0.312	0.06	6.59125817799857e-39
hsbp1a	4.66855388777117e-43	1.45910161315056	0.644	0.271	6.7834087989315e-39
lrrn1	7.18441760055823e-43	0.686496955091173	0.297	0.053	1.04389587736111e-38
ptp4a1	3.84584102636326e-42	1.06370239758801	0.941	0.786	5.58800701130581e-38
gdap1	6.41703989021263e-42	0.393803147922358	0.139	0.011	9.32395896047895e-38
prph	8.57350894599516e-42	1.08694083730301	0.168	0.017	1.2457308498531e-37
hoxa5a	1.1043191396936e-41	0.482922231320463	0.173	0.018	1.60457570997481e-37
gdi1	2.02865424093007e-41	0.937901783458415	0.599	0.212	2.9476346120714e-37
kcnd2	3.02471608294449e-41	0.39772551964938	0.139	0.011	4.39491246851835e-37
ptmaa	1.40100918952796e-40	1.10682446507698	0.995	0.898	2.03566635238413e-36
tmsb	1.44740895587263e-40	0.971283723609921	0.535	0.155	2.10308521288293e-36
ube2ql1	3.57052727349075e-40	0.473794462426925	0.178	0.02	5.18797612838205e-36
hoxb1b	5.04806627937019e-40	1.30626016547841	0.381	0.096	7.33484030392488e-36
fam49al	8.73751179057705e-40	0.710812616429959	0.272	0.048	1.26956046317085e-35
fmnl2a	1.06530288652893e-39	0.538629811670958	0.208	0.028	1.54788509412654e-35
atp6ap2	1.65679671759943e-39	1.03665005182838	0.752	0.353	2.40732563067197e-35
fxyd1	4.3525722898748e-39	1.22705162503566	0.723	0.291	6.32428753718809e-35
snap25b	4.75936071481727e-39	0.817924415440622	0.223	0.033	6.91535111862949e-35
rtn1b	5.81061777428095e-39	1.05773162003701	0.653	0.229	8.44282762603022e-35
pag1	9.64444205324976e-39	0.909978454184787	0.396	0.103	1.40133743033719e-34
map1b	1.37518333257427e-38	0.752435338590554	0.282	0.052	1.99814138223041e-34
sncb	6.43252454035963e-38	0.785103326790945	0.396	0.093	9.34645815714254e-34
ric8a	8.90311746886711e-38	0.86520631589101	0.332	0.075	1.29362296822639e-33
upf3a	1.15392203133642e-37	0.583646698279273	0.203	0.028	1.67664871153181e-33
apba1b	1.6729328331365e-37	0.425431464618774	0.183	0.023	2.43077140654734e-33
lysmd2	2.14678378906564e-37	0.867328422393802	0.515	0.177	3.11927684551238e-33
oaz1b	2.57846609991306e-37	0.903452125684642	0.936	0.813	3.74651124317368e-33
clcn4	3.00124129256416e-37	0.571256387347462	0.257	0.046	4.36080359809573e-33
tmem35	5.38237455176252e-37	0.875839871670004	0.475	0.154	7.82059022371095e-33
mab21l1	1.0819197685556e-36	1.28613226114566	0.619	0.263	1.57202942371128e-32
insm1a	1.88236952984943e-36	0.842686214806327	0.262	0.048	2.73508292687123e-32
XKR4	2.03910474761693e-36	0.502329064982016	0.243	0.041	2.9628191982874e-32
atp6v1e1b	2.49346955420348e-36	1.14109213157887	0.733	0.346	3.62301126225766e-32
mpped2a	2.69535943028492e-36	0.949434450617458	0.485	0.162	3.91635725220399e-32
tph1b	2.77559459694453e-36	1.22832462415894	0.114	0.008	4.03293894936041e-32
fundc1	3.0391508137151e-36	0.938610152145458	0.639	0.269	4.41588613232804e-32
mapk8ip1a	3.72151594605866e-36	0.369996911906398	0.144	0.014	5.40736266962323e-32
atl1	1.22230794818651e-35	0.529486108029281	0.238	0.04	1.776013448715e-31
lhfpl3	1.70833469656869e-35	0.392368641498289	0.144	0.015	2.4822103141143e-31
fzr1b	6.68581659507511e-35	0.61302004902036	0.272	0.054	9.71449151264413e-31
atp6v1aa	7.84317084349556e-35	0.74997154713845	0.411	0.116	1.1396127235599e-30
slc35g2b	2.26919244367683e-34	0.526956268236771	0.208	0.032	3.29713662066243e-30
alcama	2.50736009187822e-34	1.75742620853576	0.45	0.15	3.64319421349905e-30
rnf175	2.78388449884579e-34	0.757273517184243	0.366	0.098	4.04498417682293e-30
atcaya	2.8690741199762e-34	0.612963954460979	0.366	0.089	4.16876469632541e-30
si:dkey-81l17.6	3.68252488087018e-34	0.658352471016416	0.287	0.061	5.35070865190437e-30
c2cd4a	5.06287460114436e-34	0.740397475582078	0.139	0.014	7.35635679546276e-30
dync1i1	1.05735012037827e-33	0.493240076818459	0.218	0.035	1.53632972490963e-29
ppdpfb	1.33886573555112e-33	0.951314663688342	0.99	0.967	1.94537191375577e-29
dnajc5aa	2.74662141822474e-33	0.927069084191915	0.475	0.164	3.99084092068054e-29
si:dkey-248g21.1	2.95892008992113e-33	0.443274080764506	0.153	0.018	4.2993108906554e-29
cyp26a1	8.61718905915209e-33	1.76076457765726	0.371	0.103	1.2520775702948e-28
ppp1r14c	1.88245059612832e-32	0.319190588943235	0.114	0.01	2.73520071617445e-28
tusc3	3.01025307024839e-32	0.807950586215163	0.48	0.172	4.37389771107092e-28
hspa4l	4.15224899934132e-32	0.44335913237737	0.158	0.02	6.03321779604294e-28
itm2ca	5.62973683983421e-32	0.476714378820362	0.188	0.028	8.1800076282791e-28
tppp2	6.18467856008073e-32	0.563123371621677	0.114	0.01	8.98633794779729e-28
arpp21	9.78452027706348e-32	1.23357100695975	0.292	0.07	1.42169079625732e-27
si:dkey-153k10.9	1.05038231253258e-31	0.494676622764528	0.188	0.028	1.52620550010983e-27
map4l	1.43607707621269e-31	0.609901103689707	0.213	0.037	2.08661999173704e-27
scocb	3.97405257119671e-31	0.933289509259518	0.554	0.233	5.77429838594882e-27
st8sia2	4.39785312433367e-31	0.524587844142878	0.213	0.037	6.39008058965682e-27
parp6b	5.83510793939023e-31	0.396712742769374	0.144	0.017	8.478411835934e-27
amph	6.60901911029155e-31	0.468381528095688	0.183	0.028	9.60290476725362e-27
mapk8ip3	7.08768105323857e-31	0.390740506526596	0.153	0.02	1.02984005703556e-26
pdcl	8.92625907681157e-31	0.816862251732812	0.52	0.208	1.29698544386072e-26
rab1bb	9.74647859310104e-31	0.541762991244645	0.267	0.057	1.41616333957758e-26
vipb	1.13149066642721e-30	1.12168559506053	0.421	0.142	1.64405593831873e-26
syngr3a	1.45659402563834e-30	0.563044134822769	0.173	0.026	2.11643111925251e-26
dlb	2.14238192934597e-30	0.780929256300248	0.248	0.05	3.11288094333969e-26
hoxb6b	2.5694691190253e-30	0.830402665916616	0.262	0.056	3.73343862994377e-26
atp1a3a	2.78213519986057e-30	0.679610407259178	0.228	0.043	4.0424424453974e-26
si:ch211-197h24.8	2.79072233989414e-30	0.367264510855061	0.109	0.01	4.05491955986619e-26
syngr3b	2.90122319334109e-30	0.5756667268067	0.168	0.024	4.21547729992461e-26
pop7	4.03132983869521e-30	0.884930705964764	0.584	0.263	5.85752225562415e-26
nrsn1	5.61248373329284e-30	0.552368523546942	0.183	0.029	8.15493886447449e-26
gfra1a	6.3105906308884e-30	0.893179320565697	0.272	0.062	9.16928818668085e-26
galnt1	7.4826909948938e-30	0.710213228310654	0.351	0.101	1.08723500155807e-25
foxg1b	8.8409712176018e-30	0.559882933146715	0.168	0.025	1.28459311791754e-25
tspan13b	1.3012625581241e-29	0.553465638307665	0.233	0.046	1.89073449695431e-25
kctd1	1.85683270297629e-29	0.632547378283269	0.228	0.045	2.69797791742455e-25
hoxa3a	2.26287671850129e-29	1.07396300830557	0.673	0.342	3.28795987198238e-25
tmem59l	3.54720317461996e-29	1.10576760373775	0.431	0.147	5.15408621272281e-25
lin7b	4.04806270123286e-29	0.597856738821261	0.238	0.049	5.88183510489135e-25
nptnb	6.38880482764463e-29	0.449712789259318	0.163	0.024	9.28293341456764e-25
h3f3d	8.71366514053523e-29	0.522017923821765	1	0.997	1.26609554491977e-24
uchl1	1.07048484358851e-28	1.52668897185724	0.446	0.155	1.5554144777341e-24
parvb	1.28290117991602e-28	0.387941356013497	0.168	0.025	1.86405541441797e-24
hmgb3a	1.65150551222343e-28	0.920087058511464	0.931	0.7	2.39963750926065e-24
sv2a	3.7313129332221e-28	0.410048582585919	0.139	0.017	5.42159769197172e-24
tekt4	4.31553839346856e-28	0.28470738826097	0.104	0.009	6.27047728570981e-24
srrm4	5.69146454873664e-28	0.49040024251981	0.193	0.034	8.26969798931433e-24
calr	6.16882666069038e-28	1.0323530259052	0.851	0.695	8.96330513798312e-24
ndrg3b	8.97825565518411e-28	0.926932617100603	0.396	0.138	1.30454054669825e-23
gse1	1.09383784722646e-27	0.732204679611875	0.381	0.124	1.58934639202004e-23
sypa	1.3102744997205e-27	0.545854656527331	0.183	0.031	1.90382884809389e-23
hoxd4a	1.61927064223796e-27	1.14583884601977	0.52	0.222	2.35280024317176e-23
si:ch211-242b18.1	2.46049669574777e-27	0.628825210522478	0.272	0.067	3.57510169892152e-23
fgf13a	2.86754196654156e-27	0.540826957183433	0.208	0.04	4.16653847738489e-23
h3f3b.1.2	4.42070731201218e-27	0.729213368819055	0.931	0.829	6.4232877243537e-23
si:ch211-202h22.9	4.63003119253985e-27	0.481374986153552	0.114	0.012	6.72743532276041e-23
tmppe	1.05059435120491e-26	0.32064290561763	0.144	0.02	1.52651359230074e-22
bcl2b	1.20204938778128e-26	0.406341941660976	0.144	0.02	1.7465777604462e-22
ank2b	1.23082116854915e-26	0.54533508616388	0.282	0.071	1.78838315790192e-22
sypb	1.39794041024531e-26	0.46769663119552	0.208	0.04	2.03120741608643e-22
prdx1	1.50766395405455e-26	0.849283735321373	0.515	0.218	2.19063572524126e-22
spred3	1.62722951566266e-26	0.397676114074498	0.134	0.017	2.36436448625785e-22
AP3B2	2.61401041250743e-26	0.403010421056173	0.168	0.027	3.7981571293733e-22
hnrnpa3	2.62765421318139e-26	0.533894169044547	0.203	0.04	3.81798157175256e-22
ndel1a	3.07602687033054e-26	0.497520521070729	0.292	0.075	4.46946704259027e-22
st8sia5	3.88903341392236e-26	0.539133958589466	0.149	0.022	5.6507655504292e-22
gpr85	4.76850791391893e-26	0.505751955798593	0.228	0.048	6.92864199892421e-22
cntfr	5.23801751156408e-26	0.987848040893443	0.455	0.178	7.61083944430261e-22
elovl4a	5.83459986787258e-26	0.507343647917937	0.223	0.047	8.47767360801886e-22
csdc2a	7.19474839854498e-26	0.587335309169663	0.347	0.1	1.04539694230858e-21
zgc:110130	7.58919047359272e-26	0.620478912451163	0.233	0.053	1.10270937581302e-21
prnprs3	7.93062039077756e-26	0.902851984737886	0.604	0.301	1.15231914277998e-21
dgkza	8.48890197465798e-26	0.52909633976098	0.163	0.027	1.2334374569178e-21
cdr2l	8.86070691842734e-26	0.682480534530497	0.332	0.099	1.28746071524749e-21
mlf1	9.87710740667087e-26	1.53984230240811	0.416	0.159	1.43514370618928e-21
gnb1a	1.43699667887519e-25	0.82811465140598	0.797	0.564	2.08795617440565e-21
atp6v1h	1.86705881476682e-25	0.762250393314542	0.525	0.222	2.71283645785619e-21
appa	2.22525678178658e-25	0.803288043222204	0.678	0.381	3.23329810393589e-21
fyna	2.56518713255267e-25	0.457948786190151	0.243	0.055	3.72721690359903e-21
si:dkey-205h13.1	2.74439062743045e-25	0.604500360869781	0.198	0.04	3.98759958165644e-21
fbxo25	2.84360377228959e-25	0.560445967870046	0.233	0.053	4.13175628113677e-21
scdb	3.14859096057111e-25	0.394649881778516	0.158	0.026	4.57490266570982e-21
atp1b1b	3.73506456654958e-25	0.769549905540348	0.104	0.011	5.42704881519654e-21
ap1s1	7.99941638252845e-25	0.751666981360571	0.421	0.163	1.16231520038138e-20
stmn4	9.17478953119146e-25	1.3906815209222	0.163	0.028	1.33309691888212e-20
ppfia3	9.7339698907737e-25	0.368645349895943	0.144	0.021	1.41434582512942e-20
camk2d2	1.26181289971057e-24	0.435123150858194	0.178	0.033	1.83341414327945e-20
cadm3	1.70666583085068e-24	0.584527373854978	0.238	0.056	2.47978545222604e-20
rab39ba	1.86619754041037e-24	0.378601640662187	0.139	0.02	2.71158502621627e-20
pacsin1a	2.27070558467514e-24	0.43384571506564	0.129	0.018	3.29933521453298e-20
acsbg2	2.38617147784359e-24	0.678527955926207	0.416	0.154	3.46710715730673e-20
slc1a4	3.56150287347342e-24	0.801823100802911	0.252	0.066	5.17486367515688e-20
serinc1	3.63724821303012e-24	0.876522175505538	0.693	0.399	5.28492165353276e-20
tom1	3.7778678962015e-24	0.272497117856687	0.114	0.014	5.48924205318078e-20
cyfip2	3.82534765451406e-24	0.48214779572378	0.233	0.054	5.55823014200892e-20
socs7	4.55740880980379e-24	0.356381141192763	0.149	0.024	6.62191500064491e-20
clasp2	4.75622624271706e-24	0.563891094028015	0.248	0.062	6.9107967306679e-20
gbp	9.11962706923737e-24	0.80897617664826	0.446	0.178	1.32508181316019e-19
atp6v1ba	9.21624356902808e-24	0.71551475847336	0.5	0.217	1.33912019057978e-19
si:ch211-196l7.4	9.31689794474565e-24	0.997362971950295	0.891	0.717	1.35374527137154e-19
dpysl5b	9.70468483915065e-24	0.42403023942714	0.134	0.02	1.41009070712859e-19
acbd7	1.13137962315826e-23	0.696213947181087	0.371	0.125	1.64389459244896e-19
si:dkey-4p15.3	1.54581936640592e-23	2.23469567131915	0.54	0.272	2.2460755393878e-19
tardbp	1.61342885559949e-23	0.753785737172092	0.713	0.417	2.34431212718606e-19
cldn12	1.89633201236075e-23	0.661195925442232	0.376	0.135	2.75537041396018e-19
ptges3a	2.50191061516164e-23	0.851215505682114	0.728	0.48	3.63527612382986e-19
zgc:162858	2.67559325701818e-23	0.56122701548383	0.238	0.06	3.88763700244742e-19
vdac3	3.0962938674437e-23	0.71792180259027	0.901	0.794	4.4989149893957e-19
rgs20	3.20229761171065e-23	0.356761644860805	0.144	0.023	4.65293842981558e-19
cited4b	3.56399488183267e-23	1.34148923752437	0.525	0.265	5.17848456330287e-19
arl4d	3.78646937170544e-23	0.798832950629351	0.351	0.12	5.501739997088e-19
calm3a	3.85021007853812e-23	0.933471744862672	0.446	0.187	5.59435524411589e-19
rheb	5.34310564458883e-23	0.608995242762819	0.381	0.135	7.76353250158756e-19
ppiab	5.79222478988077e-23	0.590365276732659	0.995	0.977	8.41610261969676e-19
atp5if1b	5.8508832969022e-23	0.808652893250972	0.579	0.293	8.50133343039889e-19
dpysl5a	7.79351297716007e-23	0.530374070257418	0.267	0.071	1.13239743558136e-18
atp6v0a1b	9.86461552854416e-23	0.341279773487137	0.104	0.012	1.43332863629747e-18
sdf2l1	1.26165920828966e-22	0.764319578166878	0.51	0.243	1.83319082964488e-18
eml1	1.35124180886272e-22	0.64953840158074	0.262	0.073	1.96335434827753e-18
atp6v1b2	1.45289420230082e-22	0.54210114671796	0.183	0.037	2.1110552759431e-18
nmnat2	1.64226509069526e-22	0.498826957944783	0.208	0.046	2.38621117678021e-18
chga	1.7036819299811e-22	0.570817058696524	0.114	0.015	2.47544984426254e-18
rogdi	1.78330298109106e-22	0.663989872096943	0.366	0.131	2.59113923152532e-18
znf513a	2.00713874680561e-22	0.684954328068532	0.262	0.074	2.91637259910855e-18
hoxd3a	2.52656280375839e-22	0.588229233155781	0.238	0.061	3.67109575386094e-18
IGLON5	2.88662322609296e-22	0.536099773921012	0.124	0.018	4.19426354751306e-18
brk1	3.85053132510923e-22	0.743920695521423	0.782	0.577	5.59482201538371e-18
calm2b	4.03885825786429e-22	1.09291965459567	0.946	0.873	5.86846104867681e-18
tmed7	4.69027914296576e-22	0.718495639431755	0.777	0.566	6.81497559472925e-18
phyhipla	4.86049084020358e-22	0.526535333798237	0.198	0.044	7.0622931908158e-18
neurl1aa	5.5854110388384e-22	0.356562090348341	0.119	0.017	8.1156022394322e-18
id4	5.63671563470458e-22	0.594981230462453	0.307	0.092	8.19014781722575e-18
adam23a	5.94154847858288e-22	0.385579458802529	0.134	0.021	8.63306993938093e-18
npdc1b	6.506992087765e-22	0.40091667190612	0.114	0.016	9.45465950352255e-18
slc16a9b	6.9643776758456e-22	0.916571707803363	0.48	0.216	1.01192407630037e-17
nes	7.041395841349e-22	0.394098695650575	0.144	0.024	1.02311481574801e-17
syt3	8.76403358319428e-22	0.325335956720828	0.109	0.014	1.27341407963813e-17
atp6v1g1	8.80962713274154e-22	0.753611565508032	0.718	0.434	1.28003882238735e-17
nrgna	1.22376548001177e-21	0.504362779921899	0.188	0.04	1.7781312424571e-17
map7d1b	1.3390521833457e-21	0.897096239097717	0.421	0.176	1.94564282240131e-17
desi1a	1.46891041394427e-21	0.566018602422883	0.228	0.059	2.13432683146103e-17
pkma	2.18416248745426e-21	0.813121595297971	0.426	0.177	3.17358809427104e-17
necab2	2.23136250203909e-21	0.371649381495378	0.104	0.013	3.24216971546279e-17
h3f3c	2.29254321171887e-21	0.500712600301031	0.995	0.967	3.33106528662751e-17
si:ch211-214j24.9	2.422958910264e-21	0.303652580840936	0.124	0.019	3.52055929661359e-17
camk2n1a	2.59405088713679e-21	0.898979641912208	0.337	0.115	3.76915593900975e-17
khdrbs2	3.18735840186271e-21	0.587386936932188	0.114	0.016	4.63123175790652e-17
hmgcl	3.93208242457929e-21	0.609565334596853	0.366	0.139	5.71331576291371e-17
prkacab	6.51063256742589e-21	0.59986203387792	0.371	0.139	9.45994912046982e-17
bsg	6.5560836528206e-21	0.630919881377898	0.955	0.861	9.52598954754834e-17
zgc:194578	7.14812788540079e-21	0.290462715667079	0.104	0.013	1.03862298174873e-16
cox7a2a	7.33194902860414e-21	0.785871688487055	0.837	0.676	1.06533219385618e-16
cct7	8.07425415485797e-21	0.636224165826234	0.886	0.798	1.17318912870086e-16
rab11a	9.08841132492497e-21	0.775637883411823	0.668	0.416	1.3205461655116e-16
sh3gl2a	1.00913968831218e-20	0.646801281784227	0.193	0.044	1.46627996711759e-16
atp5f1b	1.91555855273838e-20	0.626985701086086	0.95	0.92	2.78330657712886e-16
hspa5	1.99754731738995e-20	1.05903156849504	0.936	0.871	2.9024362521676e-16
plxna4	2.05752342299989e-20	0.560988178211171	0.238	0.064	2.98958153361884e-16
fkbp1aa	2.08155187878148e-20	0.504617313801906	0.995	0.963	3.02449487986948e-16
zgc:171566	2.47523922069601e-20	0.296167375569173	0.109	0.015	3.5965225876713e-16
sgip1a	3.69153096349394e-20	0.303541697637835	0.139	0.024	5.36379448995669e-16
klf7b	3.69325282749414e-20	0.856466112658596	0.505	0.242	5.36629635834898e-16
jakmip2	4.52428813336411e-20	0.377250133912517	0.124	0.02	6.57379065777805e-16
oaz1a	4.82112743869725e-20	0.778029714003355	0.876	0.772	7.0050981684271e-16
ap3s2	5.47935284542124e-20	0.741672591052759	0.545	0.289	7.96149968439706e-16
cox7b	5.62955998274239e-20	0.725452150781661	0.896	0.822	8.17975065492469e-16
msi2b	5.80860942769433e-20	0.936019770372711	0.45	0.205	8.43990949843986e-16
ppp3cb	5.88702986924387e-20	0.358180791221759	0.134	0.023	8.55385440001134e-16
vcp	6.01005893414099e-20	0.7623979482195	0.772	0.612	8.73261563130687e-16
cldnd1a	9.80139630948988e-20	0.384515368157672	0.163	0.034	1.42414288376888e-15
ttll7	1.06036842533833e-19	0.302182508001972	0.129	0.022	1.5407153220166e-15
arl8a	1.19275815832725e-19	0.777864483057357	0.574	0.319	1.73307760404949e-15
snap91	1.34140716922503e-19	0.268482981393793	0.109	0.016	1.94906461688397e-15
zgc:153615	1.44814623540489e-19	0.357252552487847	0.114	0.017	2.1041564800433e-15
epb41a	1.51517829494933e-19	0.539246439937956	0.391	0.148	2.20155406256138e-15
si:dkey-234h16.7	1.61606920308457e-19	0.314713335590028	0.153	0.03	2.34814855208189e-15
hsp90aa1.2	1.87519857189521e-19	1.00906995563217	0.98	0.947	2.72466352496374e-15
gnao1b	2.67043506428585e-19	0.391869126544905	0.158	0.033	3.88014214840734e-15
ywhae1	3.66187210992687e-19	0.615014604982582	0.866	0.708	5.32070017572375e-15
mt-atp6	4.23988512792283e-19	0.484739522188564	1	0.961	6.16055309087187e-15
casp3a	8.4653454969947e-19	0.546435361296605	0.302	0.106	1.23001470071333e-14
carmil2	8.5423553131112e-19	0.332055389679535	0.183	0.042	1.24120422699506e-14
phlda1	9.6241506375483e-19	0.659651575981781	0.262	0.081	1.39838908763577e-14
nptna	1.03779142399568e-18	0.654302496941636	0.144	0.028	1.50791093906573e-14
kif1aa	1.0824824681476e-18	0.347512708306054	0.144	0.028	1.57284702621846e-14
slc25a1a	1.29568771019365e-18	0.541707914314996	0.282	0.096	1.88263424291138e-14
cnpy3	1.78762679643742e-18	0.587580256688659	0.322	0.12	2.59742173522357e-14
ddx5	2.0022553173961e-18	0.561002707506932	0.906	0.761	2.90927697617654e-14
ndrg3a	3.99461766952463e-18	0.734285820858347	0.406	0.179	5.80417947381929e-14
vamp1	4.74293986426743e-18	0.578736166521701	0.124	0.022	6.89149162278058e-14
bpgm	5.28132212302144e-18	0.428066365247657	0.223	0.063	7.67376104475015e-14
phactr3b	6.6900406594817e-18	0.511970200838924	0.163	0.037	9.72062907822691e-14
kif26aa	7.99688309352538e-18	0.342228514693267	0.104	0.016	1.16194711348924e-13
myt1a	8.30247387904438e-18	0.403038897932622	0.183	0.045	1.20634945462515e-13
atp6v0d1	9.23423618646367e-18	0.652830162001081	0.515	0.263	1.34173451789317e-13
golga7ba	1.06297184778609e-17	0.664700501729814	0.262	0.082	1.54449809483319e-13
coro1b	1.14534379506469e-17	0.3488148458743	0.153	0.033	1.66418453422899e-13
arl4aa	1.41808827192991e-17	0.569544025534277	0.178	0.044	2.06048225911416e-13
nfyba	1.42868955568522e-17	0.651959231835126	0.728	0.54	2.07588592441062e-13
mt-co2	1.47147105714916e-17	0.348517859580097	1	0.996	2.13804744603773e-13
rab14	1.65306607771602e-17	0.56586167956696	0.713	0.464	2.40190501092137e-13
hyou1	1.88011611815223e-17	0.76636486232033	0.51	0.283	2.7318087196752e-13
sumo3a	2.365398303823e-17	0.526718793986489	0.936	0.792	3.43692373545482e-13
asb8	2.84791659997185e-17	0.52364855790629	0.371	0.152	4.1380228197591e-13
trappc5	3.33076648582868e-17	0.586391203042124	0.51	0.264	4.83960370390907e-13
pik3ip1	3.97649988612021e-17	0.750416182036631	0.411	0.186	5.77785433453267e-13
add2	4.06457218137145e-17	0.320909495575483	0.129	0.025	5.90582337953271e-13
cdc42	4.33283296810495e-17	0.616433633317382	0.847	0.732	6.2956063026565e-13
mrps14	4.92168664815962e-17	0.714210350944663	0.47	0.252	7.15121069977593e-13
ldb1a	6.05024661493011e-17	0.642606353532162	0.475	0.247	8.79100833149345e-13
fam168b	6.15339019233679e-17	0.65318947929327	0.599	0.363	8.94087594946536e-13
nrp1a	6.40246943655163e-17	0.686909831461916	0.272	0.094	9.30278809130952e-13
dpysl4	6.63128727431649e-17	0.298393880572624	0.119	0.022	9.63526040958185e-13
ctbp1	9.02662488495312e-17	0.661764148962769	0.55	0.32	1.31156859578369e-12
hnrnpaba	9.43516964671727e-17	0.38325347564293	0.98	0.922	1.37093014966802e-12
meis1b	9.91528010855258e-17	0.97435056448512	0.639	0.42	1.44069019977269e-12
LEPROTL1	9.94950384705283e-17	0.592992448663649	0.644	0.395	1.44566290897678e-12
calm3a.1	1.04443641418275e-16	1.16668494817606	0.728	0.528	1.51756610980754e-12
emc10	1.13703749136871e-16	0.63471722458715	0.574	0.348	1.65211547495873e-12
hnrnpa0a	1.3425801078307e-16	0.642398841730221	0.797	0.625	1.95076889667801e-12
wrb	1.69019446380587e-16	0.598465042420338	0.455	0.23	2.45585255590993e-12
ptprna	1.8226235319799e-16	0.310602832229087	0.109	0.019	2.6482719919668e-12
smarce1	2.02311104610814e-16	0.524962672716614	0.901	0.748	2.93958034999512e-12
si:dkeyp-72g9.4	2.04148045135836e-16	0.508417389765692	0.129	0.026	2.9662710958237e-12
hoxc3a	2.24613268072263e-16	0.712296334874959	0.396	0.177	3.26363078508998e-12
phex	3.75165611106541e-16	1.69437383509946	0.119	0.023	5.45115632937804e-12
ilf3b	3.91935104563713e-16	0.622478291676116	0.718	0.518	5.69481706931075e-12
fam168a	3.95000456614028e-16	0.674880109470389	0.797	0.615	5.73935663460183e-12
si:dkeyp-117h8.2	4.325343705179e-16	0.489861990743135	0.188	0.05	6.28472440362509e-12
rdh12	4.65038678705778e-16	0.284827721688719	0.119	0.023	6.75701200159496e-12
golga7	5.95808307686812e-16	0.622640085856032	0.713	0.535	8.65709471068938e-12
tpi1b	6.01069063779026e-16	0.900516646733629	0.579	0.354	8.73353349670924e-12
mt-cyb	7.91346606383242e-16	0.409421454393783	1	0.98	1.14982661907485e-11
flot2b	8.1763021712789e-16	0.682281647115836	0.342	0.145	1.18801670548682e-11
elocb	9.26864648981365e-16	0.562968966350374	0.772	0.612	1.34673433496992e-11
hrasb	1.02355520768479e-15	0.565355533236562	0.277	0.101	1.487225716766e-11
ptprfb	1.10566307084021e-15	0.427656451927828	0.173	0.046	1.60652844193082e-11
dhrs3b	1.17973569544121e-15	0.615056843828992	0.416	0.187	1.71415596547607e-11
UBB	2.74964594228754e-15	1.15457357424173	0.832	0.72	3.9952355541438e-11
ing4	2.89812007739758e-15	0.640693658767497	0.663	0.457	4.21096847245869e-11
cbx1b	2.90881323945487e-15	0.765149251349343	0.416	0.211	4.22650563692793e-11
ptprn2	3.08605331107001e-15	0.41236605990656	0.119	0.024	4.48403546098472e-11
psmd1	3.11620126224145e-15	0.686351229945349	0.649	0.456	4.52784043403683e-11
ywhabl	3.60902697905557e-15	0.484101495917529	0.941	0.874	5.24391620056774e-11
tbcb	3.77654003064917e-15	0.626377829626694	0.752	0.573	5.48731266453325e-11
tefa	4.02057307715552e-15	0.702074733906338	0.47	0.26	5.84189268110697e-11
gb:bc139872	4.15888205766922e-15	0.558239242608543	0.312	0.128	6.04285562979337e-11
chchd2	4.60963751675352e-15	0.807957470910269	0.792	0.641	6.69780331184286e-11
idh1	4.86646003598694e-15	0.440603325932775	0.48	0.23	7.07096643228903e-11
arvcfb	5.14839609124859e-15	0.462127583064864	0.168	0.046	7.48061952058421e-11
bsnb	7.92054911786538e-15	0.278937218216092	0.109	0.021	1.15085578682584e-10
josd2	8.05515336819134e-15	0.448833045672152	0.272	0.102	1.1704137843982e-10
anks1b	8.21299517332831e-15	0.499565264999331	0.168	0.046	1.1933481986846e-10
mlf2	8.95845954691202e-15	0.547917173725328	0.624	0.407	1.30166417216632e-10
mt-co3	9.98957104980042e-15	0.382302042757264	1	0.992	1.451484673536e-10
hmga1b	1.04116287484577e-14	0.342963155511449	0.124	0.026	1.5128096571509e-10
ewsr1a	1.20388044640501e-14	0.549185981644184	0.762	0.569	1.74923828862648e-10
psmc1a	1.25295758941005e-14	0.588879136254086	0.639	0.447	1.82054737741281e-10
stt3b	1.41630175384993e-14	0.457315539393445	0.267	0.102	2.05788644834395e-10
atp5mf	1.50262731197449e-14	0.553727872278822	0.881	0.744	2.18331748429894e-10
cdk5r2a	1.53272994292374e-14	0.428701570885442	0.114	0.023	2.22705660706819e-10
znf395b	1.57876201493675e-14	0.558635161712789	0.292	0.115	2.2939412077031e-10
ube2nb	1.80280751408733e-14	0.648374153006378	0.525	0.317	2.61947931796889e-10
tmem179	2.26130754772988e-14	0.292909979373	0.114	0.023	3.28567986685152e-10
pam	2.26205481068315e-14	0.478013264066251	0.228	0.078	3.28676563992262e-10
arrdc3b	2.35624488103407e-14	0.679090133437292	0.752	0.568	3.42362381214251e-10
tmeff1b	2.35865190568041e-14	0.381843499809704	0.668	0.453	3.42712121895364e-10
atp6v0b	2.5587793418937e-14	0.575992163370162	0.391	0.188	3.71790638377154e-10
clgn	2.75347368501009e-14	0.569508207655391	0.351	0.162	4.00079726431966e-10
tollip	3.10454801590827e-14	0.530225605744309	0.327	0.144	4.51090826711472e-10
ankrd13c	3.22655232408336e-14	0.491029728812122	0.337	0.149	4.68818052689312e-10
txnl4a	3.3016860594207e-14	0.578369223583329	0.54	0.328	4.79734984433828e-10
hp1bp3	3.45843111915601e-14	0.49577533092944	0.901	0.757	5.02510041613369e-10
wu:fa56d06	4.19683365316286e-14	0.753246471042439	0.238	0.085	6.09799929804564e-10
fus	5.85569535009727e-14	0.620702633577578	0.5	0.286	8.50832534369134e-10
adnpb	6.26381761641522e-14	0.304801859944838	0.109	0.022	9.10132699665132e-10
ppp2cb	6.40977147028913e-14	0.540085314517646	0.856	0.716	9.31339794633011e-10
si:ch211-117c9.5	6.68463263803121e-14	0.474364624235665	0.193	0.06	9.71277122305934e-10
tbc1d30	6.69625069652618e-14	0.268755465609525	0.109	0.022	9.72965226205254e-10
ubc	8.04535160401084e-14	0.477533326875507	0.99	0.983	1.16898958806278e-09
kmt5b	8.56308823175811e-14	0.415095580879162	0.287	0.114	1.24421672007445e-09
psmc5	9.32497090626509e-14	0.570454955967291	0.738	0.59	1.35491827268032e-09
slc9a6b	9.90671386857132e-14	0.259392084730521	0.114	0.024	1.43944552510341e-09
ap2s1	1.13703685305579e-13	0.625548729545492	0.579	0.383	1.65211454749006e-09
csnk1e	1.1510254658434e-13	0.400595198236827	0.213	0.071	1.67244000187047e-09
mbd3b	1.15915178540214e-13	0.607303155338566	0.559	0.356	1.68424754418931e-09
mpnd	1.18046181845287e-13	0.300627059964561	0.188	0.056	1.71521102221202e-09
smdt1b	1.2768546826298e-13	0.695578609752725	0.614	0.419	1.8552698538611e-09
oser1	1.51534270342797e-13	0.7463477756354	0.733	0.56	2.20179294808084e-09
ppp3r1b	1.59098122110844e-13	0.709421910985102	0.55	0.363	2.31169571427057e-09
chd7	1.72972855443607e-13	0.718281345372218	0.51	0.322	2.51329558959561e-09
pip4p1a	1.77768594147915e-13	0.376254473760503	0.208	0.069	2.5829776729692e-09
arg2	2.04257906410961e-13	0.339381162561587	0.114	0.025	2.96786738015126e-09
ywhaqb	2.07584339538159e-13	0.725593790477185	0.797	0.68	3.01620045348946e-09
coro1cb	2.08197688462775e-13	0.650754120845058	0.416	0.222	3.02511241336411e-09
kif1b	2.29470200215723e-13	0.367390050938855	0.144	0.037	3.33420200913446e-09
cox17	2.38992936761201e-13	0.542399454711255	0.381	0.186	3.47256737114025e-09
hsp70l	2.77538209928476e-13	0.98341957891077	0.886	0.766	4.03263019026076e-09
selenot1a	2.78124235239259e-13	0.5377943795919	0.634	0.431	4.04114513802644e-09
hmgb1b	3.00128450119011e-13	0.389217408577487	0.926	0.7	4.36086638022923e-09
jpt1b	3.11921957315303e-13	0.426282608500744	0.822	0.653	4.53222603979135e-09
hspe1	3.11978456845974e-13	0.693390834835804	0.827	0.706	4.533046977972e-09
hsph1	3.24101577340501e-13	0.923952704717872	0.421	0.223	4.70919591875747e-09
hnrnpa0b	3.55567354270946e-13	0.484151976804506	0.941	0.831	5.16639365755685e-09
stard10	3.58562258898364e-13	0.444218229848871	0.183	0.057	5.20990962179323e-09
ppme1	3.96148538651856e-13	0.611526544802544	0.431	0.234	5.75603826661147e-09
ascl1a	3.97544004733063e-13	1.04813528289222	0.163	0.047	5.7763143887714e-09
ankhb	4.01297556764909e-13	0.3258943575514	0.124	0.029	5.83085349979412e-09
pank1b	4.14820367038277e-13	0.34631702019575	0.173	0.052	6.02733993306616e-09
dll4	4.17408837084770e-13	0.571267486406172	0.213	0.074	6.06495040284172e-09
nomo	4.18610783009916e-13	0.480480453077754	0.198	0.067	6.08241467713408e-09
zgc:91860	4.29044051565783e-13	0.350052108693248	0.114	0.026	6.23401006925083e-09
rab11bb	4.49568284858028e-13	0.50242466734685	0.193	0.063	6.53222717898715e-09
slc7a6os	4.57881652501461e-13	0.499750462297513	0.312	0.139	6.65302041084623e-09
CABZ01080568.1	5.07326730055667e-13	1.17558392880955	0.624	0.477	7.37145738770884e-09
pnpla6	5.46234436039139e-13	0.360725569969586	0.139	0.036	7.93678635564869e-09
cxxc4	7.26398470417754e-13	0.422890143099468	0.163	0.048	1.055456977517e-08
sumo2b	7.40576533839333e-13	0.392821964423367	0.955	0.902	1.07605770366855e-08
dclk1b	8.73821672417851e-13	0.381996337273551	0.178	0.055	1.26966289002314e-08
fkbp2	8.97444846956671e-13	0.62863080133297	0.614	0.449	1.30398736262804e-08
agbl5	9.91357693523132e-13	0.317280987803812	0.114	0.026	1.44044272868911e-08
cacybp	1.38333919389073e-12	0.636105297270521	0.639	0.473	2.00999184872323e-08
hmgn7	1.71534895448695e-12	0.443148762763958	0.965	0.889	2.49240203086954e-08
kifap3a	1.81673486240695e-12	0.473975401420707	0.297	0.128	2.6397157550773e-08
os9	1.84153848713823e-12	0.540178492083873	0.317	0.145	2.67575542181185e-08
hist2h2l	1.93715115129781e-12	0.594271782686624	0.817	0.656	2.81468062283572e-08
cd9a	2.13651981827469e-12	0.630027112625874	0.163	0.049	3.10436329595312e-08
ndrg4	2.23708811776267e-12	0.332479805217621	0.129	0.033	3.25048903510916e-08
kidins220b	2.31473710126723e-12	0.434615208197688	0.168	0.052	3.36331300814128e-08
cct5	2.39451639761599e-12	0.49433582230882	0.886	0.839	3.47923232573604e-08
chchd10	2.565469858507e-12	0.569180323843359	0.317	0.146	3.72762770441067e-08
atp6v1c1a	2.76312346896822e-12	0.575114781766991	0.356	0.176	4.01481840041082e-08
atat1	2.81006118786165e-12	0.374370228735422	0.153	0.044	4.08301890596298e-08
spen	3.12660894995254e-12	0.498513229165573	0.322	0.15	4.54296280428103e-08
hsp70.1	3.18570849047618e-12	0.657593719581127	0.911	0.809	4.62883443666188e-08
pnpo	3.28041475631253e-12	0.30714004892689	0.163	0.05	4.76644264092211e-08
hnrpkl	3.32143968600423e-12	0.541306083679133	0.619	0.434	4.82605186376415e-08
ppp3r1a	3.36531015343671e-12	0.522536274370426	0.312	0.142	4.88979565294354e-08
calcrla	3.4852955414779e-12	0.441580419940849	0.183	0.059	5.06413442176739e-08
psmc4	3.48695518496117e-12	0.574427597730621	0.703	0.564	5.06654588374858e-08
hoxc1a	3.60057550256542e-12	0.399151495115432	0.282	0.114	5.23163620522756e-08
zeb2b	3.76154193936953e-12	0.367457068417948	0.168	0.052	5.46552043790392e-08
lmbrd2b	3.84862925098051e-12	0.37812471643558	0.188	0.063	5.59205830167469e-08
ndufs6	3.88411437679648e-12	0.493783837387536	0.649	0.465	5.64361818948529e-08
ik	3.90691779899627e-12	0.5538984466057	0.505	0.316	5.67675156194158e-08
tcea2	3.99050600327922e-12	0.34331538430051	0.153	0.045	5.79820522276471e-08
vapb	4.88900921139103e-12	0.564353419634661	0.371	0.186	7.10373038415116e-08
syt2a	5.12616174003913e-12	0.609478200130125	0.168	0.052	7.44831300827686e-08
vma21	5.22188547593465e-12	0.531062465975087	0.54	0.343	7.58739959653305e-08
psmb7	5.22646878637524e-12	0.50423494758765	0.896	0.812	7.59405914660322e-08
wdr13	5.38275609627458e-12	0.350479665003376	0.198	0.068	7.82114460788697e-08
tenm3	5.53280904280869e-12	0.719698026146563	0.411	0.226	8.03917153920103e-08
pcbp2	5.7311739896402e-12	0.424924263919626	0.837	0.698	8.32739580694721e-08
slc3a2b	5.81388589283498e-12	0.403170104712403	0.218	0.08	8.44757620228922e-08
nexmifa	5.83714290831983e-12	0.29454201391787	0.109	0.025	8.48136864578871e-08
h2afx1	5.91721432267444e-12	0.425879473916797	0.96	0.922	8.59771241084597e-08
zdhhc9	6.07875886796317e-12	0.2955894780936	0.168	0.052	8.83243663515048e-08
mrpl35	6.84563024650557e-12	0.463827261377318	0.327	0.158	9.94670074817259e-08
psmb1	6.84640410569983e-12	0.49076584789556	0.837	0.729	9.94782516558186e-08
flj11011l	7.7708672244833e-12	0.258516092143746	0.144	0.041	1.12910700771742e-07
otub1b	8.07265605869923e-12	0.562643121767521	0.436	0.251	1.172956925329e-07
magi1b	8.14725146996837e-12	0.37437393092603	0.178	0.059	1.1837956385864e-07
stip1	8.37148698690217e-12	0.736146682972504	0.797	0.695	1.21637705919689e-07
kif3a	8.57487823165867e-12	0.420618114112311	0.193	0.068	1.24592980706e-07
clta	8.97024378630735e-12	0.59134076692002	0.772	0.649	1.30337642215046e-07
hnrnpl	9.15325455907607e-12	0.56087906318059	0.668	0.487	1.32996788743375e-07
ppp1r14ba	9.45126403551519e-12	0.278081319437061	0.129	0.033	1.37326866436036e-07
zgc:100920	1.09269753892619e-11	0.539910799283961	0.322	0.149	1.58768952405975e-07
acadm	1.11830834931382e-11	0.517791820184756	0.426	0.248	1.62490203155298e-07
psmb4	1.15533543346404e-11	0.518479225607113	0.787	0.687	1.67870238482325e-07
tcp1	1.26060680240359e-11	0.55246178025661	0.886	0.782	1.83166168389242e-07
pisd	1.27291337326991e-11	0.361207389832902	0.203	0.073	1.84954313136118e-07
hspa4a	1.40018776381228e-11	0.83074415270529	0.762	0.659	2.03447282081924e-07
glrbb	1.55082876596415e-11	0.316689628470973	0.109	0.026	2.25335419694592e-07
gabarapl2	1.61159671040015e-11	0.636610252664025	0.515	0.323	2.34165002021142e-07
ndfip1	1.65246468431118e-11	0.570351383980808	0.554	0.366	2.40103118630414e-07
oxr1b	1.8353008858927e-11	0.305334236177239	0.139	0.039	2.6666921872021e-07
cplx2l	1.94268187316848e-11	0.858135996367193	0.158	0.049	2.8227167617138e-07
vat1	2.00401818540387e-11	0.657432079499113	0.436	0.244	2.91183842339182e-07
hsp70.3	2.1391479932632e-11	0.727156402283782	0.965	0.946	3.10818203421143e-07
si:ch211-102c2.7	2.76635491404375e-11	0.676378670405707	0.356	0.194	4.01951369010557e-07
meaf6	3.10081271699305e-11	0.501551605964516	0.767	0.646	4.5054808777909e-07
kif3cb	3.1586743731577e-11	0.316842804699596	0.124	0.033	4.58955386419814e-07
pkig	3.45306495181842e-11	0.529793842144188	0.282	0.125	5.01730337499217e-07
glud1b	3.55433531952246e-11	0.632403707701264	0.48	0.293	5.16444921926614e-07
chchd6a	3.78524818825213e-11	0.360589476426023	0.193	0.069	5.49996561753035e-07
cct2.1	4.7149211888407e-11	0.441685840708742	0.866	0.784	6.85078048738554e-07
cfap298	4.75827178381854e-11	0.744332363317679	0.436	0.272	6.91376890188834e-07
clstn1	4.79343300644859e-11	0.448078516392373	0.302	0.135	6.9648581583698e-07
akap8l	5.01132186651708e-11	0.607260315581963	0.589	0.427	7.28145067204932e-07
wu:fc75a09	5.06529874634834e-11	0.462426081901634	0.124	0.034	7.35987907844414e-07
btf3l4	5.23914450062705e-11	0.508939106301677	0.589	0.416	7.6124769594111e-07
epb41l5	5.25506656181646e-11	0.261829812465328	0.149	0.045	7.63561171431932e-07
psmb6	5.87016998312088e-11	0.50624736032645	0.807	0.683	8.52935698547463e-07
med18	5.88472280830887e-11	0.432442214832727	0.233	0.098	8.55050224047279e-07
mkrn1	5.96722726105559e-11	0.438385971512707	0.287	0.131	8.67038121031377e-07
ppp1r7	6.81050681130191e-11	0.469016367606126	0.282	0.131	9.89566639682168e-07
gnb1b	6.91704077208191e-11	0.436910585987354	0.856	0.778	1.0050460241835e-06
mss51	6.93205753715895e-11	0.752999693244895	0.178	0.063	1.0072279601492e-06
maza	7.17650970242333e-11	0.312436010716442	0.129	0.036	1.04274685976211e-06
rtn4b	7.79162471273676e-11	0.480315189124235	0.287	0.136	1.13212307076065e-06
ap1b1	7.79645311990253e-11	0.458275507637735	0.262	0.118	1.13282463832184e-06
h2afy2	8.60574135497763e-11	0.556898215873074	0.782	0.665	1.25041421887825e-06
ndufab1a	9.92598045540403e-11	0.523343375120789	0.51	0.346	1.44224496017021e-06
laptm4b	9.95752581391814e-11	0.592893241678772	0.317	0.158	1.44682850076231e-06
hspd1	1.06736301960639e-10	0.643589848898742	0.604	0.429	1.55087846748809e-06
si:dkey-56f14.7	1.10023757749616e-10	0.343203129652855	0.149	0.045	1.59864520010192e-06
rab41	1.13517723883354e-10	0.507575796041657	0.386	0.212	1.64941252802514e-06
vamp4	1.15318913242727e-10	0.379168584430006	0.257	0.112	1.67558380941682e-06
psmd6	1.21636389786457e-10	0.542758503894604	0.604	0.448	1.76737674359722e-06
gsk3aa	1.36561057711014e-10	0.276365230783971	0.109	0.028	1.98423216854103e-06
rfx2	1.41220874041943e-10	0.451850833907392	0.248	0.106	2.05193929982944e-06
tmem67	1.62497641760475e-10	0.283017803946803	0.114	0.031	2.3610907347797e-06
hspbp1	1.71097520496333e-10	0.962922224847036	0.584	0.424	2.48604697281172e-06
cst3	1.92400936652334e-10	0.937904358625412	0.619	0.444	2.79558560955841e-06
dclk1a	1.94382781773098e-10	0.340245185288201	0.163	0.054	2.82438181916311e-06
fam32a	2.03716782397861e-10	0.441442997024137	0.718	0.556	2.96000484824092e-06
egr4	2.17715369567819e-10	0.599969810862033	0.257	0.11	3.16340431982041e-06
ttpal	2.26764748044313e-10	0.372039088888964	0.243	0.104	3.29489178908387e-06
ccni	2.33234592498658e-10	0.472047483913047	0.832	0.699	3.3888986290055e-06
pcdh19	2.41110141655849e-10	0.450077464214474	0.158	0.054	3.50333035825949e-06
hsp90b1	2.71891082570248e-10	0.762996481399346	0.748	0.658	3.9505774297457e-06
skp1	2.84955502692476e-10	0.468422914906746	0.866	0.789	4.14040345412168e-06
marcksl1b	3.23126256593808e-10	0.401929198275888	0.906	0.776	4.69502450830804e-06
psmd4b	3.31229421942103e-10	0.597681067263799	0.545	0.399	4.81276350081875e-06
calm3b	3.3690045164398e-10	0.471457124795532	0.886	0.842	4.89516356238704e-06
emc4	3.50986192314985e-10	0.493123719347424	0.307	0.155	5.09982937433673e-06
fryl	3.57533421446725e-10	0.403747624419602	0.124	0.036	5.19496061362091e-06
aldoaa	3.71613763365468e-10	0.550051525543723	0.792	0.647	5.39954798170024e-06
psmd14	3.78021675661357e-10	0.529868450783693	0.619	0.484	5.49265494735952e-06
pak1	3.86336532207483e-10	0.361203610454942	0.198	0.075	5.61346981297473e-06
selenok	4.02743502314386e-10	0.503144769348619	0.436	0.263	5.85186308862804e-06
wu:fa19b12	4.16604390947474e-10	0.450423519318621	0.287	0.138	6.05326180046679e-06
tomm34	4.37503704205094e-10	0.588727699226912	0.332	0.179	6.35692882210001e-06
zbtb2b	5.31570202188684e-10	0.482489093110686	0.228	0.098	7.72371503780157e-06
palm1b	5.5454699013271e-10	0.54131901124288	0.465	0.287	8.05756776662828e-06
pcmtd1	5.6314894650496e-10	0.510253842592865	0.233	0.101	8.18255419271706e-06
ppm1la	5.90593185770408e-10	0.534193288904999	0.322	0.165	8.58131898924403e-06
hpca	6.03349347746795e-10	0.777908578197994	0.193	0.077	8.76666602276093e-06
psmd3	6.36562393864442e-10	0.509409652536725	0.653	0.495	9.24925158285034e-06
ptbp3	6.89493806263551e-10	0.428981582898868	0.248	0.111	1.00183450050094e-05
jam3a	7.4628984514685e-10	0.336320188257113	0.158	0.054	1.08435914499837e-05
tmem33	7.97996559877638e-10	0.540600097795424	0.535	0.384	1.15948900150221e-05
baz2ba	9.04002095218205e-10	0.459679903796856	0.287	0.14	1.31351504435205e-05
palm1a	9.08791437195999e-10	0.28829271399891	0.168	0.059	1.32047395824579e-05
mt-nd4	9.10780256853803e-10	0.398543458641688	0.936	0.9	1.32336371320858e-05
dhrs13a.3	9.26794750103893e-10	0.299434470376523	0.149	0.049	1.34663277190096e-05
ndufa11	9.33294777136132e-10	0.501679920507221	0.579	0.414	1.3560773111788e-05
sept6	9.82797845937362e-10	0.450198343387664	0.46	0.294	1.42800527014699e-05
taf12	9.92467878703762e-10	0.471352513365045	0.688	0.56	1.44205582775657e-05
ndufb9	1.03353685961413e-09	0.541262881210178	0.698	0.58	1.50172905701934e-05
itfg2	1.04875577130626e-09	0.275238162858887	0.144	0.048	1.523842135708e-05
sgce	1.07082422956583e-09	0.471850264487689	0.446	0.27	1.55590760555915e-05
psmc6	1.13937094679333e-09	0.599341371396893	0.658	0.54	1.6555059856907e-05
cox8a	1.16113737474651e-09	0.367198869158929	0.931	0.867	1.68713260550669e-05
cry-dash	1.17907236985615e-09	0.29904990245686	0.163	0.058	1.71319215340099e-05
dnaja2b	1.22492617299089e-09	0.588740529181225	0.525	0.377	1.77981772935576e-05
hoxb3a	1.24454363055768e-09	0.462050047880758	0.49	0.291	1.80832189520031e-05
ndufb4	1.26999401367098e-09	0.428176563563043	0.718	0.585	1.84530130186394e-05
dbi	1.38403090929629e-09	0.608513433089378	0.738	0.632	2.01099691120751e-05
si:dkey-28b4.8	1.45469305458786e-09	0.296252947894909	0.129	0.04	2.11366900831616e-05
zgc:77880	1.50113913501727e-09	0.291057231566458	0.158	0.056	2.18115516318009e-05
flot2a	1.55964237057273e-09	0.467404693648119	0.327	0.177	2.26616036444218e-05
mknk1	1.56316918450852e-09	0.581287804848451	0.381	0.22	2.27128482509088e-05
atf7ip	1.6056117705443e-09	0.594228812633895	0.663	0.511	2.33295390260087e-05
ctsf	1.61035524121765e-09	0.370793472229216	0.495	0.292	2.33984616548925e-05
si:ch211-10a23.2	1.64432231026727e-09	0.258438313183437	0.104	0.028	2.38920031681835e-05
ssbp3b	1.86842318336396e-09	0.400980080766198	0.52	0.333	2.71481888542784e-05
g3bp2	1.94490878776252e-09	0.454407002792834	0.272	0.13	2.82595246861894e-05
arfip2a	2.00014050477303e-09	0.351728742880907	0.198	0.08	2.90620415343521e-05
emc9	2.09006693442465e-09	0.458286101296474	0.351	0.201	3.03686725571902e-05
march8	2.58428864067927e-09	0.258326962695323	0.104	0.028	3.75497139490698e-05
arpc3	2.62106725859231e-09	0.437891009292237	0.762	0.685	3.80841072673463e-05
efna2b	2.6529050146916e-09	0.544195603778222	0.173	0.067	3.8546709863469e-05
zgc:173570	2.73949318761529e-09	0.271382591637252	0.114	0.033	3.98048360160502e-05
bud31	2.8159865648253e-09	0.456251105548545	0.718	0.629	4.09162847869117e-05
fam84a	2.98992570808605e-09	0.33680504339809	0.114	0.033	4.34436205384903e-05
got2b	3.10977386806723e-09	0.500815250910976	0.455	0.3	4.51850143030169e-05
hacd3	3.24283120166249e-09	0.465371007369853	0.248	0.119	4.7118337360156e-05
ywhag1	3.26410313740276e-09	0.314861568264404	0.114	0.033	4.74274185864622e-05
ube2d4	3.50754318436355e-09	0.395229487738767	0.267	0.128	5.09646024688024e-05
smim20	3.50964391562843e-09	0.359415150032873	0.233	0.105	5.0995126094081e-05
flvcr1	3.66718992344254e-09	0.252191397825932	0.124	0.038	5.32842695876201e-05
pdzd11	3.81837694518484e-09	0.479699305874991	0.406	0.244	5.54810170135358e-05
fbxo11a.1	4.130429952043e-09	0.475407112538923	0.252	0.123	6.00151472031848e-05
get4	4.13266041364569e-09	0.444838186059232	0.371	0.218	6.00475558102718e-05
si:dkey-19e4.5	4.18583098984008e-09	0.430040244525341	0.351	0.198	6.08201242823764e-05
atp5l	4.30378049281047e-09	0.457737717752979	0.916	0.877	6.25339305605361e-05
nmt1a	4.45950832707641e-09	0.452320235076832	0.416	0.257	6.47966559924202e-05
vapal	4.4883036691759e-09	0.406548432558924	0.495	0.326	6.52150523131258e-05
si:ch211-197h24.6	4.74575869223874e-09	0.488784895680815	0.416	0.265	6.8955873798229e-05
anapc13	5.14377666864986e-09	0.381856523212278	0.262	0.126	7.47390749954824e-05
csrnp1a	5.14616114137644e-09	0.379507512261221	0.203	0.085	7.47737213841997e-05
ywhaqa	5.30025937743192e-09	0.56444355677707	0.614	0.475	7.70127687540857e-05
exoc6	5.43012728583933e-09	0.366662594064876	0.188	0.075	7.88997494632455e-05
uri1	5.59125482887137e-09	0.57383684507006	0.49	0.338	8.1240932663501e-05
atrx	5.62607515827332e-09	0.413679127222733	0.668	0.528	8.17468720497113e-05
med19a	5.78938473720893e-09	0.443826707542881	0.465	0.309	8.41197602316458e-05
kdm6bb	5.92630218660005e-09	0.483972211719101	0.45	0.288	8.61091707712988e-05
rac3b	5.95922116478478e-09	0.360977986223455	0.198	0.08	8.65874835243228e-05
ubap2a	6.05612115142272e-09	0.432131859158153	0.361	0.206	8.79954403301721e-05
zgc:111986	6.13428968304138e-09	0.428425095177581	0.619	0.455	8.91312290945912e-05
serp2	6.67469843601018e-09	0.284946987146062	0.109	0.031	9.69833682752279e-05
rpz2	6.80882573239059e-09	0.457543664077866	0.356	0.203	9.89322378916353e-05
psmd13	6.90445565115198e-09	0.511768704122143	0.668	0.54	0.000100321740611238
abhd4	7.01668884227629e-09	0.250210126101899	0.153	0.054	0.000101952488878275
mff	7.19540251860372e-09	0.455085589210535	0.361	0.211	0.000104549198595312
impa1	7.3452563139014e-09	0.422222055979757	0.248	0.12	0.000106726574240987
gsk3b	7.80508967403083e-09	0.315910519011748	0.183	0.074	0.000113407952963668
prr12b	7.84523709890405e-09	0.290155857468226	0.257	0.12	0.000113991295047076
sdhb	7.87850801341110e-09	0.463737261772869	0.505	0.346	0.000114474721434863
apoob	8.44610087326407e-09	0.467688716262871	0.252	0.124	0.000122721845688527
xpr1b	8.57926560129572e-09	0.314571651670526	0.193	0.079	0.000124656729186827
cdkn2aipnl	9.29453291208895e-09	0.464101650085885	0.436	0.28	0.000135049563212652
scaf1	9.41751543960782e-09	0.419572434425632	0.292	0.154	0.000136836499337502
hspb1	9.8692512219015e-09	1.00584529584618	0.668	0.503	0.000143400220254229
thap4	1.03138080872327e-08	0.33732931198252	0.153	0.057	0.000149859631507491
psma4	1.09336770035592e-08	0.38267457650447	0.723	0.609	0.000158866326861715
nckap1	1.12937422474635e-08	0.463151631947505	0.282	0.147	0.000164098074855645
ap2m1a	1.17800704113673e-08	0.507919820513265	0.738	0.684	0.000171164423077167
sgsm3	1.18506249734146e-08	0.35101840090958	0.158	0.059	0.000172189580863714
ube2a	1.20132782209822e-08	0.468222009881836	0.51	0.35	0.000174552932550871
rhoaa	1.31935364424334e-08	0.397077961305241	0.772	0.684	0.000191702084508557
smarcb1a	1.35787661498893e-08	0.403795222518859	0.475	0.319	0.000197299472157892
ndufa6	1.47874653466197e-08	0.391482695411365	0.738	0.604	0.000214861871486384
bbx	1.54417348778994e-08	0.378006945480831	0.168	0.068	0.000224368407775878
mapre3b	1.58626640450257e-08	0.297604387948137	0.129	0.043	0.000230484508574224
smarcad1b	1.59621327136963e-08	0.270835510728381	0.144	0.051	0.000231929788330007
FNDC10	1.62456594591889e-08	0.311836049617925	0.114	0.035	0.000236049431942015
cct4	1.6309109819006e-08	0.371649742290271	0.866	0.762	0.000236971365670157
morn4	1.66657706195561e-08	0.367494262838613	0.119	0.037	0.00024215364710215
dpf1	1.70335574527615e-08	0.291711977364925	0.114	0.035	0.000247497589788625
ndufa7	1.76861598672652e-08	0.455015406022213	0.441	0.283	0.000256979902871364
dcaf7	1.81916740693977e-08	0.505035817236124	0.342	0.199	0.000264325024228348
cdc34b	1.9078438909721e-08	0.447339152462765	0.431	0.278	0.000277209717358247
zswim5	1.9537236813858e-08	0.396658120414806	0.411	0.248	0.000283876050905356
cnp	2.06962296938048e-08	0.495917184156017	0.426	0.273	0.000300716217450984
tusc2a	2.19123944539319e-08	0.512742085020525	0.342	0.196	0.000318387091415631
dpy30	2.20374849560789e-08	0.36916913283007	0.703	0.564	0.000320204656411826
hmgb1a	2.21836997157293e-08	0.469488197338589	0.921	0.85	0.000322329156869547
cars	2.22280115931579e-08	0.371988671113401	0.267	0.137	0.000322973008448584
uck2a	2.31599330634713e-08	0.414449211969509	0.223	0.105	0.000336513827412238
ndufs3	2.3522238769875e-08	0.437185515712184	0.559	0.411	0.000341778129326284
cbx8a	2.48985851040408e-08	0.269330569071507	0.149	0.055	0.000361776441561713
usf1	2.52102193945513e-08	0.460056277355027	0.411	0.264	0.00036630448780283
cops4	2.53342461262243e-08	0.432363620470384	0.53	0.378	0.000368106596214039
snx25	2.56894858224984e-08	0.269451860841204	0.124	0.041	0.000373268229000902
tango2	2.59779984620927e-08	0.318088981599878	0.203	0.089	0.000377460317654206
marcksb	2.61871996368346e-08	0.39536767006523	0.683	0.51	0.000380500010723206
psmb3	2.62128649803442e-08	0.477222469252487	0.752	0.618	0.000380872928164402
cnih1	2.63905578886688e-08	0.40517866472945	0.554	0.41	0.000383454806122358
vdac1	2.64419891120505e-08	0.430096373703123	0.797	0.752	0.000384202101798094
ap1s2	2.67424804648733e-08	0.463352734167509	0.624	0.492	0.000388568241154609
kdm4b	2.8640993059233e-08	0.417440797593113	0.436	0.288	0.000416153629150656
tmbim4	2.91466279629386e-08	0.472280272238998	0.356	0.213	0.000423500504301498
rbx1	2.97109866704701e-08	0.366229677547504	0.837	0.75	0.000431700636321931
fbxo45	3.09193915174772e-08	0.368749773284106	0.163	0.065	0.000449258758748944
histh1l	3.10068664174815e-08	0.655191889894244	0.955	0.937	0.000450529769046006
uba3	3.10992728318711e-08	0.347243271837203	0.233	0.112	0.000451872434247088
tcf7l2	3.11806113629624e-08	0.564628106638986	0.198	0.089	0.000453054283103843
kdm1a	3.12205391370721e-08	0.430403501845607	0.51	0.352	0.000453634433661658
smad1	3.35885105050205e-08	0.495659601558333	0.307	0.168	0.000488041057637948
hsp90aa1.1	3.43212777836333e-08	1.67536538663273	0.282	0.154	0.000498688166196192
gpatch8	3.51377222394012e-08	0.407524474552232	0.426	0.271	0.000510551104138499
cox6a1	3.87300668078322e-08	0.396840369941641	0.881	0.831	0.000562747870717802
acsl1a	3.98688384877256e-08	0.321997090552516	0.178	0.074	0.000579294223226653
ubiad1	4.04493921170666e-08	0.397058342690009	0.292	0.162	0.000587729667460977
elob.1	4.05552054864074e-08	0.499860444540251	0.55	0.417	0.0005892671357175
ndufs2	4.25671326618973e-08	0.427878625346613	0.569	0.436	0.000618500437577368
ptena	4.41994702587065e-08	0.522926378095743	0.431	0.284	0.000642218302859005
zdhhc16a	4.73819511498722e-08	0.287962288582119	0.153	0.059	0.000688459750207643
si:dkey-180p18.9	4.96728566204483e-08	0.371372917042135	0.134	0.048	0.000721746606695114
clptm1l	5.15586636201385e-08	0.323733271767388	0.213	0.098	0.000749147382400613
ndufb2	5.33221064233908e-08	0.413344209980273	0.614	0.492	0.000774770206331869
mtch2	6.50817897251082e-08	0.398251371970939	0.356	0.216	0.000945638404705822
higd2a	6.73050388192953e-08	0.45646461625407	0.401	0.256	0.00097794221404436
cox20	7.23897987083192e-08	0.368094128009299	0.238	0.12	0.00105182377523188
mtdhb	7.3983193407643e-08	0.320364543415402	0.183	0.08	0.00107497580021305
mpped2	7.47237448839503e-08	0.581062359351844	0.297	0.166	0.0010857360131638
atp5mc1	7.53025251672155e-08	0.484247478578518	0.792	0.688	0.00109414569067964
ap2a1	7.58524366356938e-08	0.414325206709157	0.223	0.108	0.00110213590431663
acsl4a	7.95452895410684e-08	0.340743008052185	0.183	0.079	0.00115579305703172
tdg.2	8.32916836190383e-08	0.277598608586203	0.129	0.046	0.00121022816298463
lgmn	9.6039068981382e-08	0.349030701209057	0.361	0.208	0.00139544767229948
canx	9.63786971897329e-08	0.41978416582281	0.53	0.4	0.00140038247016682
smndc1	1.00613315098795e-07	0.416352149001379	0.53	0.387	0.00146191146838549
edrf1	1.01174662002405e-07	0.398362766292766	0.252	0.127	0.00147006783889494
sult6b1	1.03282760025872e-07	1.66134703470163	0.515	0.426	0.00150069850317592
fth1a	1.05440438894579e-07	0.311560713668439	0.99	0.949	0.00153204957713823
kctd13	1.10989105108679e-07	0.313757840019755	0.188	0.082	0.0016126716972291
usp33	1.11152187543766e-07	0.27324941845507	0.149	0.058	0.00161504128501092
cox5aa	1.12861858973992e-07	0.423978687508635	0.802	0.715	0.0016398828108921
atf6	1.12918838801949e-07	0.421942101828162	0.376	0.229	0.00164071072779232
cd99l2	1.13835408405114e-07	0.4244998224846	0.426	0.279	0.00165402848412631
cpeb4b	1.14787843811684e-07	0.471553356064358	0.342	0.201	0.00166786737058377
cox7c	1.17233328413627e-07	0.376431094313074	0.881	0.818	0.00170340026185001
pdha1a	1.21198466462236e-07	0.450257716148222	0.455	0.327	0.00176101371769629
wdr41	1.24148970043483e-07	0.285847011012235	0.149	0.057	0.0018038845347318
pdcd4b	1.24179125614809e-07	0.731157069347699	0.723	0.63	0.00180432269518318
rfxap	1.33456178202063e-07	0.468234185222713	0.366	0.225	0.00193911826927598
h3f3b.1.1	1.33775217983501e-07	0.329399038281029	0.941	0.886	0.00194375391730027
tmem222a	1.35958510557032e-07	0.253795992835984	0.139	0.052	0.00197547715839368
ckbb	1.41230478603726e-07	0.52647162777965	0.525	0.323	0.00205207885411214
coq3	1.43320658496915e-07	0.303251418429602	0.158	0.065	0.00208244916796017
ndufs4	1.54413419660454e-07	0.485453580078257	0.554	0.432	0.0022436269876664
hmg20a	1.54632791191025e-07	0.400189608648818	0.337	0.199	0.00224681445600559
ube2ia	1.56424649736528e-07	0.429115025448158	0.55	0.429	0.00227285016067175
eya1	1.59112766410134e-07	0.837138264235096	0.252	0.136	0.00231190849593925
klf7a	1.62850880135854e-07	0.508048617025671	0.332	0.193	0.00236622328837396
nudt5	1.62923455242919e-07	0.436725007127635	0.257	0.136	0.00236727780467961
kpna4	1.63023668747196e-07	0.482812039519814	0.366	0.233	0.00236873390689676
uqcr10	1.71360486007686e-07	0.403537656030647	0.733	0.627	0.00248986786169168
sash1a	1.79567082377177e-07	0.568471933521761	0.248	0.125	0.00260910970694038
acin1b	1.87238770508084e-07	0.38194947091573	0.302	0.173	0.00272057933548247
atp1b3a	2.05428662649617e-07	0.500216054746273	0.416	0.288	0.00298487846829894
mt-co1	2.07474271382139e-07	0.292441713618149	0.98	0.982	0.00301460116318248
prkab1a	2.09466395773233e-07	0.280970975714223	0.173	0.074	0.00304354673058507
sept5a	2.121398412842e-07	0.4327968926963	0.376	0.236	0.00308239189385942
grb2b	2.13203653006468e-07	0.377127235115905	0.297	0.167	0.00309784907818398
hoxb2a	2.25205898862057e-07	0.429530521168807	0.228	0.115	0.00327224171046569
st13	2.25753044916722e-07	0.471406288220161	0.599	0.476	0.00328019174263997
cxcl14	2.28282646915313e-07	0.600755181707201	0.233	0.117	0.0033169468596795
ccdc85b	2.55168516234141e-07	0.383713729873396	0.243	0.124	0.00370759854088208
emc3	2.58531441839369e-07	0.3750454805903	0.401	0.26	0.00375646184992603
si:ch211-133n4.4	2.66874212994762e-07	0.326566591398899	0.545	0.398	0.0038776823148139
tmem59	2.68149659819943e-07	0.371093728743894	0.386	0.239	0.00389621455718377
atp5pf	2.73603416758376e-07	0.447177457499509	0.772	0.691	0.00397545764549921
rcan1a	2.78214002532453e-07	0.519478411220587	0.366	0.228	0.00404244945679654
bod1	2.79470169560216e-07	0.373864699056744	0.342	0.207	0.00406070156370994
mrpl17	2.85021522322756e-07	0.415382270345226	0.287	0.168	0.00414136271934965
pafah1b1a	2.89247523106726e-07	0.354773275148457	0.248	0.129	0.00420276651074073
cdh2	2.9716240374527e-07	0.396354084078889	0.267	0.141	0.00431776972641877
parn	3.0274118169105e-07	0.361855021962074	0.287	0.162	0.00439882936997096
eif4g2a	3.03472221072418e-07	0.447620817176478	0.376	0.242	0.00440945137218223
si:dkey-23a13.22	3.05357930008131e-07	0.433719700952827	0.218	0.107	0.00443685072301815
cyc1	3.08270185488448e-07	0.424998158221149	0.688	0.59	0.00447916579514715
rprd2b	3.26496706921053e-07	0.362569098515308	0.188	0.088	0.00474399715156289
mid1ip1b	3.30971290056957e-07	0.427982221873049	0.252	0.132	0.00480901284452759
ube2e1	3.36107482541741e-07	0.400136021329971	0.649	0.539	0.00488364172133149
psmd8	3.48457140690837e-07	0.459681679779266	0.629	0.535	0.00506308225423786
txndc9	3.55459300304276e-07	0.381123189681169	0.668	0.55	0.00516482363342113
ubl3b	3.601479509867e-07	0.284759513389837	0.158	0.067	0.00523294972783675
psmc1b	3.64417330218621e-07	0.429452584295306	0.46	0.335	0.00529498380807656
rps6kc1	3.65876840758483e-07	0.270224982502956	0.163	0.069	0.00531619049622076
pomp	3.75990368387639e-07	0.391088384239461	0.832	0.739	0.00546314005267239
psmd12	3.92305443421632e-07	0.430497473489166	0.431	0.297	0.00570019809291632
cycsb	4.01753381876678e-07	0.570198068940586	0.703	0.601	0.00583747663866813
hsp70.2	4.08869050408581e-07	0.427331928577867	0.931	0.868	0.00594086730243667
vps28	4.25032585005423e-07	0.366083195554964	0.559	0.407	0.0061757234601288
med19b	4.513754278853e-07	0.348523590637751	0.208	0.101	0.00655848496717341
uqcrc1	4.51547805450493e-07	0.385493550522737	0.619	0.487	0.00656098961319567
si:ch211-276i12.9	4.6109083793242e-07	0.469469621474138	0.515	0.383	0.00669964987515806
cops7a	4.6757907974288e-07	0.455290094393965	0.376	0.248	0.00679392402866405
dtd1	4.69165373199642e-07	0.365350602596081	0.243	0.127	0.0068169728725908
dnal4b	4.8365685006092e-07	0.315673083380334	0.193	0.092	0.00702753403138516
CABZ01072083.2	5.72775227406177e-07	0.26298435750266	0.124	0.046	0.00832242405421175
pdia4	6.06058538009873e-07	0.497149265430387	0.48	0.357	0.00880603055728345
psmd11b	6.06984193762254e-07	0.419658041650051	0.411	0.283	0.00881948033536554
psmd4a	6.26220492207924e-07	0.44097481059778	0.45	0.325	0.00909898375178114
anxa13	6.39798413492496e-07	0.319081933763211	0.564	0.405	0.00929627094804596
gmds	6.56891762996425e-07	0.298667177530497	0.252	0.133	0.00954463731633805
pde7a	6.59438930225443e-07	0.344132541877155	0.208	0.102	0.00958164765617569
snrnp27	6.78467653373348e-07	0.420198228000414	0.554	0.435	0.00985813500351475
slirp	6.95125287861189e-07	0.424233411991333	0.406	0.271	0.0101001704326231
fkbp8	6.97236823949154e-07	0.456956799146624	0.302	0.178	0.0101308510519812
zfand2a	7.06310509520252e-07	0.777570511513783	0.545	0.434	0.0102626917033293
unc119b	7.27551163362119e-07	0.290604525311474	0.178	0.08	0.0105713184036516
cbx3a	7.34786181357022e-07	0.402929722499752	0.649	0.524	0.0106764432151175
irf2bpl	7.57291357695247e-07	0.479131678441365	0.49	0.354	0.0110034434273119
COX5B	7.77391093656253e-07	0.405576575157224	0.906	0.848	0.0112954925908254
nudc	7.99438526044749e-07	0.479812044742892	0.594	0.48	0.0116158417834302
tchp	8.03647059464809e-07	0.302082224360621	0.144	0.06	0.0116769917740237
opa1	8.04562477806001e-07	0.280694982979774	0.144	0.059	0.0116902928025212
pwwp2b	8.50066181987328e-07	0.369371739221232	0.228	0.118	0.0123514616242759
larp7	8.94943932979812e-07	0.339274851573525	0.218	0.114	0.0130035353461967
trappc2l	9.03928040623328e-07	0.335566075985419	0.347	0.215	0.013134074430257
si:ch211-51e12.7	9.09829779975145e-07	0.365748575937153	0.757	0.629	0.0132198267030389
reep5	9.60676094976897e-07	0.387911957872447	0.708	0.609	0.0139586236600143
sh3glb2b	9.73253699238782e-07	0.319975503138501	0.347	0.204	0.0141413762499395
creb3l3l	9.87850224242356e-07	0.464904137047644	0.381	0.243	0.0143534637582414
eml2	1.0024917546083e-06	0.440196673251158	0.153	0.067	0.0145662051944586
MED9	1.05789623167197e-06	0.44392382380562	0.396	0.277	0.0153712322461937
rcc2	1.06875406502145e-06	0.478208358883065	0.53	0.394	0.0155289965647617
ywhaba	1.11723229192657e-06	0.344279643834232	0.861	0.84	0.0162333852016931
ubb	1.13028350259505e-06	0.598206349746874	0.782	0.694	0.016423019292706
tmem9b	1.20822470295194e-06	0.369900902562576	0.351	0.217	0.0175555049338917
ak4	1.21033131459509e-06	0.401402198384233	0.238	0.127	0.0175861140010667
nsun2	1.29613093721076e-06	0.299222429177186	0.183	0.088	0.0188327825176723
rdh14b	1.31127129363503e-06	0.303514353263006	0.134	0.055	0.019052771896517
psma3	1.58806362560238e-06	0.377488498814943	0.728	0.647	0.0230745644800025
mpc1	1.64602491244328e-06	0.457613765163944	0.535	0.432	0.0239167419778009
scml2	1.67007704065919e-06	0.414821459781955	0.297	0.18	0.024266219400778
evla	1.67539784519459e-06	0.281815529292418	0.183	0.086	0.0243435306906773
dedd1	1.72772764397146e-06	0.394079397123622	0.391	0.256	0.0251038826669053
chm	1.75159050745976e-06	0.372809514488768	0.223	0.117	0.0254506100733904
rasal2	1.85435675558405e-06	0.275605213743174	0.149	0.063	0.0269438036586363
jun	1.8726886924503e-06	0.416073675175861	0.896	0.836	0.0272101667013028
stk11	1.9160006913813e-06	0.335571780292181	0.272	0.156	0.0278394900457703
ptp4a2a	1.925353164839e-06	0.458704021026343	0.45	0.326	0.0279753814851107
bnc2	1.98520293556881e-06	0.412477299322818	0.114	0.043	0.0288449986538147
dnajb11	2.00788883598539e-06	0.467332969218185	0.436	0.308	0.0291746247868678
nudt17	2.09876608345225e-06	0.263783571516056	0.134	0.055	0.0304950711925612
ppp2r1bb	2.15714117024457e-06	0.405402922944882	0.411	0.295	0.0313432612036537
csnk2b	2.26455676462289e-06	0.300063335190038	0.861	0.785	0.0329040097899706
ero1b	2.28659237508302e-06	0.341037215183379	0.233	0.124	0.0332241872099563
agpat2	2.29080689204798e-06	0.388784603036476	0.203	0.104	0.0332854241414572
hnrnpc	2.32836849689783e-06	0.299447304924893	0.51	0.369	0.0338311942599254
ndufb8	2.3285429642998e-06	0.324999198483664	0.743	0.688	0.0338337292712761
znf576.1	2.54042739675075e-06	0.303404917360767	0.134	0.056	0.0369124100747884
psmd7	2.66057029674541e-06	0.395781935149636	0.653	0.567	0.0386580864117108
gid8a	2.77823207816427e-06	0.406632237874955	0.287	0.175	0.0403677120957269
cul3b	2.8029668199959e-06	0.288524859071938	0.238	0.127	0.0407271078945404
sumo1	2.81250917482337e-06	0.385894342424686	0.649	0.555	0.0408657583101836
mindy3	2.81854093327923e-06	0.406670506508349	0.188	0.094	0.0409533997605472
ywhaz	2.86409971028808e-06	0.423617405849911	0.743	0.674	0.0416153687904858
gnb2	2.91413725379775e-06	0.28110030865327	0.158	0.07	0.0423424142976814
emc1	2.97766664612228e-06	0.300842026073214	0.198	0.101	0.0432654963681568
hnrnpr	3.08709997963509e-06	0.354714483538403	0.441	0.312	0.0448555627040979
phax	3.11491520834033e-06	0.330931516948387	0.218	0.117	0.0452597179771849
snx14	3.16421460620804e-06	0.296813630248102	0.173	0.082	0.0459760382282029
b4galt6	3.22018091609572e-06	0.360872746687466	0.332	0.209	0.0467892287108708
usp14	3.24201962090084e-06	0.344304106746824	0.322	0.203	0.0471065450916893
calr3b	3.28249533407504e-06	0.506225160486063	0.53	0.416	0.0476946572041103
nsfl1c	3.37146242133479e-06	0.345295065536668	0.515	0.389	0.0489873489819944
