gene	p_val	avg_log2FC	pct.1	pct.2	p_val_adj
aqp9b	2.97398185157762e-205	0.764589699877528	0.356	0.004	4.32119563034229e-201
aldh1a2	2.38651130128913e-94	2.05856030627373	0.701	0.073	3.4676009207731e-90
fgf10a	1.65672391012947e-83	0.90821318303295	0.563	0.051	2.40721984141812e-79
rdh10a	3.40291128994007e-78	2.0903561940016	0.655	0.079	4.94443010428291e-74
sfrp5	2.06327998698283e-58	0.8378950765504	0.483	0.053	2.99794582108605e-54
mrrf	4.88880454442227e-58	1.0187777481579	0.655	0.103	7.10343300304556e-54
prdm1a	1.07639050679414e-55	0.958803099988011	0.632	0.095	1.56399540637189e-51
meis3	8.97530704766479e-51	0.669803241446943	0.425	0.047	1.30411211402569e-46
rbp5	2.16125220467336e-45	1.32720592578337	0.943	0.274	3.14029945339039e-41
lin28a	2.93237536384536e-43	0.772357185763529	0.701	0.141	4.2607414036673e-39
rbpms2b	8.34247387333993e-43	0.604585429650161	0.287	0.026	1.21216145379629e-38
grem2b	1.07689137834129e-42	0.837402362389695	0.563	0.096	1.5647231727299e-38
CABZ01075125.1	1.10652217091029e-38	0.702065567534079	0.563	0.1	1.60777671433266e-34
FP236812.1	6.12323621750395e-38	1.86594210217189	0.839	0.258	8.89706222403324e-34
errfi1a	3.38994991750156e-37	0.797633015736019	0.598	0.119	4.92559723012976e-33
rpl26	2.82117811869338e-36	0.809232250405905	0.805	0.212	4.09917180646148e-32
rpl10a	9.59436439670496e-36	0.687509293136462	1	0.997	1.39406114684123e-31
kdrl	1.55448042365875e-35	0.314744055825731	0.207	0.016	2.25866005557616e-31
rpl12	1.5636212052086e-34	0.777452676275387	1	0.997	2.27194161116809e-30
mpped2	1.80658378954478e-34	0.961673321285384	0.678	0.161	2.62496624620857e-30
fblim1	1.56325601977594e-33	0.328883905692845	0.264	0.027	2.27141099673444e-29
rpl13a	2.808303750016e-33	0.731985761360251	1	0.996	4.08046534877324e-29
pdlim1	1.01704819240285e-32	0.923812830984975	0.77	0.214	1.47777102356134e-28
eef1b2	1.36027073895452e-32	0.714066385295231	1	0.996	1.97647338370092e-28
flna	6.43363834472127e-32	0.652508282620323	0.471	0.086	9.34807651488e-28
rpl13	1.28915647768392e-31	0.632993569476017	1	0.996	1.87314436207474e-27
rps4x	1.33952652766489e-31	0.59560989896935	1	0.998	1.94633204469708e-27
rps3a	1.41796386465959e-31	0.623968455000647	1	0.998	2.06030149535038e-27
xirp2a	1.550237413848e-31	0.691994148893638	0.448	0.081	2.25249496232115e-27
efna1b	1.55974578253782e-31	0.461925739353417	0.471	0.084	2.26631062202746e-27
lima1a	2.0826751524951e-31	0.883893837876461	0.632	0.151	3.02612699657539e-27
rpl9	2.57005722389979e-31	0.614257469205688	1	0.998	3.7342931463264e-27
rps9	3.36699088346058e-31	0.593127657327881	1	0.999	4.89223775366822e-27
cyp27c1	4.21952554804903e-31	0.591601139196723	0.172	0.013	6.13097062131525e-27
rpl21	1.04526466132018e-30	0.630132152190656	1	0.998	1.51876955289823e-26
rpl17	1.05987298922056e-30	0.627508758035019	1	0.998	1.53999545333747e-26
rps3	2.10246182456553e-30	0.638596300782982	1	0.997	3.05487703109371e-26
rps11	1.11647892472014e-29	0.60515838449153	1	0.998	1.62224387761836e-25
rplp0	1.36964420837433e-29	0.513646360524842	1	0.999	1.9900930347679e-25
si:ch211-222l21.1	2.62978205694524e-29	1.29030003355383	1	0.829	3.82107332874143e-25
rpl4	5.18134344262573e-29	0.672203689291517	1	0.989	7.52849202213518e-25
hsp90ab1	6.15644724583885e-29	0.629576640264111	1	0.998	8.94531784820385e-25
rpl24	9.35186546636733e-29	0.568689198860659	1	0.999	1.35882605226317e-24
rpl8	1.40955681854204e-28	0.47250470680727	1	1	2.04808605734158e-24
rack1	1.59223524929677e-28	0.512029441949405	1	0.999	2.3135178172282e-24
rps8a	3.90230072015788e-28	0.545142963879092	1	0.998	5.67004294638939e-24
ybx1	4.16089088709293e-28	0.635575040803688	1	0.998	6.04577445894602e-24
rpl10	8.02373990880856e-28	0.470576609436745	1	0.999	1.16584940874988e-23
rpl6	8.50727717155459e-28	0.557547233653559	1	0.999	1.23610737302688e-23
ociad2	1.07740267254134e-27	0.548320596060705	0.563	0.13	1.56546608320257e-23
rps14	1.25180782525705e-27	0.598564290593059	1	0.998	1.8188767700985e-23
sall4	1.74493993993421e-27	0.728109174613103	0.506	0.109	2.5353977327244e-23
gata5	1.96470162975923e-27	0.262857727943526	0.172	0.015	2.85471146804016e-23
zgc:56699	3.31537607528739e-27	0.512470708483029	0.46	0.094	4.81724143739258e-23
rps27a	3.40592823158806e-27	0.589464554738427	1	0.998	4.94881372049745e-23
rpl15	6.45732237630859e-27	0.494869579550405	1	0.999	9.38248941277638e-23
ms4a17a.3.1	2.392363938317e-26	0.348819056169034	0.195	0.02	3.4761048023746e-22
meis1a	4.47378364521282e-26	0.855426926028091	0.678	0.201	6.50040763649423e-22
rps24	5.7858554532713e-26	0.536094129412805	1	0.998	8.40684797360319e-22
lhx6	9.26559376980851e-26	0.623228908603	0.448	0.093	1.34629077475318e-21
rps5	1.03474991327747e-25	0.472376806967884	1	0.998	1.50349162399216e-21
rpl7a	1.73950283920041e-25	0.456536479199879	1	1	2.5274976253582e-21
rpl28	2.17491119645184e-25	0.518077895838649	1	0.998	3.16014596844452e-21
rpl11	2.17491293179989e-25	0.471045402171611	1	0.999	3.16014848990524e-21
prrx1b	2.38569683394092e-25	0.707626934374575	0.724	0.212	3.46641749971615e-21
rps15a	2.88958109317348e-25	0.461543380493617	1	0.999	4.19856132838107e-21
rpl23	3.14182525060632e-25	0.525130135721482	1	0.999	4.56507208913098e-21
rps6	3.20380645292299e-25	0.454878489028806	1	0.999	4.65513077609711e-21
rpl23a	4.01683700088681e-25	0.617008195537916	1	0.995	5.83646416228854e-21
rpl5b	5.16861033075496e-25	0.650689911337881	1	0.973	7.50999081058696e-21
f3a	5.76197940356828e-25	0.407655961996089	0.31	0.05	8.37215607338471e-21
rps10	8.2107826820882e-25	0.536094882881948	1	0.996	1.19302672370741e-20
sox7	3.51092867290055e-24	0.348063173894796	0.184	0.019	5.10137936172449e-20
pbx1a	3.80800662778904e-24	0.519578089524704	0.759	0.223	5.53303363017747e-20
rps7	6.91916703000852e-24	0.475977068814111	1	0.998	1.00535496946024e-19
rpl5a	7.27597129060627e-24	0.686718851310156	1	0.964	1.05719862852509e-19
msx2b	7.56439616671625e-24	0.658123181720791	0.575	0.152	1.09910676302387e-19
rasl11a	7.89428215520201e-24	0.512725782505835	0.368	0.072	1.14703919715085e-19
rpl27	8.80187726921298e-24	0.488446151110702	1	0.997	1.27891276721665e-19
zgc:165555	9.83451560236455e-24	0.337320194932957	0.241	0.032	1.42895511702357e-19
eif4ebp3l	1.03722182261034e-23	0.936892890575928	0.828	0.319	1.50708330825283e-19
meis2a.1	1.08375159619329e-23	0.501531752978568	0.747	0.225	1.57469106926885e-19
slc16a9b	1.29593871044058e-23	0.806644759364915	0.701	0.219	1.88299894627016e-19
rps18	1.42198623568616e-23	0.458329152019949	1	0.997	2.06614600045198e-19
lepa	1.45668123908563e-23	0.885188988871649	0.667	0.205	2.11655784039142e-19
slc25a18	1.49145086020546e-23	0.390726649864322	0.402	0.08	2.16707809987854e-19
odc1	2.82787511559963e-23	1.22946376269542	0.862	0.382	4.10890254296626e-19
si:dkey-23a13.22	3.35523896890782e-23	0.589951327573327	0.46	0.105	4.87516222182306e-19
rpl36a	8.59954758627177e-23	0.464365726017103	1	0.998	1.24951426428529e-18
hoxb6a	1.01204654918529e-22	0.27082598510576	0.517	0.126	1.47050363596622e-18
eef2b	1.48442507408677e-22	0.586825418437488	1	0.986	2.15686963264807e-18
rps23	2.18201515744676e-22	0.510430425412593	1	0.996	3.17046802377015e-18
pfkfb4b	2.37221776676079e-22	0.874615183799728	0.586	0.184	3.44683241510343e-18
rps19	2.61359166444374e-22	0.390071248546961	1	0.999	3.79754868843676e-18
rps15	3.03271753269729e-22	0.438509762220286	1	0.998	4.40653857500917e-18
nme2b.1	4.06342639740492e-22	0.500912323912201	1	0.994	5.90415855542934e-18
gsc	5.10890656458522e-22	0.926558901007362	0.609	0.189	7.42324123834233e-18
rpl30	7.01017144011941e-22	0.473711026991061	1	0.996	1.01857791024935e-17
txnipa	7.70697670823062e-22	0.849224714773682	0.885	0.375	1.11982371570591e-17
si:ch211-286o17.1	2.15897349944913e-21	0.835042231018009	0.874	0.361	3.13698849469958e-17
rplp2l	2.19123505293497e-21	0.464813123991721	1	0.998	3.18386453191452e-17
khdrbs1a	2.24003654368968e-21	0.798052509273071	1	0.924	3.25477309798111e-17
apln	3.38440591667514e-21	0.526196711815042	0.483	0.121	4.91754179692898e-17
tgif1	4.07688280575088e-21	0.690505910517679	0.92	0.411	5.92371071675603e-17
rps13	6.05562050567823e-21	0.426223826556789	1	0.999	8.79881659475047e-17
rps2	1.08437432891237e-20	0.362311633591082	1	1	1.57559589990967e-16
sgk1	1.59110157878069e-20	0.622746016952011	0.563	0.166	2.31187059396834e-16
rpl14	1.91414811430269e-20	0.63264695385489	1	0.966	2.7812572100818e-16
rplp1	2.1102032846609e-20	0.393707345311304	1	0.999	3.06612537261228e-16
cirbpb	3.45780761342648e-20	0.709211663224913	1	0.986	5.02419446230867e-16
rps16	3.52034486842247e-20	0.416644877660711	1	0.999	5.11506109381784e-16
rpl38	4.41429444879036e-20	0.507038450717792	1	0.988	6.4139698340924e-16
h2afvb	4.87073977130554e-20	0.828367815462905	1	0.892	7.07718488770696e-16
si:dkeyp-44a8.4	5.24948095348635e-20	0.363007632332462	0.391	0.087	7.62749582541566e-16
rpl7	5.37566119990093e-20	0.398547266393619	1	0.999	7.81083572345605e-16
SBNO2	6.56527905727872e-20	0.497453485434678	0.517	0.14	9.53935047022598e-16
rpl35	1.32237956788384e-19	0.39418526334708	1	0.999	1.92141751213522e-15
snrpb	3.07953578042976e-19	0.759414180053158	1	0.733	4.47456548896444e-15
sinhcaf	3.53110334592261e-19	0.451611731070033	0.621	0.187	5.13069316162556e-15
glula	3.7068027576058e-19	0.393718924030467	0.471	0.125	5.38598440680122e-15
rpl22l1	4.94320408063856e-19	0.603900575188051	1	0.953	7.18247552916783e-15
rpl31	7.16304193330936e-19	0.543370152270299	1	0.993	1.04078999290985e-14
RPS17	7.18469010521523e-19	0.445533769049749	1	0.996	1.04393547228777e-14
twist1b	7.20697220260685e-19	0.775037600657398	0.736	0.274	1.04717306103878e-14
rpl18	7.46791913500216e-19	0.36345378347673	1	0.999	1.08508865031581e-14
iqgap2	7.62502772561498e-19	0.278575132638479	0.207	0.03	1.10791652853186e-14
mllt3	1.33168443130246e-18	0.305767105183796	0.23	0.037	1.93493747868248e-14
rps25	1.60644399568005e-18	0.469589270718669	1	0.996	2.33416312572312e-14
uba52	2.18325414613709e-18	0.533004309189453	1	0.982	3.1722682743372e-14
ran	2.81587196711747e-18	0.613039105160545	1	0.967	4.09146196822169e-14
rps12	3.54977496368265e-18	0.395670826785539	1	0.999	5.15782302223089e-14
sat1a.2	1.08108102406621e-17	0.720846673612295	0.966	0.569	1.57081072796821e-13
six4a	1.16455627192978e-17	0.383074436466271	0.414	0.104	1.69210026311397e-13
hnrnpa0l	1.21217821986519e-17	0.671082582930296	1	0.936	1.76129495346412e-13
cecr2	1.98419063123191e-17	0.250132969268307	0.184	0.026	2.88302898717997e-13
eif5a2	2.5257509664411e-17	0.658454133432464	1	0.841	3.66991615423891e-13
ms4a17a.11	3.65722867025788e-17	0.652896759224706	0.701	0.256	5.3139532578847e-13
mafbb	4.53929857975397e-17	0.476804080757208	0.253	0.047	6.59560083638252e-13
eif3ba	5.70478573823811e-17	0.661994572008222	1	0.802	8.28905367765998e-13
dlx2a	6.07517099526888e-17	0.407659343762685	0.471	0.133	8.82722345612568e-13
lbx2	6.47710816440694e-17	0.347044483808354	0.264	0.051	9.41123816288328e-13
rps29	7.07471905493627e-17	0.409846462697313	1	0.995	1.02795667868224e-12
ms4a17a.4	8.53669410924426e-17	0.319231252183629	0.23	0.041	1.24038165407319e-12
faua	1.04031416142704e-16	0.360839485231478	1	0.997	1.51157647655348e-12
lrrc20	1.11403861286656e-16	0.440911137959777	0.54	0.169	1.61869810449511e-12
mfap2	1.59222596549514e-16	0.540048626795267	0.977	0.499	2.31350432786444e-12
serbp1a	1.77952389646368e-16	0.596332155305125	1	0.924	2.58564822156173e-12
glipr2l	1.91292334299516e-16	0.389730424034033	0.414	0.109	2.77947761737197e-12
eef1g	2.24445160247202e-16	0.463779141675364	1	0.991	3.26118817839185e-12
zgc:112234.2	2.43446179570389e-16	0.441014911392829	0.207	0.035	3.53727298915775e-12
cyyr1	2.81621240161256e-16	0.614218512136987	0.621	0.222	4.09195661954305e-12
hspa8	3.06754043735087e-16	0.343581763101271	1	1	4.45713625547081e-12
rpl18a	3.38164134450786e-16	0.33717763519713	1	1	4.91352487356992e-12
junbb	3.44870448654165e-16	0.678346977192372	0.816	0.368	5.01096761894502e-12
zgc:171759	4.28179070172288e-16	0.826036525930502	0.379	0.103	6.22144188960334e-12
cirbpa	4.59570690493254e-16	0.694930396250159	1	0.941	6.67756213286699e-12
hmga1a	5.14935003854033e-16	0.797642685844857	1	0.885	7.4820056059991e-12
sdad1	9.53266016054555e-16	0.345792757960817	0.448	0.127	1.38509552132727e-11
rsl1d1	1.49909446631488e-15	0.535157291943081	0.69	0.26	2.17818425955552e-11
klf7b	1.52947032891213e-15	0.374614296821701	0.701	0.245	2.22232038790933e-11
ahcy	1.65326186960916e-15	0.678511013868502	0.977	0.593	2.4021894965421e-11
hmgn6	2.28148096284542e-15	0.617442980684983	1	0.858	3.3149918390144e-11
ndufaf7	2.62469961852485e-15	0.274151562452784	0.207	0.036	3.8136885457166e-11
rgl1	2.7092253864511e-15	0.456403574789197	0.586	0.202	3.93650448651345e-11
zgc:101016	3.17800235192711e-15	0.294491992908546	0.333	0.08	4.61763741735009e-11
crls1	4.00455650588413e-15	0.371425454862341	0.379	0.102	5.81862060304965e-11
lhfpl2a	6.51301744778779e-15	0.409829826138181	0.506	0.16	9.46341435163566e-11
cct8	7.90797506983148e-15	0.637143545913571	0.989	0.712	1.14902877764651e-10
thoc5	8.78608074444688e-15	0.367528289288985	0.506	0.159	1.27661753216813e-10
kazald2	9.20162659131408e-15	0.342671737895294	0.23	0.045	1.33699634371794e-10
tpm4a	1.44450589279212e-14	0.600035436849751	0.989	0.563	2.09886706222695e-10
tmeff2a	1.45836495562407e-14	0.28267315225124	0.287	0.065	2.11900428052178e-10
msantd1	1.47594802734367e-14	0.349375853002704	0.253	0.054	2.14455248373035e-10
zgc:154093	1.68483988450476e-14	0.384599966756974	0.287	0.067	2.44807235218541e-10
COX7A2 (1 of many)	1.70919603382919e-14	0.433852176060021	0.471	0.148	2.48346183715382e-10
rpl39	2.58368220358867e-14	0.309166113217719	1	0.999	3.75409024181434e-10
hmgb2b	2.88132956703927e-14	0.776110942399966	1	0.803	4.18657186090806e-10
apela	2.94272773535454e-14	0.499539609663222	0.195	0.035	4.27578339947015e-10
ppp1r3b	3.13070894706747e-14	0.414907093704135	0.31	0.079	4.54892010008904e-10
prdx2	3.18865758771089e-14	0.313327517670783	1	0.875	4.63311947494392e-10
si:dkey-239h2.3	3.55560100507375e-14	0.46340681104468	0.644	0.234	5.16628826037216e-10
TXN	3.9803039685228e-14	0.549885143481198	1	0.917	5.78338166626362e-10
pdgfba	4.42262275902512e-14	0.279756168200554	0.23	0.046	6.4260708688635e-10
ilf2	5.00641735810927e-14	0.597126399010093	1	0.706	7.27432442133278e-10
il6st	5.10496733574877e-14	0.316323378558163	0.471	0.144	7.41751753884297e-10
rps26l	8.01911370092935e-14	0.398593187479317	1	0.995	1.16517722074504e-09
rpl3	8.30085339729244e-14	0.3386717058585	1	0.999	1.20611399862659e-09
snrpf	8.84309033646347e-14	0.644453059744047	0.977	0.608	1.28490102588814e-09
utp6	8.8495720321674e-14	0.313475289727946	0.414	0.12	1.28584281627392e-09
eif3s6ip	9.98372007517396e-14	0.579089768672497	0.966	0.673	1.45063452692278e-09
histh1l	1.01180319637263e-13	0.649090220222456	1	0.937	1.47015004432943e-09
eif3i	1.17466786792035e-13	0.561447687666219	1	0.775	1.70679241208827e-09
snrpg	1.20658396553575e-13	0.67465755743179	0.954	0.553	1.75316650192344e-09
rras	1.2881457422573e-13	0.423167113620019	0.69	0.271	1.87167576349986e-09
zc3h4	1.34581774572747e-13	0.36710616302855	0.402	0.118	1.95547318454202e-09
midn	1.46320436369725e-13	0.825356919578596	0.862	0.475	2.1260359404521e-09
ms4a17a.2	1.58001225205465e-13	0.254133226272292	0.184	0.033	2.29575780223541e-09
ppp1r3ca	1.76834223453379e-13	0.285168865481696	0.276	0.065	2.5694012667776e-09
gadd45ab	2.92331000378698e-13	0.307232827451766	0.69	0.263	4.24756943550248e-09
eif3ha	3.05869065288376e-13	0.590895237043672	0.977	0.666	4.4442775186401e-09
sinhcafl.1	3.78060967055601e-13	0.707580438901184	0.77	0.365	5.49322585131789e-09
ppid	5.8328775392967e-13	0.588351093943046	0.862	0.452	8.4751710645981e-09
robo3	6.43226094099228e-13	0.263383886366374	0.287	0.071	9.34607514726178e-09
ccnd1	8.92433874213123e-13	0.437466196044326	0.816	0.358	1.29670641923167e-08
tspan7	9.13408377813105e-13	0.548373580261107	0.908	0.465	1.32718237296244e-08
rpl19	9.25097345476241e-13	0.267380208612481	1	0.999	1.34416644297698e-08
rpl32	9.61192120562687e-13	0.305806842448225	1	0.999	1.39661215117758e-08
si:dkey-151g10.6	1.02503819297073e-12	0.2820124086353	1	1	1.48938049438647e-08
fn1a	1.46076979905013e-12	0.256834587350712	0.276	0.068	2.12249851801984e-08
fthl31	1.58364439022074e-12	0.281365673844661	0.391	0.12	2.30103529899073e-08
dut	1.63584236188975e-12	0.379980738358901	0.69	0.271	2.3768789518258e-08
eif3ea	1.65618465364016e-12	0.514782313148384	0.989	0.879	2.40643630173915e-08
snrpe	1.79486866382678e-12	0.563909625847026	0.977	0.616	2.60794416854031e-08
rpsa	1.8904675765247e-12	0.303659724613244	1	1	2.74684938869039e-08
zgc:114046	1.90080535927552e-12	0.412980883283163	0.264	0.066	2.76187018702733e-08
zgc:113983	1.98812280432127e-12	0.263762597648248	0.241	0.055	2.8887424346788e-08
ddx21	2.08361441936506e-12	0.424779154078928	0.759	0.321	3.02749175133743e-08
spry4	2.18976222591045e-12	0.484459175866232	0.655	0.27	3.18172451424788e-08
si:dkey-83k24.5	2.26057855321897e-12	0.357618977207488	0.23	0.052	3.28462063782716e-08
rps27.1	2.37594409927477e-12	0.292556280290248	1	0.998	3.45224677624624e-08
ppih	2.42228941018363e-12	0.410346213787601	0.655	0.263	3.51958651299681e-08
kri1	2.451216636985e-12	0.345512188395352	0.402	0.126	3.56161777353921e-08
apex1	3.6676302328188e-12	0.595537696194581	0.759	0.355	5.32906672828571e-08
eif3k	4.19796066644973e-12	0.576075443912544	0.977	0.56	6.09963684835145e-08
ddx39ab	4.27453887526012e-12	0.576843715320748	0.966	0.608	6.21090498575296e-08
cebpb	5.08693590348332e-12	0.492908467982597	0.931	0.553	7.39131786776127e-08
wdr43	7.83060063128721e-12	0.401404681983479	0.609	0.242	1.13778627172603e-07
irf2bp2b	9.22275700944777e-12	0.423232084156518	0.966	0.534	1.34006659347276e-07
si:dkey-102m7.3	9.55196527445545e-12	0.348546029109489	0.586	0.223	1.38790055437838e-07
cd3eap	1.00878395348534e-11	0.359383690016363	0.494	0.178	1.4657630844142e-07
foxp4	1.06493836879072e-11	0.431557271231789	0.805	0.372	1.54735544985291e-07
rpl35a	1.1285169830784e-11	0.290699786714023	1	0.998	1.63973517641292e-07
zfand5a	1.56480701900016e-11	0.416350048940906	0.805	0.383	2.27366459860723e-07
tmem107.1	1.64901045832012e-11	0.307023151978149	0.425	0.141	2.39601219593914e-07
fabp3	1.66890379461534e-11	0.307410864886549	1	0.753	2.42491721357609e-07
emg1	1.98803805481079e-11	0.30830222672672	0.402	0.132	2.88861929364008e-07
wu:fj16a03	2.15261758475225e-11	0.370493323911015	0.172	0.034	3.12775335064503e-07
zgc:154164	2.22175362352655e-11	0.470674135651834	0.299	0.085	3.22820801498408e-07
trim71	2.26656106879858e-11	0.412743693387697	0.747	0.336	3.29331323296434e-07
ackr3b	3.60456748165459e-11	0.493737577977736	0.471	0.179	5.23743655084412e-07
snrpd1	4.26323968894436e-11	0.507102329616517	0.977	0.575	6.19448726803616e-07
eef1a1l1	4.45169942607371e-11	0.253183897047647	1	1	6.46831926608509e-07
rps17	4.52385211754265e-11	0.337385157481254	1	0.989	6.57315712678947e-07
pdgfra	7.42428365662807e-11	0.288378632590919	0.333	0.102	1.07874841530806e-06
inip	7.4676103776979e-11	0.397785391048435	0.621	0.255	1.0850437878795e-06
rps21	7.9585996507401e-11	0.27741564669065	1	0.997	1.15638452925254e-06
rpl34	8.06817918175171e-11	0.292537151507537	1	0.999	1.17230643510852e-06
dvl2	8.42308326948624e-11	0.388782598211113	0.552	0.218	1.22387399905635e-06
ssrp1a	8.76713953614798e-11	0.412989808979472	0.632	0.262	1.2738653746023e-06
hnrnpa1b	1.14985703149792e-10	0.555246478414163	0.966	0.622	1.67074226676648e-06
ola1	1.41758366072076e-10	0.552381860107019	0.954	0.654	2.05974905902726e-06
ier5	1.53045404489803e-10	0.440839707061915	0.966	0.588	2.22374972723684e-06
tsr2	1.952356456811e-10	0.329138146451977	0.46	0.172	2.83677393174639e-06
pebp1	2.88975004733695e-10	0.305702525359583	0.483	0.182	4.19880681878059e-06
lta4h	2.92658639913487e-10	0.260644860839751	0.356	0.116	4.25233003794296e-06
adam8a	2.98847721681309e-10	0.433557430630958	0.402	0.145	4.34225739602942e-06
cxcl8a	3.01460167456049e-10	0.559636754249095	0.126	0.022	4.38021623313639e-06
noc4l	3.13520727918865e-10	0.250441190321606	0.31	0.094	4.5554561766611e-06
sf3b4	3.5607404623456e-10	0.454647981553354	0.69	0.318	5.17375589178816e-06
ptpn13	3.94156156558478e-10	0.271932243611251	0.172	0.037	5.72708895479469e-06
phldb2b	4.21787658159416e-10	0.366141923548455	0.299	0.091	6.12857467305631e-06
kpnb1	5.07898433622796e-10	0.33857626602678	0.632	0.274	7.37976424053922e-06
rrp7a	5.76796658373176e-10	0.306546155338769	0.333	0.109	8.38085544616224e-06
mrps35	5.85560795390845e-10	0.282585244093164	0.437	0.159	8.50819835702898e-06
snrpa1	7.3918167567986e-10	0.394008175220014	0.759	0.348	1.07403097476284e-05
zgc:162025	7.99348098443461e-10	0.313689845730095	0.402	0.147	1.16145278703835e-05
si:dkey-23i12.7	9.37625450714456e-10	0.2963780681554	0.563	0.24	1.3623697798881e-05
cnn3a	9.70150471026456e-10	0.582290626359808	0.92	0.55	1.40962863440144e-05
rcc2	1.01181590264284e-09	0.38830681585966	0.782	0.392	1.47016850654005e-05
gar1	1.01737437051642e-09	0.404321445237408	0.598	0.26	1.47824496036036e-05
ccdc58	1.04969212810154e-09	0.325624785306595	0.345	0.12	1.52520266213154e-05
lmo4a	1.07633598328601e-09	0.301595353364562	0.598	0.252	1.56391618371457e-05
npm3	1.31501787958274e-09	0.345997547601253	0.678	0.3	1.91072097903373e-05
amotl2a	1.34295402772745e-09	0.264277122263347	0.333	0.111	1.95131220228798e-05
srsf10b	1.62639538372689e-09	0.288448931886553	0.598	0.244	2.36315249255517e-05
rbms1a	1.79770186776241e-09	0.3493282500971	0.529	0.218	2.61206081385878e-05
nop58	1.83469476995553e-09	0.313781302762615	0.793	0.372	2.66581150074539e-05
hmgn2	1.96796857716662e-09	0.465664416245671	1	0.959	2.85945834262311e-05
si:dkey-42i9.4	2.03777262505597e-09	0.46655404309819	0.977	0.703	2.96088362420632e-05
pfdn5	2.18302776667409e-09	0.42649226080969	0.839	0.426	3.17193934497746e-05
snu13b	2.61026492063915e-09	0.434850294896911	0.839	0.455	3.79271492968869e-05
bysl	2.61046093586972e-09	0.431561305584986	0.54	0.239	3.7929997398187e-05
pa2g4a	3.09398408848328e-09	0.408615657748037	0.736	0.366	4.49555888056621e-05
slc20a1b	3.14951134374925e-09	0.286373459112365	0.529	0.22	4.57623998246766e-05
klf6a	3.18135965531424e-09	0.379649454928363	0.989	0.689	4.62251557917159e-05
sae1	3.38002117519243e-09	0.403679776050046	0.609	0.276	4.9111707675546e-05
magoh	3.59329138343859e-09	0.3616036321856	0.862	0.438	5.22105238013627e-05
vmp1	3.65732271451732e-09	0.341531190291393	0.345	0.121	5.31408990419367e-05
rpl22	3.73411635990234e-09	0.283383767271423	1	0.994	5.4256710709381e-05
zgc:173587	3.90132467355212e-09	0.425261509578464	0.241	0.071	5.66862475067123e-05
tenm3	4.7669292166144e-09	0.25778329144364	0.552	0.228	6.92634815174072e-05
eif5a	5.06125623709154e-09	0.301350945724907	1	0.986	7.35400531249401e-05
rcor2	5.27738982670423e-09	0.264268703245196	0.379	0.137	7.66804741820124e-05
sumo3b	6.42237125477966e-09	0.411263456783634	0.908	0.525	9.33170543319485e-05
anxa3b	6.97441695178385e-09	0.549116474984635	0.632	0.315	0.000101338278309419
mrpl36	7.73394779749584e-09	0.296423908148441	0.575	0.251	0.000112374261497615
rps26	7.89636633289558e-09	0.272507674437261	1	0.993	0.000114734202816973
idh2	7.96705395952461e-09	0.414876545922067	0.989	0.784	0.000115761294031893
cdca7b	8.35516620931133e-09	0.270827225594406	0.46	0.182	0.000121400565021294
uck2b	8.69774872365509e-09	0.312657728694243	0.828	0.413	0.000126378288954708
hars	9.11985862460162e-09	0.346865361915653	0.736	0.365	0.000132511545815461
cct5	1.04375658564622e-08	0.424989478960983	0.989	0.838	0.000151657831894396
si:ch211-217k17.7	1.15940877349542e-08	0.360408313447556	0.471	0.2	0.000168462094788884
mcm4	1.27184794058545e-08	0.349171892062969	0.563	0.25	0.000184799505767066
wdr3	1.45301125868044e-08	0.271481281061689	0.333	0.12	0.000211122535886268
nop2	1.79196244972961e-08	0.274874173364026	0.425	0.169	0.000260372143945712
si:dkey-44g23.5	1.89427672372989e-08	0.264414625916814	0.287	0.096	0.000275238407957953
metap1	1.91669255197568e-08	0.288148633501941	0.54	0.231	0.000278495427802067
smarca5	2.03904241857291e-08	0.308833745048274	0.54	0.232	0.000296272863418644
taf15	2.1408258273995e-08	0.395812030564389	0.943	0.539	0.000311061992721148
ppm1g	2.20037587257878e-08	0.35844885789245	0.644	0.305	0.000319714614285697
elmsan1b	2.23172736836582e-08	0.255256791980121	0.414	0.16	0.000324269986623553
lig1	2.57289735905758e-08	0.320196276054347	0.54	0.238	0.000373841986271066
lsg1	2.65443374430905e-08	0.257043335932495	0.241	0.075	0.000385689223048104
nr2f6b	2.66041980510931e-08	0.258778836875025	0.54	0.233	0.000386558997682383
cct4	2.77987453747045e-08	0.452783570018183	0.989	0.762	0.000403915770294456
mrps6	2.83566086906864e-08	0.380337070823266	0.69	0.341	0.000412021524275674
si:ch73-281n10.2	2.98955913704402e-08	0.319938489427025	1	0.85	0.000434382942612496
h2afx1	3.07287097007939e-08	0.478218172623331	0.989	0.922	0.000446488151952535
tomm20a	3.22724137434901e-08	0.322028088203202	0.563	0.256	0.000468918171692911
cox6b1	3.90015573446884e-08	0.31934452315164	0.483	0.211	0.000566692628218322
PLEKHH3	4.26978659512532e-08	0.334114009950606	0.31	0.112	0.00062039999227171
nhp2	4.3334399926661e-08	0.313786472898727	0.655	0.309	0.000629648830934384
rfc5	4.63616175514004e-08	0.269357592283812	0.494	0.208	0.000673634303021847
zgc:171480	4.64629927046625e-08	0.324093309074282	0.425	0.177	0.000675107283998746
cyp26a1	4.78471327705253e-08	0.381437555646902	0.31	0.112	0.000695218839155733
pcna	4.80089591836557e-08	0.30587180868065	0.747	0.387	0.000697570176938517
abcf1	4.88756249377268e-08	0.340024732545121	0.759	0.386	0.000710162830345171
eif1axa	4.91175274437288e-08	0.252538594037165	0.644	0.293	0.000713677673757379
pim1	5.15475039393254e-08	0.337542812914291	0.816	0.499	0.000748985232238399
gspt1l	5.63912834098265e-08	0.308474324199765	0.575	0.263	0.000819365347944779
psmc1b	5.7246749122717e-08	0.34778214425167	0.667	0.334	0.000831795264753077
rbm28	6.42129163436422e-08	0.253731076423528	0.575	0.259	0.000933013674473122
zgc:110425	7.44343047488892e-08	0.260758432224692	0.379	0.149	0.00108153044800136
npm1a	7.51126197079845e-08	0.290466573492014	0.782	0.411	0.00109138636435701
gemin8	7.62681465350073e-08	0.258720787893532	0.448	0.189	0.00110817616915366
cct3	7.6981098357938e-08	0.420980181364826	0.931	0.722	0.00111853535914084
rsl24d1	8.38247862286789e-08	0.344656037630761	1	0.943	0.0012179741439027
rbmx	8.78451805223661e-08	0.381415011568892	0.839	0.493	0.00127639047298998
srsf1a	9.72949660216057e-08	0.403259086792314	0.759	0.404	0.00141369585629393
smarca4a	1.11320198609423e-07	0.308991288465368	0.747	0.383	0.00161748248579492
mrpl57	1.14462245092243e-07	0.2885922042079	0.632	0.297	0.00166313642119029
ptgr1	1.21265971805476e-07	0.36752909068306	0.77	0.458	0.00176199457033357
ptges3b	1.22483301597572e-07	0.423745521540121	0.885	0.52	0.00177968237221273
naa15a	1.30253183773336e-07	0.268042094576597	0.414	0.172	0.00189257876022658
psma8	1.31973011896014e-07	0.415979992297283	0.92	0.644	0.00191756786284908
nol7	1.47920978052353e-07	0.318632708830904	0.448	0.198	0.00214929181110069
mesd	1.50065564909689e-07	0.283821982241877	0.494	0.219	0.00218045265813778
eif5b	1.55792407120657e-07	0.34011161762675	0.701	0.358	0.00226366367546315
mpped2a	1.83493523389206e-07	0.321367039759512	0.414	0.173	0.00266616089484517
hnrnpub	2.10903186231687e-07	0.267299977531644	0.885	0.458	0.00306442329594641
bcas2	2.13285665030378e-07	0.354789279017353	0.885	0.483	0.00309904071289139
eif4ebp1	2.17479322238035e-07	0.312367672333464	0.816	0.431	0.00315997455211865
gtf2f2a	2.25718844769312e-07	0.353364163494704	0.644	0.332	0.0032796948144981
rpa1	2.31168874270726e-07	0.271057514501419	0.552	0.257	0.00335888374315364
nucks1a	2.3473200836924e-07	0.404017470121594	0.989	0.721	0.00341065608160506
hdac1	2.59155487074924e-07	0.390058312406109	0.989	0.762	0.00376552922719864
smarcb1b	2.71265350374438e-07	0.268911278863243	0.678	0.323	0.00394148554094059
gars	2.74540254795849e-07	0.293454909647492	0.724	0.364	0.00398906990218369
esd	2.9923646904827e-07	0.326447953533159	0.678	0.351	0.00434790589527136
rbm4.3	3.59616363023394e-07	0.409676627419664	0.989	0.749	0.00522522575472991
celf1	3.76782053955539e-07	0.258315547709087	0.299	0.114	0.00547464324397398
ssb	4.03937951546197e-07	0.319528565749543	0.517	0.246	0.00586921843596624
nme3	4.31721489449665e-07	0.413461712598435	0.828	0.503	0.00627291324170363
dcun1d5	4.61795657820579e-07	0.26154355759451	0.621	0.299	0.00670989090813302
zgc:101851	4.85443103473964e-07	0.282222356884052	0.609	0.302	0.0070534882934767
si:ch211-288g17.3	4.8842691081068e-07	0.300143655864551	0.989	0.69	0.00709684301407919
khsrp	5.00935822785e-07	0.375623124384832	0.77	0.438	0.00727859750506604
cdkn2aipnl	5.04431251097335e-07	0.250781154457653	0.598	0.281	0.00732938607844427
rbms2b	5.27751552564176e-07	0.285494186754984	0.391	0.164	0.00766823005875748
snrpc	5.61294020931603e-07	0.316584095721335	0.862	0.468	0.00815560212413619
eif3s10	6.17445728586356e-07	0.330673654440804	0.782	0.431	0.00897148643635976
prkab1b	7.24109826190145e-07	0.300365734937868	0.598	0.294	0.0105213157745428
cct7	7.2682262777703e-07	0.388364020976375	0.966	0.799	0.0105607327816002
uba2	7.6901922452741e-07	0.264083899749666	0.345	0.141	0.0111738493323833
smarce1	7.75807931638059e-07	0.295122069059346	0.977	0.75	0.011272489246701
prmt1	8.58516734663254e-07	0.290444682960179	0.862	0.484	0.0124742481546571
ndufa8	9.75592140978252e-07	0.34459503736049	0.816	0.47	0.014175353808414
nop53	1.0447111010493e-06	0.355486099968515	0.954	0.688	0.0151796522982463
sarnp	1.08056201821312e-06	0.323146731124122	0.793	0.447	0.0157005661246367
smarcd1	1.15435614633675e-06	0.295994740586809	0.747	0.391	0.016772794806273
foxf2a	1.22186303763997e-06	0.278855276393565	0.356	0.151	0.0177536699369087
ddx39aa	1.24375080689553e-06	0.344675590813933	0.92	0.592	0.018071699224192
zgc:174906	1.32188602252309e-06	0.29570503435076	0.333	0.14	0.0192070039072605
psma6a	1.54762804538907e-06	0.313797992973679	0.874	0.515	0.0224870354995032
tcp1	2.07120152081816e-06	0.374584699045268	1	0.783	0.0300945580974878
lmnb1	2.27107806869148e-06	0.281333242654903	0.678	0.355	0.0329987643380872
psmg2	2.32840916652971e-06	0.263178973353897	0.471	0.223	0.0338317851896767
snrpd3l	2.33677442560986e-06	0.307687990542953	0.862	0.477	0.0339533324041112
eif3d	2.34130657079334e-06	0.336570036556935	0.966	0.77	0.0340191844736272
tomm40l	2.46570456829757e-06	0.278821177381347	0.425	0.198	0.0358266873773637
phf5a	2.59304453729628e-06	0.276654324932816	0.713	0.381	0.037676937126915
tomm20b	2.86945928819353e-06	0.354456386312898	0.943	0.664	0.041693243457452
polr2l	3.24946555962676e-06	0.29330147464929	0.655	0.347	0.0472147345813768
nudcd3	3.34802896599934e-06	0.258057207993236	0.655	0.339	0.0486468608759704
