gene	p_val	avg_log2FC	pct.1	pct.2	p_val_adj
cyp3a65	0	0.865959286747082	0.556	0	0
cldn15la	0	4.44437682647568	1	0.002	0
zgc:77748	0	3.31290912155847	1	0.002	0
zgc:153968	0	2.07295143407999	0.778	0.001	0
apoa1a	0	1.41533810568281	0.556	0.001	0
zgc:158846	0	4.07586662979373	1	0.002	0
cldn15a	0	2.11822210263461	0.667	0.001	0
zgc:172079.2	0	2.88796211012551	0.778	0.002	0
anxa2b	0	3.6217156587922	1	0.002	0
calml4a	0	2.06533776577394	0.889	0.001	0
si:ch211-133l5.7	0	1.84054309991328	0.556	0.001	0
wu:fb59d01	0	3.13538466499848	1	0.002	0
plac8.1	0	5.10980583350952	1	0.001	0
stoml3b	0	3.08544817225426	1	0.003	0
chia.2	0	2.05564404470514	0.667	0.001	0
ace2	0	1.61113495455244	0.667	0.001	0
aqp8a.2	0	3.32357010228619	0.889	0.002	0
si:ch211-117n7.7	0	1.09269335463533	0.556	0	0
cyp2y3	0	1.47647692849328	0.667	0.001	0
si:dkey-36i7.3	0	4.69828878958821	1	0.003	0
ezra	0	1.80442956426817	0.778	0.001	0
sult3st3.1	0	2.61265586400968	0.889	0.001	0
tm4sf4	0	3.82369644562826	1	0.003	0
bin2a	0	2.5493727276392	0.889	0.001	0
msrb2	0	1.71082599842469	0.889	0.002	0
si:dkeyp-73b11.8	0	4.98689740444342	1	0.004	0
ca4b	8.07212438636909e-305	2.00468336580221	0.444	0	1.17287967333943e-300
hnf4g	9.64484727976669e-305	0.655444261347825	0.444	0	1.4013963097501e-300
pdx1	1.37683149452434e-304	0.780569769551948	0.444	0	2.00053616154387e-300
ugt5b3	2.65159493205938e-297	0.881555993894078	0.556	0.001	3.85276743628228e-293
si:dkey-33i11.9	1.49321537161001e-290	2.16830980139055	0.889	0.003	2.16964193494935e-286
faah2b	6.27950029628343e-286	1.44574309463316	0.333	0	9.12411393049983e-282
si:ch211-137i24.10	1.84179273901866e-277	3.24164061694637	0.889	0.004	2.67612484979412e-273
IZUMO1R	2.31645242242157e-264	1.11707414733053	0.556	0.001	3.36580536977854e-260
vil1	5.78102026130633e-264	2.20721125446369	0.667	0.002	8.39982243967809e-260
s100a10a	2.40255770541996e-259	5.50983616146227	1	0.005	3.4909163459752e-255
pdzk1	7.90549109869804e-254	1.07022295502974	0.444	0.001	1.14866785664083e-249
mogat2	7.90549109869804e-254	0.61876867579582	0.444	0.001	1.14866785664083e-249
spink4	6.24439804928369e-245	1.50139882707259	0.667	0.002	9.0731103656092e-241
cox8b	8.08446849557406e-243	2.97175273434597	1	0.006	1.17467327240691e-238
tspan13a	2.15655078176851e-238	1.86435494393923	0.556	0.001	3.13346828590965e-234
rbp2a	3.83943932389082e-236	5.34259922067436	1	0.006	5.57870533761336e-232
gstp2	3.60665587133168e-229	4.0310587021774	0.667	0.002	5.24047098104493e-225
krt97	5.83716534366293e-219	4.08117608646064	0.889	0.005	8.48140124434224e-215
cldnc	4.49762887465405e-218	3.28139282877094	0.889	0.005	6.53505475487233e-214
clic5b	7.6500069133514e-218	0.882406662568612	0.444	0.001	1.11154600450996e-213
pla2g12b	1.11995083020021e-217	1.55023956414551	0.444	0.001	1.62728855628091e-213
apoc2	8.35682462142185e-217	4.67215077973472	1	0.007	1.2142466174926e-212
srd5a2a	1.05285179716553e-216	1.91590731108135	0.556	0.002	1.52979366128152e-212
pbld	3.91840015316741e-216	0.86961686411363	0.556	0.002	5.69343542255225e-212
cdh17	9.60252182037762e-215	1.04174135730521	0.333	0	1.39524642050087e-210
creb3l3a	1.34051877305461e-214	0.449391178369869	0.333	0	1.94777377724835e-210
cldn15lb	2.97763341728226e-214	1.50381682990222	0.667	0.003	4.32650135531112e-210
cx32.3	8.41682731870519e-191	1.44785852277198	0.444	0.001	1.22296500940786e-186
apobb.1	2.04790033623027e-190	0.801123844911371	0.444	0.001	2.97559918854258e-186
apoa4b.1	2.74630702365818e-186	4.30338982435702	1	0.008	3.99038410537534e-182
ugt1a7	1.1086384397043e-185	3.27721440638641	1	0.008	1.61085165289035e-181
si:ch211-201h21.5	9.43638962576198e-181	1.3384307811864	0.667	0.003	1.37110741262322e-176
muc13b	3.87349177423692e-172	1.12316089367973	0.333	0.001	5.62818354796624e-168
cyp3c3	1.35560880985591e-169	1.12124047667887	0.444	0.001	1.96969960072064e-165
fbp1b	1.70766525677764e-164	2.16763344873479	1	0.01	2.48123761809791e-160
si:ch211-71m22.1	3.23147148661319e-157	2.39893639875634	0.889	0.008	4.69532807004896e-153
tmem45b	1.96356825670989e-152	0.772808982404351	0.444	0.002	2.85306467699947e-148
krt92	1.6434143437428e-150	3.6751216095714	1	0.011	2.38788104145829e-146
afp4.1	1.74068327479495e-143	3.11422851155924	0.889	0.009	2.52921279827706e-139
hao2	1.94524375973258e-143	0.52960369789875	0.333	0.001	2.82643918289143e-139
zgc:103681	2.42940427778073e-143	0.413254070367598	0.333	0.001	3.52992441561539e-139
tmem176l.2	3.196032350794e-142	2.29784966092466	0.778	0.007	4.64383500570368e-138
fabp1b.1	2.04437307532439e-138	6.88322349256864	1	0.012	2.97047407844634e-134
zgc:136472	5.43659836129228e-128	0.652610104302921	0.222	0	7.89937741895768e-124
anks4b	9.91789626343443e-128	1.66209290589776	0.667	0.005	1.44107032707702e-123
slco1d1	4.18283580284768e-127	0.959773128668928	0.444	0.002	6.07766042153768e-123
hemgn	6.05455586008459e-127	0.740659282701633	0.444	0.002	8.7972696647029e-123
pklr	7.55787720158659e-127	0.51690559451876	0.444	0.002	1.09815955739053e-122
cyb5r2	4.08763658259773e-126	1.64467427993612	0.556	0.004	5.9393359545145e-122
abcc2	6.38462232688954e-125	0.892171178669394	0.556	0.004	9.2768562409705e-121
zgc:77938	3.87107638332933e-123	0.878741108792159	0.333	0.001	5.62467398497752e-119
agmat	3.87107638332933e-123	0.580955764877459	0.333	0.001	5.62467398497752e-119
eps8l3b	5.6659931307838e-123	0.509675634288288	0.333	0.001	8.23268801902887e-119
hsd11b1la	1.63179233192434e-122	1.23936873139657	0.667	0.006	2.37099425828607e-118
cd36	8.06107755747158e-114	1.47176559502621	0.556	0.004	1.17127456910062e-109
znf185	3.57390189252036e-109	1.07345930510839	0.444	0.003	5.19287944983208e-105
zgc:112146	1.24569199020906e-108	1.86547593367873	0.556	0.004	1.80999046177376e-104
btr02	7.11329361475018e-108	0.674955701297456	0.333	0.001	1.0335615622232e-103
si:dkey-11k2.7	8.40335066272434e-108	0.901838123935277	0.333	0.001	1.22100685129385e-103
zgc:110410	1.17257889257931e-107	0.384436265441588	0.333	0.001	1.70375713091774e-103
rltgr	2.73539596655125e-96	0.82487726863359	0.222	0.001	3.97453033939896e-92
haao	3.05711455607973e-96	0.43094895689528	0.222	0.001	4.44198744998385e-92
g6pca.2	3.81819252190582e-96	0.387775566232704	0.222	0.001	5.54783373432915e-92
zgc:194392	8.32143221093384e-96	0.593716797597448	0.333	0.002	1.20910410024869e-91
cdx1a	9.64851845534529e-96	0.714450928083927	0.333	0.002	1.40192973156167e-91
cyp2k16	2.8508918551905e-92	1.35290143675422	0.556	0.005	4.14234586559179e-88
s100v1	1.42881739372216e-88	2.11684763243146	0.556	0.006	2.0760716730783e-84
cox4i1l	1.90553694189468e-88	1.12735294889756	0.556	0.006	2.76874517657297e-84
pycard	6.98668310159507e-88	1.61336948131121	0.778	0.012	1.01516505466176e-83
sh3gl1a	1.93975786955538e-86	0.571723078957735	0.333	0.002	2.81846818446397e-82
degs2	2.07339886135391e-86	0.797380424805184	0.333	0.002	3.01264854554723e-82
cxcl20	3.30439693349694e-86	0.578301471795635	0.333	0.002	4.80128874437105e-82
aldh8a1	1.14628600184608e-78	0.873683002360494	0.333	0.002	1.66555356068236e-74
lgals2b	4.47880533143822e-78	5.66091268693844	1	0.024	6.50770414657974e-74
sult2st2	2.88877334651382e-77	2.11066592714689	0.667	0.01	4.19738767248458e-73
cox6a2	2.94421667195334e-77	0.702432146768675	0.222	0.001	4.27794682434821e-73
tm4sf5	3.21803324616032e-77	0.383667690041876	0.222	0.001	4.67580230667095e-73
rdh1	3.21803324616032e-77	0.388628096438983	0.222	0.001	4.67580230667095e-73
slc2a2	3.51723548057471e-77	0.273730798296457	0.222	0.001	5.11054315327505e-73
chchd4b	4.16852422514429e-77	0.910466299118856	0.556	0.007	6.05686569913465e-73
si:dkey-10o6.2	3.17685618122054e-73	1.05765096945595	0.444	0.004	4.61597203131345e-69
cyp8b1	5.74170752787038e-73	0.806190583702988	0.444	0.004	8.34270103799566e-69
ap1m2	2.46472372506904e-72	0.915117485902632	0.556	0.007	3.58124357252531e-68
si:dkey-87o1.2	1.8302382919004e-69	0.937709405858683	0.444	0.005	2.65933623813128e-65
mlnl	8.10325715096257e-67	0.905139161960348	0.333	0.003	1.17740326403486e-62
zgc:174935	1.25840006005677e-64	0.440766612751977	0.222	0.001	1.82845528726249e-60
si:ch211-161h7.5	1.45945421144212e-64	0.395597857039856	0.222	0.001	2.12058696922539e-60
sult1st3	1.57167972144169e-64	0.571149160164008	0.222	0.001	2.28365063525478e-60
fam83fb	1.82258003509656e-64	0.400189526500008	0.222	0.001	2.64820879099531e-60
si:dkey-183n20.15	4.05572828824121e-59	1.09379665419539	0.444	0.006	5.89297320281448e-55
si:ch1073-443f11.2	3.80724296161132e-57	1.14951454254451	0.444	0.006	5.53192402322125e-53
pllp	1.33976138914594e-55	0.842847292954433	0.222	0.001	1.94667329842905e-51
igfbp1b	1.72731452952964e-55	0.688219177459356	0.222	0.001	2.50978801140657e-51
cyp7a1	1.72731452952964e-55	0.717939462527959	0.222	0.001	2.50978801140657e-51
ano9b	1.72731452952964e-55	0.302851266322577	0.222	0.001	2.50978801140657e-51
mst1	1.96110688735811e-55	0.499136296296588	0.222	0.001	2.84948830733134e-51
zanl	1.96110688735811e-55	0.302216214480883	0.222	0.001	2.84948830733134e-51
nipsnap3a	2.54259276727905e-55	1.57701972293215	0.778	0.02	3.69438729085646e-51
mgst1.2	2.23155609696066e-52	2.66065087449783	0.778	0.021	3.24245100888385e-48
si:ch211-107o10.3	2.53882873646711e-51	0.966007458497587	0.444	0.007	3.68891815408671e-47
rac2	4.20494778097133e-51	1.36019924659689	0.778	0.021	6.10978912575134e-47
zgc:64106	6.27421338614093e-50	2.01481371551148	0.444	0.007	9.11643205006277e-46
zgc:110182	2.93405827598976e-49	0.717464335618479	0.444	0.007	4.26318667501312e-45
st8sia7.1	4.95954461166369e-49	0.56954589459961	0.111	0	7.20621832074735e-45
tcnba	8.42283765993388e-49	3.39309166193062	0.222	0.002	1.22383831198839e-44
sptlc3	1.46769147400506e-48	0.260345877459272	0.222	0.002	2.13255571172936e-44
eps8l1b	1.46769147400506e-48	0.360227460220217	0.222	0.002	2.13255571172936e-44
tprg1	2.73369309738512e-48	0.768533130196461	0.333	0.004	3.97205607050058e-44
chmp4c	6.73453590174383e-46	0.632728832534801	0.333	0.004	9.78528066523379e-42
aifm4	1.62771033999326e-45	1.54720787729843	0.667	0.018	2.36506312401021e-41
gstm.3	1.97503963979639e-43	2.09817616685907	0.778	0.026	2.86973259662415e-39
pipox	2.69464403047764e-43	0.261908234490226	0.222	0.002	3.915317776284e-39
cpo	2.83079077048433e-43	0.38930484444259	0.222	0.002	4.11313898951373e-39
anxa3a	2.97377893091566e-43	0.26220548028369	0.222	0.002	4.32090078662045e-39
pon1	5.03623436509652e-42	0.968669317516149	0.667	0.019	7.31764853248524e-38
si:ch211-212k18.7	1.92869876991126e-41	2.13382560171934	0.667	0.02	2.80239931268106e-37
hsd3b7	4.48421265400868e-41	0.94077252106878	0.556	0.014	6.51556098627462e-37
si:ch73-234b20.5	6.30303392457466e-40	1.06838134860848	0.556	0.014	9.15830829240699e-36
fahd1	7.42691927217464e-40	1.68727438413286	0.778	0.029	1.07913137024698e-35
sowahd	4.03140870006485e-39	0.434907573907397	0.222	0.002	5.85763684119423e-35
acmsd	5.03244141689628e-39	0.369888032915504	0.222	0.002	7.31213737875029e-35
gpx1b	1.04961712570595e-37	1.23616342999912	0.667	0.022	1.52509368365075e-33
fabp2	3.2668649342888e-37	6.65224996921573	1	0.056	4.74675474952162e-33
gcshb	8.89371324998808e-37	3.01003978000934	0.778	0.032	1.29225653522327e-32
ndufa4	9.52649395045855e-37	3.03129010241217	1	0.054	1.38419957100163e-32
klf5l	1.97953680097021e-36	0.773878379405297	0.333	0.005	2.87626697180971e-32
agpat9l	1.01332511964143e-35	0.668409058286961	0.222	0.002	1.472361398839e-31
rgn	1.0985318512822e-35	0.663703695528688	0.222	0.002	1.59616677991303e-31
dhrs13l1	9.15746021355727e-35	1.96251601097334	0.667	0.024	1.33057896902987e-30
stard14	1.38940855608087e-34	1.25708947753834	0.444	0.01	2.0188106319855e-30
ponzr1	4.03167245513288e-34	1.71222600903729	0.778	0.033	5.85802007730808e-30
mgst2	6.74736628518227e-34	1.02595332580722	0.333	0.006	9.80392321236985e-30
gata5	1.72474960770953e-33	0.775134559252874	0.556	0.017	2.50606118000195e-29
elf3	2.38602147414158e-33	1.40104721158346	0.556	0.017	3.46688920192772e-29
cyp2x9	3.82431822423157e-33	0.501689828723617	0.111	0.001	5.55673437980847e-29
mttp	4.4366399979477e-33	0.250893793593101	0.111	0.001	6.44643791701801e-29
aqp8a.1	4.4366399979477e-33	0.322188680554837	0.111	0.001	6.44643791701801e-29
si:rp71-1h20.9	1.00366721434863e-32	0.48592002576208	0.222	0.003	1.45832846244856e-28
dnajc5gb	1.12126176983299e-32	0.326295156549329	0.222	0.003	1.62919335156734e-28
ptpn6	1.29958924453799e-32	0.367409280281611	0.222	0.003	1.8883031723137e-28
mat2al	1.62783299778752e-32	1.25021353612593	0.667	0.026	2.36524134578526e-28
spint1a	4.01080103166435e-32	1.02562819961158	0.444	0.011	5.82769389900829e-28
nsdhl	4.64574518445844e-32	0.845654474016458	0.444	0.011	6.75026775301811e-28
tmsb1	1.40790322010177e-31	3.82480983080849	1	0.065	2.04568337880788e-27
ckmt1	3.08825615724446e-31	2.74996402702886	0.778	0.038	4.4872361964762e-27
zgc:193711	3.48461053424105e-31	1.30076925605376	0.556	0.018	5.06313910625225e-27
sult1st6	2.2910936759263e-30	0.71666537834209	0.222	0.003	3.32895911112091e-26
mpzl2b	3.16368890998888e-29	0.569612080866807	0.333	0.007	4.59683998621385e-25
dgat1a	3.61160401784822e-29	0.575454669555944	0.333	0.007	5.24766063793347e-25
tjp3	9.72046523951937e-29	1.12499351944814	0.444	0.013	1.41238359930216e-24
khk	7.70868929155723e-28	0.76689184499402	0.444	0.013	1.12007255406327e-23
si:dkey-69o16.5	3.173651397261e-27	1.70204374202939	0.778	0.045	4.61131548022023e-23
si:dkey-74k8.3	4.70930902495344e-27	1.63318371304012	0.556	0.022	6.84262601325735e-23
si:ch211-198m17.1	2.19933603964145e-26	0.328295393858474	0.222	0.003	3.19563526559902e-22
arrdc1a	2.54918470095801e-26	0.350346878371217	0.222	0.003	3.703965370492e-22
tmed1a	2.86833725975318e-26	0.267367560015215	0.222	0.003	4.16769403842137e-22
cldnb	1.27001884991321e-25	3.19412868796335	0.889	0.058	1.8453373889239e-21
slc7a7	6.56102609820375e-25	0.932646991373446	0.222	0.004	9.53317092069005e-21
spartb	7.53716648753112e-25	0.425014318249711	0.222	0.004	1.09515029063827e-20
chchd4a	6.12743325433168e-24	1.65364425489416	0.889	0.064	8.90316051854393e-20
gapdh	6.99758125617441e-24	3.14651729208154	0.889	0.07	1.01674855652214e-19
stap2b	2.45926491357318e-23	0.512941210461363	0.222	0.004	3.57331191942183e-19
slc35d1b	7.34891977968635e-23	1.17974285578449	0.556	0.026	1.06779804398843e-18
zgc:101744	3.54378285338067e-22	1.74554991465751	0.667	0.04	5.14911648596211e-18
psme1	4.82366562469353e-22	0.351392171231946	0.222	0.004	7.0087861526797e-18
ap1s3b	6.18595260850218e-22	0.573948370192195	0.333	0.009	8.98818914015366e-18
ftr82	1.48875388929053e-21	1.91190089565095	0.667	0.039	2.16315940113914e-17
bpnt1	7.2860467346337e-21	1.36915002055302	0.667	0.041	1.05866259054228e-16
si:ch211-225b11.1	7.50735598129601e-21	1.22685055155443	0.444	0.018	1.09081882408231e-16
immp2l	1.83782775513983e-20	0.939124739887342	0.444	0.018	2.67036372821817e-16
urad	2.24686698163047e-20	0.563615734964485	0.111	0.001	3.26469772430908e-16
zgc:56622	2.4563683748983e-20	0.270070665589973	0.111	0.001	3.56910324872723e-16
dhrs1	3.78552721130492e-20	2.20832542699222	0.778	0.061	5.50037103802605e-16
dennd2da	4.19844526665086e-20	0.746635965217501	0.222	0.005	6.1003409724437e-16
slc25a27	4.58260136779843e-20	0.520126888977576	0.333	0.01	6.65851978741112e-16
hsh2d	4.69057682473455e-20	0.641613098402266	0.222	0.005	6.8154081263393e-16
tmem79b	4.90302619838976e-20	0.619023804977643	0.222	0.005	7.12409706626032e-16
zgc:153896	5.47666603921873e-20	0.429724375494981	0.222	0.005	7.95759575498481e-16
scp2a	6.93058284344805e-20	2.23682911688723	0.889	0.081	1.007013687153e-15
selenow2b	7.62614527342602e-20	0.288803562461667	0.222	0.005	1.1080789082288e-15
acy3.2	1.7586415385613e-19	0.402433646618708	0.333	0.011	2.55530615552957e-15
eppk1	5.65606640917311e-19	0.310344250451251	0.222	0.005	8.21826449252853e-15
zgc:101569	6.14966747727439e-19	1.03812405459096	0.667	0.044	8.93546684447969e-15
sod2	8.98830467025899e-19	2.12742520633806	0.889	0.088	1.30600066858863e-14
si:ch211-161h7.8	1.48941653216511e-18	1.0187653553396	0.333	0.011	2.1641222212359e-14
mettl7a.1	2.50113791949467e-18	0.899463708010232	0.333	0.012	3.63415339702576e-14
acaa1	5.30810846296717e-18	1.3868226567326	0.556	0.033	7.7126815966913e-14
tnks1bp1	9.73363559888091e-18	0.549961309592138	0.444	0.021	1.4142972525174e-13
txn	1.14277322707066e-17	2.73867989307248	1	0.125	1.66044949893367e-13
ociad2	1.17207504841436e-17	3.62142782642643	1	0.137	1.70302504534607e-13
cd9b	1.43530293951449e-17	1.12663719285093	0.556	0.033	2.08549517111456e-13
sb:cb1058	2.08932495605425e-17	1.04211231021957	0.556	0.033	3.03578916114682e-13
gcnt7	2.11590192379119e-17	0.422260851924519	0.222	0.005	3.07440549526859e-13
traf4b	3.39830081135623e-17	0.566379374739719	0.111	0.001	4.93773107890061e-13
baiap2l1a	3.52706023979034e-17	0.332495189506835	0.111	0.001	5.12481852841537e-13
aspdh	3.66062984969414e-17	0.319931896372915	0.111	0.001	5.31889517160559e-13
prr13	4.54444082464859e-17	0.957770158423517	0.444	0.022	6.6030725182144e-13
si:dkey-16l2.20	5.38472513937548e-17	2.22334120899152	0.556	0.036	7.82400562751257e-13
atp1a1a.4	9.1705128978248e-17	0.485919596871992	0.222	0.006	1.33247552405394e-12
apoa1b	9.6827250718898e-17	2.04163875744392	0.778	0.068	1.40689995294559e-12
stard4	2.44903455555608e-16	0.495856674609755	0.333	0.013	3.55844720922299e-12
pmt	2.52574548905115e-16	0.88494520014832	0.222	0.006	3.66990819559132e-12
epcam	2.88203644552786e-16	2.87732119882433	0.889	0.1	4.18759895535198e-12
gsto2	2.95099593464555e-16	2.28208171236914	0.889	0.096	4.28779709303999e-12
rida	3.90112963807374e-16	2.80463670584351	0.667	0.057	5.66834136412115e-12
gipc2	4.46280740518165e-16	0.649611174645264	0.444	0.023	6.48445915972894e-12
grn1	7.27925219828805e-16	0.664697520280445	0.444	0.023	1.05767534441125e-11
atp10d	1.25152907938128e-15	1.05541050145808	0.222	0.006	1.818471752341e-11
cfl1l	1.76864600038083e-15	1.76148120014707	0.667	0.056	2.56984263855335e-11
itpk1a	2.11736471279529e-15	0.643713967168249	0.444	0.024	3.07653092769155e-11
arpin	2.5293956691948e-15	0.750906056098919	0.556	0.038	3.67521190734005e-11
tspan15	3.82490128287311e-15	0.475702333000011	0.333	0.014	5.55758156401462e-11
gnpda1	4.09013346856483e-15	1.89763521626236	0.778	0.079	5.9429639298247e-11
arl14	7.06430050557512e-15	0.320485784216146	0.111	0.002	1.02644286346006e-10
serpinb1l3	7.31274142104164e-15	2.11484495506282	0.778	0.086	1.06254132847735e-10
serpinb1	9.75883897904595e-15	0.990294953156276	0.444	0.026	1.41795930365538e-10
plin2	1.42491443034218e-14	0.676837897504836	0.222	0.007	2.07040066728719e-10
bola3	1.52796606190312e-14	1.20482215757492	0.778	0.081	2.22013468794523e-10
pgam2	1.67690980820801e-14	0.741617891586772	0.333	0.015	2.43654995132624e-10
vsig10	1.86284115374277e-14	0.347585229483768	0.222	0.007	2.70670819638824e-10
gsta.1	2.14652317217058e-14	5.3285287937538	1	0.184	3.11889816916385e-10
mt-atp8	3.63768641586461e-14	0.657905830885992	0.333	0.016	5.28555836225128e-10
ccdc58	3.76532741947776e-14	1.53724033459125	0.889	0.123	5.47102074050118e-10
cyp2aa4	6.25267409390402e-14	0.28727031425722	0.222	0.007	9.08513545844254e-10
nit2	9.58951456031317e-14	1.02455963962835	0.556	0.044	1.3933564656135e-09
chchd10	1.04906243626405e-13	1.96083798550833	1	0.153	1.52428771989167e-09
si:dkey-286j15.3	1.20181155995111e-13	0.910563373817427	0.556	0.043	1.74623219660897e-09
slc25a17	1.4028194346098e-13	0.601822076227475	0.222	0.007	2.03829663848804e-09
cox17	1.83974268953754e-13	2.39487963547091	1	0.194	2.67314612789805e-09
nupr1b	3.74450232870146e-13	2.18975719208246	1	0.174	5.44076188360322e-09
ugt5b4	3.79404567095379e-13	0.31981252455595	0.111	0.002	5.51274835989586e-09
hamp	3.80514792564493e-13	0.545800568858385	0.222	0.007	5.52887993596208e-09
slc31a1	4.12052374303383e-13	0.805595570239197	0.444	0.029	5.98712099862816e-09
cox6b1	7.72522634291453e-13	3.60525684798949	1	0.215	1.12247538762548e-08
slc25a10	7.95834643897623e-13	1.40023128579054	0.667	0.068	1.15634773758325e-08
rbm47	8.22430368488947e-13	0.424373765212808	0.222	0.008	1.19499132541444e-08
mrps17	9.04430664327888e-13	1.20726333186644	0.889	0.12	1.31413775526842e-08
ugt2a1	1.35586448896332e-12	0.881800184462233	0.444	0.031	1.97007110246371e-08
zgc:64002	2.33805177184966e-12	0.30599152845269	0.222	0.008	3.39718922449756e-08
ndrg1a	3.22417262711717e-12	1.75561098090667	0.778	0.097	4.68472282720125e-08
itm2bb	3.73011445620086e-12	0.477846194672526	0.333	0.018	5.41985630485984e-08
cant1b	4.00571265695050e-12	0.567296409331418	0.333	0.018	5.82030049054908e-08
ankrd22	4.64307554870457e-12	0.439727298217166	0.222	0.008	6.74638877226774e-08
dhrs9	4.71421883096581e-12	1.20174295129514	0.444	0.033	6.84975996139332e-08
gamt	7.38082369069157e-12	1.44076014216597	0.778	0.101	1.07243368225748e-07
ifih1	7.66529175532186e-12	0.521739719630242	0.111	0.002	1.11376689204827e-07
zgc:77739	1.39218899251213e-11	0.701620179749807	0.556	0.051	2.02285060612013e-07
sco2	1.43582116220886e-11	0.719665660915563	0.333	0.019	2.08624814868948e-07
spint2	1.81903302415098e-11	0.462868070559816	0.333	0.019	2.64305498409138e-07
mat1a	1.82826423170566e-11	1.17675270079452	0.333	0.02	2.65646792866833e-07
sdhaf2	2.32767125841704e-11	1.03147875244648	0.667	0.076	3.38210633847996e-07
cmbl	2.66374275381607e-11	1.59550903762383	0.778	0.109	3.87041822129475e-07
lsr	2.69572447862531e-11	0.275866036418011	0.222	0.009	3.91688766744257e-07
zgc:77486.1	3.55135615390048e-11	1.1212814130352	0.556	0.054	5.1601204916174e-07
cbr1l	4.42932567324268e-11	3.11305159969644	0.889	0.177	6.43581020322161e-07
phlda2	4.64331738627206e-11	2.93125542268448	1	0.212	6.7467401622533e-07
zgc:153911	6.03065063274091e-11	1.49740496122028	0.778	0.107	8.76253536937254e-07
elovl2	6.82442207539321e-11	0.66322344368955	0.222	0.009	9.91588527554634e-07
suclg2	8.175047554886e-11	1.25699085097539	0.556	0.057	1.18783440972494e-06
chac2	9.21369042737595e-11	0.310304288650726	0.222	0.009	1.33874921909773e-06
zgc:112255	9.61918148160853e-11	1.10445120359892	0.667	0.082	1.39766706927772e-06
rps6ka1	1.38114971166254e-10	0.412977423085977	0.222	0.009	2.00681053104567e-06
slirp	1.57026824636671e-10	2.27923726164071	1	0.276	2.28159976197083e-06
fam49ba	1.61645278095247e-10	0.280311568873219	0.222	0.009	2.34870589072393e-06
pam16	1.72377957124742e-10	1.59460546086134	0.889	0.147	2.5046517170225e-06
prxl2b	2.04835664137968e-10	1.05864298496722	0.556	0.058	2.97626219992467e-06
gstr	2.4803771053026e-10	2.90142721626331	1	0.28	3.60398793400468e-06
tex30	2.66906187686397e-10	0.280123861925194	0.222	0.01	3.87814690708334e-06
prdx1	2.8300248665999e-10	2.23616086871477	1	0.231	4.11202613116965e-06
fdx1	3.32288561486498e-10	2.32569009063243	1	0.243	4.82815279839881e-06
sdhaf3	3.60407107998217e-10	0.922606471730334	0.556	0.059	5.23671527921409e-06
NDUFAF8	3.60824590004847e-10	1.1688530019925	0.556	0.061	5.24278129277042e-06
dhdhl	3.6698395687304e-10	1.04606729107728	0.444	0.039	5.33227689336527e-06
gstk1	4.32222892585823e-10	1.19801857505973	0.889	0.148	6.280198629272e-06
dusp23b	4.68728754287858e-10	0.487178955896515	0.333	0.022	6.81062879980258e-06
si:dkey-102m7.3	4.69603226867944e-10	1.73935188523916	1	0.229	6.82333488639123e-06
rnls	5.73290602418997e-10	0.650113841182214	0.556	0.058	8.32991245314803e-06
ppifb	6.0831705182519e-10	1.18753465077536	0.667	0.09	8.83884676302001e-06
hal	7.09886553825296e-10	0.56035370725066	0.111	0.003	1.03146516270815e-05
irgq1	7.3931811881312e-10	0.317564147163568	0.111	0.003	1.07422922663546e-05
lss	7.5447693147034e-10	0.26666424482551	0.111	0.003	1.0962549814264e-05
crip1	7.9220283010076e-10	1.89026923531653	0.556	0.065	1.1510707121364e-05
galm	1.00076838694089e-09	0.62928300921803	0.444	0.04	1.45411646622511e-05
mrpl27	1.08515611691179e-09	2.20214401554633	0.889	0.19	1.57673183787284e-05
mrpl46	1.14077116167931e-09	0.810110255624735	0.667	0.086	1.65754049792004e-05
tmem14ca	1.16962756601875e-09	1.78475606373266	0.889	0.186	1.69946885342525e-05
atp5if1b	1.62975196749162e-09	3.24570750473743	1	0.306	2.36802960876533e-05
lxn	1.92520583335323e-09	1.06050514418204	0.667	0.088	2.79732407586224e-05
gnpnat1	2.27245683094419e-09	1.03036675541588	0.667	0.09	3.30187977536191e-05
mgst3a	2.39343997103103e-09	2.95109514472173	1	0.364	3.47766827790809e-05
mpv17l2	2.4549829420426e-09	0.660630985987118	0.444	0.042	3.56709021478789e-05
c1qbp	2.73001142727552e-09	1.98050361492692	0.889	0.213	3.96670660383134e-05
oclna	3.57558622847177e-09	0.356582003663915	0.222	0.011	5.19532678996948e-05
phyhd1	3.89633721470017e-09	0.847576406633788	0.556	0.064	5.66137797295935e-05
lipea	4.08658194694853e-09	0.514514863394538	0.111	0.003	5.93780356891622e-05
cyb5a	4.10027817985832e-09	2.13173944556533	1	0.317	5.95770419533414e-05
mettl27	4.53374066933659e-09	0.349361600030207	0.222	0.011	6.58752519254607e-05
nit1	4.59490360315381e-09	0.531664972450384	0.333	0.025	6.67639493538249e-05
mrps26	5.54665702018789e-09	1.55059115962556	0.889	0.208	8.059292650333e-05
gpx4a	5.64334901726554e-09	3.42970442020072	0.889	0.254	8.19978612208683e-05
gpd1b	6.45398975549885e-09	1.03072638404595	0.444	0.043	9.37764711473983e-05
nop16	7.39018883359623e-09	1.18277668123781	0.889	0.178	0.000107379443752153
irf6	7.5935208964578e-09	0.389889952851867	0.222	0.011	0.000110333858625532
chchd1	7.59424639503501e-09	1.86739679628226	0.778	0.146	0.000110344400119859
mapre1a	1.01808177275306e-08	0.851263911205439	0.667	0.097	0.00014792728158102
tpmt.1	1.16464732444576e-08	0.923399107732689	0.556	0.068	0.000169223256241969
rnf128a	1.30268473868161e-08	0.787855663251083	0.556	0.066	0.000189280092530439
dtd2	1.30283587360179e-08	1.25143495933586	0.444	0.046	0.000189302052434341
tm7sf2	1.34280239761185e-08	0.828104024892818	0.333	0.026	0.000195109188373002
dap	1.37447828814389e-08	2.96466939848411	1	0.436	0.000199711695267307
gnmt	1.42202582696996e-08	1.48380313543794	0.667	0.098	0.000206620352658735
gadd45gip1	1.53043701079242e-08	1.604951762347	0.889	0.217	0.000222372497668139
atp8a2	1.55878714808767e-08	0.463399525211836	0.222	0.012	0.000226491772617138
htatip2	1.6038222859195e-08	1.09624568546757	0.556	0.072	0.000233035378144104
adh8b	1.65434318296231e-08	2.4302632174993	0.889	0.266	0.000240376064484423
zgc:162396	1.71483141227843e-08	0.74538515668645	0.444	0.045	0.000249165004204056
pon3.2.1	1.81232028362014e-08	1.20567909180392	0.556	0.074	0.000263330137210006
tomm6	1.92779951142168e-08	1.9849218293065	1	0.369	0.000280109269009569
mrps24	2.41737446511788e-08	1.41824269807133	0.889	0.223	0.000351244509781628
gatm	2.63491114296079e-08	0.648935030254434	0.444	0.046	0.000382852589072203
porb	3.07897786701455e-08	0.343476040136942	0.222	0.013	0.000447375484077214
gcsha	3.99542420320804e-08	1.17554282540164	0.889	0.211	0.000580535136726128
ndufa2	4.17708237062533e-08	1.96028648205218	1	0.402	0.00060693006845186
mrpl30	4.34049949412874e-08	1.94953771209141	1	0.303	0.000630674576496907
atp5if1a	4.35059421720013e-08	2.80048461914759	1	0.525	0.000632141339759178
rfk	4.58017141715793e-08	0.405875780007156	0.333	0.027	0.000665498906913048
ndufa12	4.63738293548516e-08	2.24371707975451	1	0.453	0.000673811740525994
zgc:92313	4.66215322381003e-08	0.69974814882299	0.222	0.013	0.000677410863419597
cyp46a1.1	5.58656837284846e-08	0.517617851105125	0.111	0.003	0.000811728384574881
wu:fb18f06	5.67656429187058e-08	0.379757883268078	0.111	0.003	0.000824804791608795
ndufa5	6.71558790965236e-08	1.84955833091655	1	0.442	0.000975774923272489
f11r.1	7.41391900612589e-08	1.95336302297303	0.444	0.054	0.00107724243159009
mrpl57	7.53981266058287e-08	1.62756631494487	1	0.303	0.00109553477958269
ebp	8.29566334675079e-08	0.611101493609219	0.333	0.029	0.00120535988428289
glrx	8.29857857445022e-08	2.13837132255648	1	0.43	0.00120578346686762
si:ch211-235e9.6	8.48725703319716e-08	2.22962303814503	1	0.362	0.00123319844692355
uqcc2	8.84854756014311e-08	0.965943165588881	0.778	0.144	0.00128569396048879
ada	9.11574548359152e-08	0.437335600350852	0.333	0.028	0.00132451781876585
pet100	9.14425328718045e-08	1.43511293401348	0.778	0.166	0.00132866000262732
ssbp1	9.87753311199637e-08	1.53507331058804	0.778	0.158	0.00143520556117307
fam151b	1.02863733694939e-07	0.458568375640159	0.333	0.029	0.00149461005058746
rdh12l	1.07856841034417e-07	0.75065495064382	0.333	0.03	0.00156715990023008
ndufab1a	1.11409494413626e-07	1.91675635009624	1	0.353	0.00161877995382999
gstp1	1.20011469233997e-07	3.28050536944357	1	0.518	0.00174376664796998
ndufa7	1.28016587213364e-07	1.97183040871407	0.889	0.29	0.00186008101221018
mgst3b	1.46684370329784e-07	3.02306605472244	1	0.66	0.00213132390089176
nop10	1.57074561415752e-07	2.20477512761823	1	0.379	0.00228229337737088
mrpl35	1.60485284670843e-07	1.44112186196724	0.778	0.165	0.00233185118626735
si:ch211-202f5.3	1.63184946975481e-07	0.557518726288913	0.111	0.004	0.00237107727955373
dph6	1.65906574986088e-07	0.342399387438822	0.333	0.029	0.00241062253454786
sod1	1.70966271972632e-07	2.54779798606514	1	0.59	0.00248413993176234
zgc:163080	1.72216572836356e-07	1.45658395028165	0.778	0.157	0.00250230680331225
clpp	1.76664144341162e-07	1.09369550441811	0.889	0.208	0.00256693001727708
atp5md	1.85134551109557e-07	2.33095268778939	1	0.601	0.00269000502762187
pgrmc1	1.86066451067675e-07	2.62827416882067	1	0.495	0.00270354553401331
dbi	1.89557718541412e-07	2.37337917880103	1	0.637	0.00275427365040671
auh	1.90450482533155e-07	1.23482891846696	0.667	0.124	0.00276724551120675
gpx1a	1.94331756786639e-07	1.89364457173088	0.778	0.204	0.00282364042610986
uqcrb	2.01105194702015e-07	2.71934365886043	1	0.724	0.00292205847902029
plcb3	2.10838634334203e-07	0.340137161861946	0.222	0.014	0.00306348535687597
zgc:112148	2.1896223676372e-07	0.589856789693359	0.333	0.031	0.00318152130017685
atp5meb	2.23741888763328e-07	2.35665223528599	1	0.691	0.00325096964373115
zbtb8os	2.32736340829056e-07	1.4645925537226	0.778	0.18	0.00338165903224619
ddt	2.38656638797639e-07	1.68477090291227	0.889	0.307	0.00346768096172969
mrpl43	2.42194207623824e-07	1.21407562307535	0.556	0.084	0.00351908183677417
cnpy1	2.51178595190806e-07	0.952005470923113	0.556	0.081	0.00364962498812241
ndufs6	2.5386417312038e-07	2.14875068086127	1	0.473	0.00368864643543913
mrps5	2.57323772512168e-07	0.344021486067695	0.222	0.014	0.00373891441460181
tmem106a	2.61848762854981e-07	0.585789703710968	0.444	0.052	0.00380466252428287
uqcrh	3.23099655209606e-07	2.48171576574866	1	0.715	0.00469463799019557
atp5mc1	3.43074275294417e-07	2.51794130399679	1	0.693	0.00498486922002787
cox7b	3.45420740475842e-07	2.73315777879745	1	0.826	0.00501896335911398
cox6c	3.5035512220844e-07	2.33884441506027	1	0.733	0.00509065992568863
COX5B	3.59676083367368e-07	1.97918612433064	1	0.851	0.00522609349132786
tomm20a	3.60213141936275e-07	1.65193264107997	0.889	0.262	0.00523389695233407
cox7a2a	3.65588086798764e-07	2.26940957668103	1	0.684	0.00531199490118605
arhgdig	3.66322205093297e-07	0.475700935758367	0.444	0.052	0.0053226616400056
cox5ab	3.89207540895298e-07	2.05044008128139	1	0.614	0.00565518556920868
minos1	3.92283623685743e-07	2.38291963854614	0.889	0.362	0.00569988105215385
hspe1	4.00010320337002e-07	2.55061984518629	1	0.712	0.00581214995449664
atp5l	4.13990311663246e-07	2.20421890712944	1	0.878	0.00601527922846697
ARF5 (1 of many)	4.17716881947911e-07	0.557670283786722	0.111	0.004	0.00606942629470314
g0s2	4.41746082429522e-07	0.635161257719828	0.111	0.004	0.00641857057770096
dhrs4	4.73923434851407e-07	1.25615728451268	0.556	0.088	0.00688610750839095
ndufa8	4.97389055972407e-07	1.57863443905105	1	0.476	0.00722706298327908
si:ch211-85n16.3	5.02496531418632e-07	1.07174801862246	0.778	0.162	0.00730127460151272
zgc:193541	5.09750494441851e-07	1.97941597227183	1	0.833	0.00740667468424009
coa3a	5.33556625629359e-07	1.94301296867302	0.889	0.266	0.00775257777039459
uqcrq	5.68062485880375e-07	2.28620299360442	1	0.607	0.00825394791984185
gstt1a	5.76668813436395e-07	1.3724363837994	1	0.331	0.00837899785923082
mrpl54	6.52019666799344e-07	1.58649463148677	0.889	0.247	0.00947384575859446
cox6a1	6.5654558946153e-07	2.08092288443789	1	0.833	0.00953960741487603
si:dkey-16l2.16	7.26574580111439e-07	0.729475396580449	0.444	0.057	0.0105571286490192
sult1st1	7.43562392438204e-07	1.23602802063127	0.667	0.127	0.0108039615621271
mrps33	8.04287654767107e-07	1.42532555366427	0.778	0.197	0.0116862996237661
mt-nd4l	8.05675482971882e-07	0.418318880500237	0.333	0.033	0.0117064647675814
chpt1	9.76544215365725e-07	0.35772368062783	0.333	0.033	0.014189187449264
elovl8b	9.84381902185196e-07	0.649759331972011	0.333	0.034	0.0143030690387509
pck2	1.03965788673003e-06	0.681244160761646	0.222	0.016	0.0151062290941874
dazap1	1.08784443791508e-06	0.379938830371822	0.222	0.016	0.0158063796829061
snu13b	1.17078403497272e-06	1.53133312577094	1	0.463	0.0170114920281536
mtap	1.19729178025197e-06	0.852276892386526	0.778	0.16	0.0173966495670611
mt-nd5	1.30496935403268e-06	1.67090947727204	0.778	0.213	0.0189612047140949
grpel1	1.31279727636439e-06	0.307214244693257	0.333	0.033	0.0190749444255746
mrpl33	1.39819152366874e-06	1.36782189950237	0.889	0.297	0.0203157228389068
alkbh7	1.4005006107101e-06	0.44916449903633	0.333	0.034	0.0203492738736177
ccdc160	1.43763533413754e-06	0.70023839393806	0.333	0.035	0.0208888414050185
sdhdb	1.61457725747505e-06	1.7293121119207	1	0.348	0.0234598075511125
rmdn1	1.63751918650836e-06	0.809771126025912	0.667	0.126	0.0237931537799665
cox5aa	1.66363185551184e-06	1.66379971209907	1	0.719	0.0241725708605871
ndufb4	1.7390796431618e-06	1.46900055799282	1	0.591	0.0252688272151409
mrpl52	1.75528678844324e-06	1.79668314714727	0.667	0.151	0.0255043170360803
cryl1	1.877969405686e-06	0.748315070294769	0.556	0.088	0.0272868954646176
pdxka	1.91580552493726e-06	0.662490214652415	0.333	0.035	0.0278366542773384
PXMP4	1.9647672246307e-06	0.717210324375234	0.333	0.036	0.0285480677738841
zgc:92481	1.99808842616448e-06	0.310823819744794	0.333	0.034	0.0290322248321699
cox4i1	2.05893299518048e-06	1.71855559093022	1	0.849	0.0299162964199723
ndufc2	2.08641002238971e-06	1.99279742913846	1	0.492	0.0303155376253225
tma7	2.1022080129315e-06	1.57407463521103	1	0.726	0.0305450824278947
atp5f1d	2.12861261766165e-06	2.11485672945904	1	0.672	0.0309287413346238
mrps28	2.14014059409927e-06	1.25958899604514	0.778	0.17	0.0310962428322624
mrpl11	2.21186069895946e-06	1.78231520644232	0.889	0.26	0.0321383359558809
lpcat4	2.28479166719465e-06	0.319538929928174	0.222	0.017	0.0331980229243383
ifi46	2.29667442885793e-06	0.872573789320317	0.222	0.017	0.0333706794513057
ndufa6	2.40522415773933e-06	1.73894589362962	1	0.61	0.0349479070119525
rpl29	2.41761063160614e-06	1.33333696005408	1	0.996	0.0351278824772372
pgls	2.58375786061814e-06	0.483978095528617	0.333	0.036	0.0375420017147816
nipa2	2.66362085504684e-06	1.24809656837765	0.556	0.108	0.0387024110238307
suclg1	2.67505040977937e-06	1.69084809044032	0.889	0.415	0.0388684824540942
MRPS12	2.69847419028401e-06	1.59285148773279	0.889	0.332	0.0392088299848266
triap1	2.69964638588327e-06	0.770515491378791	0.556	0.092	0.0392258619868839
atp5mf	2.7653099025036e-06	1.9266799567876	1	0.751	0.0401799528833774
si:dkey-234h16.7	2.83075571756119e-06	0.589471731290249	0.333	0.036	0.0411308805761641
si:ch211-15d5.11	2.85989760414399e-06	0.573790295886158	0.222	0.017	0.0415543121882122
tomm7	2.89727657255997e-06	1.55820341152437	1	0.422	0.0420974285992963
mvda	2.97229106420781e-06	1.06220345208036	0.222	0.017	0.0431873891629394
mrpl14	2.98390394279039e-06	1.3208004891695	0.778	0.179	0.0433561242887443
rpl34	3.05258082486064e-06	0.852403737751983	1	0.999	0.044353999385225
cox7c	3.10299571967464e-06	2.2490145234642	1	0.82	0.0450865278068725
dnajc19	3.21368021449407e-06	0.94898402795804	0.556	0.103	0.0466947735165988
znf593	3.31491163562578e-06	1.24867712095663	0.889	0.246	0.0481656660656425
aurkaip1	3.37002918340995e-06	1.2727660433173	0.778	0.205	0.0489665240349465
