gene	p_val	avg_log2FC	pct.1	pct.2	p_val_adj
gpx3	1.75030602191521e-190	1.11291510256063	0.561	0.009	2.5431946498428e-186
pax3a	5.05089996127513e-149	1.20388834590794	0.585	0.014	7.33895764373276e-145
trpm1b	6.62967409710473e-89	1.51377042476972	0.732	0.043	9.63291646309318e-85
tfec	7.2851301938756e-83	0.357968475500593	0.195	0.002	1.05852941717013e-78
trim63a	2.31445917505763e-80	2.53939710551014	0.537	0.026	3.36290918135873e-76
tmprss3a	2.36933758747248e-78	0.336844916541442	0.171	0.002	3.44264751459751e-74
tfap2e	8.73405068520975e-62	2.12426112510378	0.878	0.093	1.26905756456098e-57
mgat4b	1.69493196346388e-61	1.29552860061767	0.707	0.06	2.46273614291301e-57
phlda1	9.19574806585439e-60	1.66365299765739	0.805	0.083	1.33614219396864e-55
mef2cb	4.86038483809972e-58	1.29587095972889	0.732	0.069	7.0621391697589e-54
cyth1b	5.20868667293353e-41	1.87012053038611	0.902	0.165	7.56822173577242e-37
gpr143	1.95334620970847e-38	1.26869957922469	0.951	0.153	2.8382120427064e-34
trmt1	2.99256278192632e-37	0.525809847562712	0.366	0.026	4.34819372213895e-33
CPNE8	2.72463961609561e-36	1.10920284264151	0.756	0.11	3.95890136218691e-32
slc45a2	1.22491415517088e-35	0.354551392520484	0.976	0.175	1.77980026746329e-31
ttyh2l	3.34102367863076e-34	0.800792801645218	0.439	0.04	4.85450740505049e-30
pcdh10a	1.48973186154522e-32	1.11106875353409	0.707	0.106	2.1645803948252e-28
si:dkey-204f11.64	2.08357619010032e-31	1.67899201872923	0.927	0.212	3.02743620421576e-27
si:dkey-12j5.1	1.02018415220671e-30	0.713073556978616	0.585	0.077	1.48232757315634e-26
smim29	2.25674967680931e-30	1.90774030377489	0.927	0.24	3.27905728040393e-26
bhlhe41	9.56799473811033e-30	1.14127131093371	0.585	0.082	1.39022963544743e-25
fuca2	4.01210081788346e-29	0.889592436152911	0.659	0.102	5.82958248838466e-25
zgc:110591	7.72843849857785e-29	1.10118967835875	0.707	0.12	1.12294211384336e-24
hs3st1l2	1.05770647991528e-26	0.320334156158101	0.171	0.008	1.5368475153169e-22
bloc1s4	1.1460201573136e-26	1.25077162568956	0.659	0.117	1.66516728857667e-22
sypl2b	1.39260968010134e-26	1.23913312784352	0.732	0.141	2.02346186518724e-22
bloc1s3	8.24255340806995e-26	0.465564593699919	0.39	0.041	1.19764301019256e-21
slc3a2a	1.34010238732092e-25	1.01821339893347	0.756	0.138	1.9471687687773e-21
iscub	1.34465086759595e-25	0.819047431324451	0.634	0.104	1.95377771061692e-21
cdh1	1.50915662339156e-25	0.575826484194947	0.537	0.073	2.19280457378793e-21
ankib1a	3.02439366210757e-25	0.41038906621628	0.293	0.024	4.39444399104229e-21
asah1a	3.12427986152603e-25	0.418560981130523	0.366	0.037	4.53957863879732e-21
akr7a3	4.30466534456251e-25	0.523620816130739	0.366	0.038	6.25467874564933e-21
mrpl43	2.91833457280397e-24	0.603215924362429	0.537	0.08	4.24034013428417e-20
spg21	3.66355230002898e-24	0.84148219525667	0.707	0.134	5.32314149194211e-20
mtbl	4.57504459844008e-24	0.419945631515321	0.854	0.197	6.64753980153344e-20
ppat	1.29138317323613e-23	0.629621859861577	0.488	0.07	1.8763797507121e-19
slc15a4	1.53155348559401e-23	0.616122951667921	0.366	0.04	2.2253472145681e-19
zeb2a	1.59722337342575e-23	1.08180692391277	0.683	0.134	2.32076556158761e-19
tfap2c	1.78973003005267e-23	0.52703907053484	0.366	0.041	2.60047773366653e-19
tspan36	4.19982333649308e-23	1.20506891637442	0.854	0.208	6.10234330792444e-19
mob1ba	4.2476615179378e-23	1.37328588728287	0.732	0.176	6.17185218556363e-19
tmem256	4.42036314501504e-23	0.850203746602745	0.634	0.116	6.42278764970686e-19
mlpha	5.50767102571175e-23	1.22961984997325	0.659	0.122	8.00264600035917e-19
npm1a	1.01701841957657e-22	1.71297197324674	0.976	0.413	1.47772776364476e-18
abracl	5.42914236500396e-22	1.09209840810607	0.927	0.275	7.88854385635075e-18
atp6v1ab	9.65940464777518e-22	0.800837450720211	0.61	0.111	1.40351149532173e-17
FO704721.1	1.24237862943203e-21	0.379505982285281	0.244	0.02	1.80517614856474e-17
adi1	1.55583048854086e-21	1.15575528587443	0.854	0.238	2.26062169984987e-17
emp3b	1.65861832565391e-21	0.891158168969609	0.463	0.068	2.40997242717513e-17
phactr2	2.45191416780935e-21	0.359014113791809	0.293	0.029	3.56263128582698e-17
scamp3	3.40331869270478e-21	0.661528087038351	0.659	0.123	4.94502206050004e-17
ablim3	3.9327156308553e-21	0.407402961192966	0.268	0.025	5.71423581163275e-17
mibp2	5.88311667920301e-21	1.25790597343419	1	0.898	8.54816853488198e-17
si:dkey-151g10.6	5.97948338649323e-21	0.679848594400893	1	1	8.68818936057467e-17
gm2a	9.85023665293552e-21	0.675744637878956	0.634	0.12	1.43123938567153e-16
foxo1a	2.5124300909905e-20	0.831895524732814	0.561	0.105	3.6505609222092e-16
rabl6b	3.63388429468923e-20	0.677092761887128	0.683	0.136	5.28003388018345e-16
ctsd	3.65241008245665e-20	1.29123849949431	1	0.434	5.30695184980951e-16
cox20	3.76775501857854e-20	0.707177659216283	0.61	0.121	5.47454804199462e-16
lamtor5	5.33281540267781e-20	0.97930624185939	0.829	0.219	7.74858078009085e-16
bri3	6.10793325578284e-20	0.544207085400806	0.732	0.151	8.87482702065247e-16
spock3	6.18754232744822e-20	0.727755792431422	0.756	0.166	8.99049900178226e-16
selenoj	6.21643200064489e-20	0.728497845043927	0.659	0.135	9.03247569693702e-16
eif4ebp3l	8.40251292791447e-20	1.65702597284741	0.927	0.324	1.22088512842597e-15
pabpc4	1.94623013037742e-19	0.313215678312279	0.244	0.022	2.82787237943839e-15
pard6gb	2.644768775653e-19	0.58927020953455	0.463	0.074	3.84284903102381e-15
FP085398.1	2.8377301324656e-19	0.250545919475622	0.244	0.022	4.12322188247251e-15
acsl1a	3.63554006902961e-19	0.663318950478582	0.463	0.075	5.28243972030003e-15
amdhd2	5.80625009472348e-19	0.684259617289142	0.537	0.098	8.43648138763322e-15
lpin1	6.23074970346824e-19	0.440801494211559	0.317	0.037	9.05327931913935e-15
si:dkey-21a6.5	7.91913017295271e-19	0.663599583595379	0.61	0.116	1.15064961413003e-14
pcbd1	8.01715559127938e-19	1.33586736158836	0.829	0.255	1.16489270741289e-14
nap1l4a	1.02720437083443e-18	0.735312137319413	0.683	0.159	1.49252795082243e-14
bloc1s6	1.04107418873399e-18	0.901439737302382	0.854	0.236	1.51268079623049e-14
zbtb8os	1.33194312088711e-18	0.73266674787593	0.732	0.175	1.93531335464896e-14
tcf25	2.68459264339834e-18	0.793393489739608	0.61	0.134	3.90071311085778e-14
polr3h	2.87263781367549e-18	0.675527006177416	0.585	0.12	4.17394274327049e-14
si:dkey-24c2.9	3.37116175924834e-18	0.27344971532936	0.22	0.019	4.89829803618784e-14
pla2g15	3.94454398276204e-18	1.07340263013464	0.732	0.196	5.73142240695324e-14
rpl7	5.86425883345449e-18	0.604407061861271	1	0.999	8.52076808500937e-14
rasd1	6.08511378074559e-18	0.924484123496914	0.585	0.119	8.84167032342334e-14
commd9	7.13927191634949e-18	0.737107166052659	0.537	0.107	1.03733620944558e-13
nop16	8.84806835071592e-18	0.81262221584946	0.707	0.174	1.28562433135902e-13
ipo4	9.16065999142028e-18	0.327043090334681	0.293	0.034	1.33104389675337e-13
tmeff2b	1.01236323026193e-17	0.740869603020519	0.341	0.046	1.47096377357058e-13
atp5if1b	1.14700149208425e-17	0.913421955640674	0.927	0.301	1.66659316799841e-13
mrpl16	1.18673276811643e-17	0.560144681597022	0.488	0.088	1.72432271207318e-13
rpl26.1	1.90588194209696e-17	1.07536682208442	1	0.894	2.76924646186689e-13
wdr3	2.38328313319389e-17	0.698681621940548	0.561	0.12	3.46291039253072e-13
gpm6ab	3.17248401964459e-17	0.729041146674764	0.927	0.291	4.60961928054359e-13
pithd1	3.33818792896734e-17	0.766024108466431	0.39	0.061	4.85038706078955e-13
eef1akmt1	4.05875056813424e-17	0.599562308065156	0.488	0.091	5.89736457549905e-13
ddx27	4.37833458498661e-17	0.826608822895198	0.61	0.139	6.36172015198555e-13
aamp	6.63067800036927e-17	0.876928938088612	0.659	0.175	9.63437513453655e-13
si:dkey-112e7.2	6.70790013136496e-17	0.830415025588512	0.878	0.274	9.74657889087329e-13
nop10	6.72549279845009e-17	1.18724744648411	0.927	0.375	9.77214103614798e-13
adssl1	6.86187715637287e-17	0.369067269828423	0.317	0.041	9.97030750820978e-13
elf1	7.02210241646079e-17	0.353710196541312	0.317	0.041	1.02031148111175e-12
ctsa	7.02444373926254e-17	0.598302304718717	0.512	0.101	1.02065167531485e-12
rab32a	9.61138509551595e-17	0.567906007156135	0.585	0.12	1.39653425437847e-12
CABZ01048402.2	1.06298212903981e-16	0.283708741443173	0.22	0.021	1.54451303349484e-12
sox10	1.11453703241888e-16	0.923742373688941	0.878	0.273	1.61942230810463e-12
park7	1.28189955819124e-16	0.719374826392144	0.585	0.128	1.86260005805187e-12
tyr	1.4311184700143e-16	0.340614978072843	0.268	0.031	2.07941513693078e-12
dtnbp1a	1.46265837521939e-16	0.83249914191701	0.634	0.149	2.12524261919378e-12
adam19a	1.4654969025131e-16	0.365469801148737	0.366	0.054	2.12936699935154e-12
washc3	1.77591645150039e-16	0.466251667391816	0.341	0.049	2.58040660403007e-12
mocs2	1.94301142062577e-16	0.570081250463836	0.366	0.057	2.82319559416924e-12
ckbb	1.9913526274313e-16	1.08806650975273	0.902	0.327	2.89343536765767e-12
rpl36	2.79834709271227e-16	0.553470448080475	1	0.999	4.06599832571093e-12
rpl3	4.58294084430956e-16	0.543073453794625	1	0.999	6.6590130467818e-12
hps5	4.8414362700828e-16	0.28676523196352	0.244	0.027	7.0346069004303e-12
mtch2	1.00332410881139e-15	0.689799663910813	0.78	0.218	1.45782993010295e-11
gas2l1	1.18421515009235e-15	0.275712401048273	0.22	0.022	1.72066461308419e-11
gadd45ga	1.50247643818292e-15	1.27665304185033	0.902	0.318	2.18309826467979e-11
mars	1.51005003007115e-15	0.521306118465789	0.512	0.105	2.19410269369338e-11
rab7a	1.64111300836985e-15	0.908219429417879	0.878	0.312	2.38453720116139e-11
vma21	1.80843586004108e-15	0.966458544090166	0.902	0.347	2.62765730463969e-11
mrpl27	2.38213918814928e-15	0.782553237708697	0.683	0.186	3.4612482403809e-11
snu13b	2.4190447282235e-15	1.16967573082388	0.951	0.459	3.51487199010874e-11
zgc:110239	2.49463074787817e-15	0.586529724624662	0.634	0.152	3.62469847666699e-11
c1qbp	2.68991042274435e-15	0.955523162787188	0.707	0.209	3.90843984424755e-11
prdx2	2.8012338506736e-15	0.920815739406527	1	0.876	4.07019278502875e-11
pcbp4	3.32015864553203e-15	0.415328425412049	0.512	0.1	4.82419051195805e-11
sod1	3.94694708483374e-15	2.17425739433409	0.951	0.588	5.73491411426343e-11
LEPROTL1	4.01371549547908e-15	1.0611607272448	0.927	0.402	5.83192861493111e-11
sdr39u1	4.10080465958793e-15	0.336175357525216	0.268	0.034	5.95846917038126e-11
atp5mc3b	4.59259769084135e-15	0.841530305052166	1	0.947	6.67304444479248e-11
timm8b	5.01533064825461e-15	0.868448609085253	0.78	0.242	7.28727543191395e-11
pgd	5.57460058276655e-15	0.833377715275638	0.61	0.152	8.0998946467598e-11
atp6v1g1	6.52737101849506e-15	1.03459755627922	0.976	0.443	9.48427008987332e-11
rpl7a	6.98680133150564e-15	0.511760952607966	1	1	1.01518223346777e-10
rps28	7.49817730172529e-15	0.575146807023042	1	0.997	1.08948516194069e-10
stambpa	8.21443174783612e-15	0.56600343012866	0.61	0.142	1.19355693296059e-10
hccsa.1	9.4496575741843e-15	0.447685007200946	0.317	0.047	1.37303524552898e-10
rpl37.1	1.09558683461513e-14	0.504993675536808	1	0.999	1.59188767069578e-10
naga	1.15708379938449e-14	0.740948003955513	0.585	0.142	1.68124276050566e-10
rab3il1	1.45450944661657e-14	0.419467846286772	0.366	0.061	2.11340222593387e-10
rpl11	1.5065147438117e-14	0.518932723829995	1	0.999	2.1889659227584e-10
washc5	1.98493405878037e-14	0.378129560601426	0.268	0.036	2.88410918740788e-10
nol7	2.1942325737921e-14	0.750707006002763	0.683	0.198	3.18821992971992e-10
got2b	2.19680782441103e-14	0.98253400418483	0.829	0.302	3.19196176886922e-10
wars	2.23911462615763e-14	0.605571058783737	0.39	0.071	3.25343355180704e-10
snai2	2.8219321484777e-14	0.796012883895004	0.756	0.219	4.1002674117381e-10
glb1l	3.18487976187154e-14	0.378809849052086	0.39	0.068	4.62763029399934e-10
pttg1ipb	3.24155704474471e-14	0.541730844857898	0.756	0.215	4.70998238601407e-10
dhrs12	3.38683373119503e-14	0.434968943698456	0.463	0.092	4.92106941142638e-10
vps41	3.40957665333165e-14	0.422761841801358	0.317	0.048	4.95411487729088e-10
bloc1s5	3.52492168015734e-14	0.407312353687459	0.341	0.056	5.12171120126861e-10
paics	4.03617393655262e-14	1.01612173921751	0.707	0.224	5.86456072981096e-10
rpp21	4.04978029770774e-14	0.460425309902495	0.439	0.087	5.88433077256935e-10
llph	4.56400618315451e-14	0.69752808487703	0.707	0.203	6.6315009841235e-10
pes	4.71151761565488e-14	0.793954854513033	0.634	0.179	6.84583509554654e-10
eif4ebp1	5.48086818979559e-14	1.02624455354452	0.951	0.434	7.96370147977299e-10
ssb	6.98298416659001e-14	0.94761469445357	0.732	0.247	1.01462759940553e-09
ndufab1a	7.35311082444223e-14	0.878168679302273	0.878	0.349	1.06840700279146e-09
bysl	7.9829829624706e-14	0.741756276981069	0.756	0.241	1.15992742444698e-09
slc31a2	8.17648132117343e-14	0.343941502078784	0.22	0.025	1.1880427359665e-09
ap3b1a	8.83800601968315e-14	0.40294458565094	0.341	0.057	1.28416227465996e-09
rps16	8.84704836265828e-14	0.493289633592966	1	0.999	1.28547612709425e-09
zgc:65997	9.21684668666616e-14	0.367828733143824	0.293	0.043	1.33920782357259e-09
rps6	9.51708745688855e-14	0.499233524207992	1	0.999	1.38283280748591e-09
rps12	9.7393994304481e-14	0.529250941875596	1	0.999	1.41513473724411e-09
bud23	1.10135523106182e-13	0.612858139490583	0.439	0.093	1.60026915073282e-09
ctsba	1.19823668922885e-13	0.938935794472107	0.927	0.359	1.74103790944952e-09
pgm2	1.23033491469968e-13	0.256064114325517	0.195	0.021	1.78767663105863e-09
rps7	1.35489957751471e-13	0.509658730763809	1	0.998	1.96866908612887e-09
atp5if1a	1.75553461393552e-13	1.11626565138826	0.951	0.522	2.55079179404831e-09
rpp40	1.82784864305453e-13	0.299568094371988	0.195	0.021	2.65586407835824e-09
mef2ca	2.03545980024167e-13	0.424102457656233	0.317	0.051	2.95752308975114e-09
lrmda	2.59087138635567e-13	0.41873502363792	0.268	0.038	3.76453612437478e-09
rpl29	2.61009408127789e-13	0.628618368994862	1	0.996	3.79246670009677e-09
ebna1bp2	2.6417389539859e-13	0.900667148521869	0.756	0.281	3.83844670014151e-09
mrpl28	2.78131639318322e-13	0.742462473318769	0.659	0.189	4.04125271929522e-09
imp4	3.72429820702125e-13	0.613082514151817	0.463	0.105	5.41140529480187e-09
tnika	4.10300969001132e-13	0.310569815618587	0.22	0.027	5.96167307958644e-09
mitfa	4.17081988772975e-13	0.531110627668766	0.415	0.081	6.06020129687133e-09
btf3l4	4.19674585640363e-13	1.0061906361824	0.902	0.42	6.09787172935448e-09
nop58	4.68510230758818e-13	1.01610812412223	0.878	0.376	6.80745365292563e-09
agtrap	5.26447886432432e-13	0.518078409367727	0.415	0.082	7.64928778986323e-09
rraga	5.99261402025839e-13	0.604309112037773	0.683	0.198	8.70726817143544e-09
uqcrh	7.02162977991814e-13	0.954976777708855	0.976	0.713	1.02024280702211e-08
rpf2	7.72881426971268e-13	0.602234520586223	0.512	0.127	1.12299671338925e-08
ttc27	8.41881780304704e-13	0.41022265729181	0.22	0.028	1.22325422678273e-08
drg1	1.02599086731237e-12	0.626967968492042	0.61	0.167	1.49076473020487e-08
cdk15	1.26411946836703e-12	0.421826378140791	0.317	0.053	1.83676558753729e-08
ctsla	1.28087138633879e-12	1.01731552551411	1	0.762	1.86110612435026e-08
ap3m2	1.33341164022222e-12	0.591768979555106	0.585	0.15	1.93744711324289e-08
rnaset2	1.73715832794904e-12	0.689885340447876	0.561	0.148	2.52409105050996e-08
rcc2	1.8137909599398e-12	0.997518309501099	0.878	0.396	2.63543826479253e-08
mettl17	1.91231662528932e-12	0.348898820132914	0.268	0.04	2.77859605654538e-08
ssbp1	2.0168249433562e-12	0.646534931789884	0.561	0.155	2.93044664269655e-08
pepd	2.26584149261244e-12	0.552404077799554	0.61	0.162	3.29226768876588e-08
pfdn4	2.4348491595566e-12	0.895046242574936	0.976	0.536	3.53783582883574e-08
atp5pf	2.65073497494002e-12	0.903666266896605	0.976	0.692	3.85151791858785e-08
sirt7.1	2.80022804863644e-12	0.754000552435057	0.634	0.192	4.06873135466875e-08
UTP14C	2.92030673590774e-12	0.494631534631659	0.488	0.117	4.24320568727395e-08
rps15a	3.27202198429365e-12	0.46903710892836	1	0.999	4.75424794317868e-08
mybbp1a	3.36411701807266e-12	0.456977743336585	0.341	0.066	4.88806202725957e-08
si:ch211-262i1.6	4.13103807199954e-12	0.48183077313643	0.39	0.08	6.00239831861533e-08
prmt1	4.17786210962623e-12	1.14030599806078	0.927	0.488	6.07043364528691e-08
rps21	4.18639373614649e-12	0.464977567734725	1	0.997	6.08283009862085e-08
tp53rk	4.54311899965017e-12	0.424544381957166	0.439	0.097	6.6011519064917e-08
mrpl34	5.1549843038984e-12	0.701198699616855	0.732	0.242	7.49019219356438e-08
imp3	5.77072555348622e-12	0.377978786543103	0.39	0.08	8.38486422921548e-08
atg3	5.96269062445177e-12	0.601078704942943	0.537	0.141	8.66378947732842e-08
rpp14	6.12043294286628e-12	0.391005973227096	0.39	0.081	8.89298906598471e-08
fbl	6.12178883307482e-12	0.903718941138463	0.854	0.388	8.89495917445771e-08
pfdn2	6.14150304482644e-12	0.787220318545503	0.902	0.402	8.92360392413282e-08
sash1b	6.8950045517192e-12	0.360621976957698	0.22	0.029	1.0018441613648e-07
mrpl44	7.06113194460266e-12	0.588251259833254	0.561	0.157	1.02598247155077e-07
rpl19	7.27993650986757e-12	0.413814772008228	1	0.999	1.05777477488376e-07
aqp3a	8.44151380376688e-12	1.11760987157946	0.439	0.106	1.22655195568733e-07
rrp9	9.49580713537219e-12	0.318574792128607	0.366	0.071	1.37974077676958e-07
tmem126a	9.58283167843462e-12	0.513831929101712	0.488	0.12	1.39238544287655e-07
tmem134	9.85798929079195e-12	0.614924562683449	0.585	0.173	1.43236584395207e-07
qdpra	9.89463215714425e-12	0.67911595316776	0.512	0.131	1.43769005243306e-07
adipor2	1.0848575268976e-11	0.778501412452114	0.756	0.252	1.57629798658222e-07
atp6ap1b	1.10978178421051e-11	0.507414265734712	0.463	0.108	1.61251293245788e-07
rnaseka	1.29381528169086e-11	0.546443744833939	0.805	0.28	1.87991360429681e-07
rrp8	1.36150461071588e-11	0.382901642669411	0.293	0.051	1.97826619937018e-07
rpl18a	1.39662589070984e-11	0.391900318904679	1	1	2.02929741920139e-07
tmem50a	1.50365831188298e-11	0.808615687332628	0.878	0.401	2.18481552716597e-07
atp5md	1.51842140721064e-11	0.902641122144416	0.927	0.599	2.20626630467706e-07
cox17	1.69082833704374e-11	0.762746180292956	0.61	0.191	2.45677357372455e-07
slirp	1.78185832445167e-11	0.790228621663809	0.756	0.273	2.58904014542828e-07
mrpl41	1.82059344483168e-11	0.535070005126442	0.488	0.125	2.64532227534043e-07
si:ch211-210c8.7	1.82413707129994e-11	0.51597803688216	0.537	0.141	2.65047116459882e-07
nmt1a	1.85235001432042e-11	0.726459479866731	0.732	0.261	2.69146457080757e-07
bloc1s1	1.98161351444816e-11	0.584719821008907	0.537	0.145	2.87928443649318e-07
cst14a.2	2.02985334623197e-11	0.824472278847636	0.951	0.513	2.94937691207506e-07
litaf	2.04335241096674e-11	0.752867925119667	0.634	0.192	2.96899105313467e-07
rpl35a	2.29126742748903e-11	0.448590275202127	1	0.998	3.32921157214157e-07
prss16	2.37449653706583e-11	0.47355384006484	0.463	0.111	3.45014346835665e-07
RPL37A	2.61779576267509e-11	0.403508653276122	1	0.999	3.80365724316691e-07
zgc:152830	2.69481548949852e-11	0.515905704508906	0.537	0.147	3.91556690624135e-07
sox4a.1	3.40621701199873e-11	1.58093103379116	0.707	0.314	4.94923331843416e-07
hypk	3.42155442230926e-11	0.806639626709937	0.927	0.492	4.97151857561536e-07
commd3	4.03125044846779e-11	0.457142163731838	0.634	0.181	5.8574069016237e-07
cct5	4.04611354652363e-11	0.809950627271596	1	0.84	5.87900298309883e-07
mrpl12	4.38490224010698e-11	0.761700412752607	0.732	0.27	6.37126295487544e-07
ctsz	4.45429515549873e-11	0.514661473147728	0.512	0.136	6.47209086093966e-07
gar1	5.78544344666082e-11	0.929449402301497	0.707	0.263	8.40624932799816e-07
mrpl36	5.94611091698968e-11	0.598262623033557	0.732	0.253	8.639699162386e-07
rps19	6.49204075587117e-11	0.400689118723932	1	0.999	9.43293521828081e-07
cib1	6.83114476157268e-11	0.44697525673986	0.78	0.245	9.92565333856511e-07
ivns1abpa	7.09557876785591e-11	0.382199911848621	0.317	0.06	1.03098759496946e-06
mrpl18	7.41743304489337e-11	0.71907257029119	0.634	0.215	1.07775302142301e-06
tsr1	7.67594304604841e-11	0.46351693158928	0.39	0.088	1.11531452459083e-06
dele1	7.9561452897714e-11	0.463634740275196	0.439	0.107	1.15602791060378e-06
nol11	8.50165922499295e-11	0.392352424804976	0.463	0.114	1.23529108539148e-06
zgc:165573	8.70780287479194e-11	0.425827951342211	0.512	0.13	1.26524375770727e-06
mrpl3	9.52539015817883e-11	0.413579269433195	0.439	0.107	1.38403918998338e-06
rpl15	1.01000593121239e-10	0.440218555524371	1	0.999	1.46753861805161e-06
iars	1.17087789554735e-10	0.444375530164288	0.341	0.073	1.7012855822303e-06
si:ch211-161h7.8	1.25739341971127e-10	0.58375299055069	0.122	0.011	1.82699263884047e-06
ybx1	1.30979216054418e-10	0.579373697674018	1	0.998	1.90312800927069e-06
nhp2	1.42845127028834e-10	0.990770803118102	0.732	0.312	2.07553969572896e-06
gstt1a	1.6732394853353e-10	0.540320583513346	0.805	0.327	2.4312169721922e-06
tmem243b	2.0128420147168e-10	0.799821436030455	0.561	0.179	2.92465944738352e-06
ppifb	2.11271119520778e-10	0.34567163897441	0.39	0.088	3.0697693666369e-06
cox7b	2.26332997186451e-10	0.722936446827569	1	0.824	3.28861844911913e-06
cox7a2a	2.71202613000091e-10	0.848325442154503	0.976	0.682	3.94057396689133e-06
rars	3.02677173499146e-10	0.5273730517703	0.537	0.16	4.39789933094259e-06
asah1b	3.06849382816063e-10	0.359729023903144	0.341	0.071	4.4585215323174e-06
lyrm1	3.27408967436854e-10	0.279841965161441	0.195	0.027	4.75725229685749e-06
hdac9b	3.44458895417469e-10	0.251618852779208	0.146	0.016	5.00498775041582e-06
rps9	3.45414338198287e-10	0.450463204026482	1	0.999	5.01887033402111e-06
aimp1	3.46261584299307e-10	0.625039554771123	0.732	0.277	5.03118081986893e-06
slc25a26	3.60499315381749e-10	0.356226914839937	0.317	0.065	5.23805505249681e-06
exosc3	3.79038878238583e-10	0.433655120985085	0.317	0.065	5.5074349008066e-06
psmb3	3.85420641592096e-10	0.786809217125019	1	0.621	5.60016192233315e-06
farsa	4.2791356882322e-10	0.469191321704444	0.561	0.166	6.21758415500139e-06
hspd1	4.34066968306273e-10	0.803991112548881	0.878	0.434	6.30699304949015e-06
mrpl4	4.39876001402363e-10	0.581849901261837	0.537	0.163	6.39139830037633e-06
iah1	4.41033360062533e-10	0.350992174722137	0.39	0.091	6.40821472170861e-06
mcts1	4.59540751290914e-10	0.71945595621043	0.805	0.324	6.67712711625698e-06
timm10	4.74344451821492e-10	0.48135614049336	0.561	0.165	6.89222488496629e-06
rps2	4.76672030121311e-10	0.391165855958297	1	1	6.92604459766266e-06
qars	4.7808686314692e-10	0.441432622232212	0.439	0.113	6.94660212152475e-06
si:ch211-68a17.7	5.00531423767997e-10	0.340657565911382	0.341	0.073	7.27272158734899e-06
zgc:63863	5.12599591880582e-10	0.368082946180475	0.415	0.099	7.44807207002486e-06
rpl27	5.48467290807411e-10	0.429287571722526	1	0.997	7.96922973543167e-06
scpep1	5.6022654411612e-10	0.703852184185648	0.61	0.204	8.14009168600722e-06
slc25a3b	5.83695915723989e-10	0.644692448539211	0.976	0.902	8.48110165546957e-06
aldh16a1	5.91861191649569e-10	0.277594137894804	0.244	0.041	8.59974311466823e-06
gmps	6.01134207593057e-10	0.496141555752815	0.512	0.148	8.73448003632712e-06
usp10	6.68372488051718e-10	0.418067285964151	0.488	0.133	9.71145225139146e-06
parp6b	6.9375426135869e-10	0.290057517510071	0.171	0.022	1.00802494175418e-05
larsb	7.08575832407236e-10	0.295407875441964	0.293	0.057	1.02956068448771e-05
slc38a11	7.12286418758728e-10	0.287922213235428	0.293	0.056	1.03495216645643e-05
nat10	7.50808767504767e-10	0.474899555783704	0.317	0.07	1.09092513918443e-05
si:zfos-943e10.1	7.92757852787389e-10	0.661837098447679	0.659	0.219	1.15187716010008e-05
ncl	8.04310140212641e-10	0.9707509238887	0.976	0.682	1.16866263372897e-05
ppp2r5d	8.20699953229634e-10	0.655586546262339	0.537	0.158	1.19247703204266e-05
tomm6	8.6019866467733e-10	0.724398723154048	0.805	0.366	1.24986865977616e-05
bloc1s2	8.73660123740795e-10	0.485073306346106	0.634	0.204	1.26942815979538e-05
rrp12	8.90039099758969e-10	0.426308972250606	0.317	0.069	1.29322681194978e-05
zgc:63831	9.44581978328173e-10	0.414455985537883	0.317	0.066	1.37247761451084e-05
lamtor4	9.97756109693562e-10	0.570338813751757	0.732	0.265	1.44973962738474e-05
osbpl10b	1.01088782717839e-09	0.255624285109275	0.341	0.072	1.46882001289019e-05
pwp2h	1.02738456496402e-09	0.536054385805735	0.317	0.07	1.49278977289271e-05
akr1b1	1.03338192351982e-09	0.793288089955351	0.488	0.139	1.5015039348743e-05
nop56	1.05755570419553e-09	0.768346086869741	0.927	0.458	1.53662843819611e-05
sf3a3	1.05878735789019e-09	0.566381384097063	0.659	0.223	1.53841803101445e-05
elac1	1.18247536976495e-09	0.308689671434107	0.293	0.057	1.71813671226847e-05
lap3	1.19218573153953e-09	0.258696406631128	0.268	0.05	1.73224586792693e-05
minos1	1.20227015879804e-09	0.724779328654062	0.829	0.358	1.74689854073355e-05
commd7	1.24532973188842e-09	0.532228240984789	0.683	0.232	1.80946410043388e-05
ndufaf2	1.30733058115902e-09	0.318314479849041	0.244	0.043	1.89955133442405e-05
cct2.1	1.32453044477083e-09	0.754340095500973	0.976	0.786	1.92454273625201e-05
nufip1	1.36498859488096e-09	0.291550917560053	0.244	0.043	1.98332842836203e-05
coq3	1.38878372839887e-09	0.353812328513215	0.317	0.067	2.01790275736356e-05
flcn	1.40366766133263e-09	0.347247754071054	0.415	0.102	2.03952911191632e-05
si:dkey-102m7.3	1.47854583688346e-09	0.82002148491587	0.634	0.227	2.14832710099167e-05
rhebl1	1.50972821364761e-09	0.50524529672224	0.659	0.218	2.19363509442998e-05
atp5f1b	1.5408871747564e-09	0.725465760830928	1	0.921	2.23890906492105e-05
metap1	1.56141662172286e-09	0.550907543904214	0.659	0.233	2.26873835136331e-05
zgc:110789	1.6191786949154e-09	0.301165799464748	0.22	0.036	2.35266664371207e-05
cited1	1.70052070050621e-09	0.483262375675507	0.439	0.115	2.47085657783552e-05
rps26l	1.70763782479056e-09	0.483493236442882	1	0.995	2.48119775942069e-05
gnpda2	1.79835753556916e-09	0.269187023532402	0.244	0.043	2.61301349918199e-05
tmem33	1.81190455268406e-09	0.798010748047736	0.78	0.387	2.63269731504994e-05
tmem251	2.02723268711815e-09	0.410395290944015	0.512	0.146	2.94556909438267e-05
timm10b	2.28847230764125e-09	0.36743937306314	0.341	0.078	3.32515026300273e-05
rhbdf1a	2.45409543584637e-09	0.524544120614178	0.439	0.121	3.56580066828477e-05
uqcrq	2.46191301252904e-09	0.689440197827867	0.976	0.604	3.57715960720469e-05
wdr12	2.64766595793039e-09	0.591158244087062	0.39	0.106	3.84705863687285e-05
hyi	2.70029105206913e-09	0.398197674434327	0.293	0.061	3.92352289865645e-05
pfas	2.80486619990782e-09	0.295031353440932	0.268	0.051	4.07547058846607e-05
rpl39	3.03999650614557e-09	0.398741046519419	1	0.999	4.41711492342951e-05
pa2g4b	3.11180764464842e-09	0.814847826001915	0.854	0.451	4.52145650767415e-05
bccip	3.19882895547846e-09	0.82119753513967	0.878	0.455	4.6478984723102e-05
cops8	3.37314035475681e-09	0.564611421063062	0.683	0.249	4.90117293546164e-05
pinx1	3.38920485200634e-09	0.68520695204618	0.634	0.242	4.92451464996521e-05
mrpl24	3.42515781849571e-09	0.555206066598304	0.512	0.16	4.97675431027426e-05
mrpl54	3.52412076000885e-09	0.49296146112312	0.707	0.243	5.12054746429286e-05
her15.1	4.0841462695172e-09	0.62272283386531	0.488	0.154	5.93426452960849e-05
eef1a1l1	4.12421670211926e-09	0.354400192380469	1	1	5.99248686817928e-05
atp6v1ba	4.54903013920392e-09	0.521073584075875	0.659	0.227	6.6097407922633e-05
COX5B	4.70792614219583e-09	0.675288728157484	1	0.849	6.84061668461054e-05
kitlga	4.89526519835112e-09	0.273607746628733	0.195	0.031	7.11282033320417e-05
oxa1l	5.04547695478364e-09	0.386993856492808	0.39	0.1	7.33107801530062e-05
sept9a	5.25504854488564e-09	0.433465393322279	0.561	0.173	7.63558553571884e-05
faua	5.47349132034934e-09	0.384525872619204	1	0.997	7.95298288846759e-05
zgc:66433	6.63643665781557e-09	0.3927832276657	0.512	0.15	9.64274246380602e-05
trmt61a	6.65898649121134e-09	0.329917346663059	0.317	0.072	9.67550737173007e-05
rwdd1	8.18268454275156e-09	0.643803220899284	0.805	0.367	0.00011889440640618
myg1	8.50557779119621e-09	0.489567660663693	0.659	0.23	0.000123586045306081
rpf1	9.02106211622361e-09	0.445099004963408	0.512	0.157	0.000131076032548729
si:ch211-141e20.2	9.35768290539908e-09	0.254753811967355	0.146	0.019	0.000135967132615449
vac14	9.45077067256063e-09	0.274184377008392	0.268	0.054	0.000137319697872306
atp5f1e	9.94626842837354e-09	0.65533322198372	1	0.807	0.000144519280264268
ap5m1	1.03969135066231e-08	0.321415938763899	0.171	0.025	0.000151067153251234
trap1	1.04613308647536e-08	0.336464290809462	0.293	0.064	0.000152003137464869
mrpl22	1.05283551705234e-08	0.514199954406608	0.463	0.142	0.000152977000627704
mtap	1.06156403993778e-08	0.398113640855595	0.512	0.157	0.00015424525500296
atp6ap2	1.08261937336683e-08	0.548622881482055	0.854	0.369	0.0001573045949502
cited4b	1.10005757635137e-08	1.20859945940302	0.61	0.275	0.000159838365843855
rpl34	1.14196713862998e-08	0.412922790438631	1	0.999	0.000165927825242937
sigmar1	1.160124864641e-08	0.348799923679664	0.439	0.121	0.000168566142832337
rps3a	1.17351546744436e-08	0.423868004985047	1	0.998	0.000170511797419666
sh3glb2b	1.17581151183362e-08	0.457920873565761	0.61	0.207	0.000170845412669424
adkb	1.39103971112706e-08	0.419835656435885	0.39	0.104	0.000202118070026761
hsd17b12b	1.39536636790522e-08	0.458953936106968	0.317	0.074	0.000202746733256628
pkma	1.48758552823827e-08	0.368887593443033	0.585	0.186	0.000216146177253021
CABZ01032488.1	1.50102801170044e-08	0.508847506503199	0.537	0.173	0.000218099370100074
pak1ip1	1.52441065537227e-08	0.373454657542061	0.463	0.137	0.00022149686822559
utp15	1.52929571261687e-08	0.42355844660523	0.39	0.107	0.000222206667043231
atp5mf	1.56506437572654e-08	0.687917768500375	0.976	0.749	0.000227403853793067
cant1a	1.7405391026169e-08	0.315021889958285	0.341	0.083	0.000252900331610235
syngr2a	1.79781375160428e-08	0.440579656409416	0.366	0.094	0.000261222338108101
cct3	1.88939470174286e-08	0.706651304905901	0.976	0.724	0.000274529050163237
anapc13	1.95627393219038e-08	0.454832713143593	0.439	0.13	0.000284246602347263
tcp1	1.97930472333923e-08	0.674306623005851	1	0.785	0.000287592976301191
nme4	2.10590872609618e-08	0.37598359423141	0.341	0.083	0.000305988537901774
vps29	2.17607863136611e-08	0.597511721247339	0.878	0.421	0.000316184225137495
TXN	2.19355151031994e-08	0.61344137378247	1	0.918	0.000318723034449488
naca	2.23570970396285e-08	0.392947186534877	1	0.996	0.000324848619985802
gtpbp4	2.38401117160019e-08	0.652039652184627	0.976	0.649	0.000346396823233507
rplp1	2.38964874951438e-08	0.360003051769193	1	0.999	0.000347215963304439
her15.1.1	2.40912753242483e-08	0.774478351128527	0.463	0.146	0.000350046230461327
mrps18a	2.43591040213089e-08	0.439431983865238	0.488	0.151	0.000353937781429618
si:ch211-286b5.5	2.45103710324164e-08	0.643833476569981	0.927	0.458	0.000356135691101011
tuba8l3	2.48723130171287e-08	0.655406288146459	0.902	0.476	0.000361394708138881
nme2b.1	2.5538420782214e-08	0.462596600600015	1	0.994	0.00037107325396557
ucp2	2.78344363665948e-08	0.710036601548217	0.829	0.391	0.000404434360406622
abcf1	2.82666231626349e-08	0.627863667954452	0.878	0.389	0.000410714034553086
etfa	2.89578777403941e-08	0.596517602818155	0.805	0.333	0.000420757963567926
eif6	2.95961171876446e-08	0.545350778619083	0.902	0.423	0.000430031582736476
ufc1	3.06229273013663e-08	0.500290910919889	0.732	0.291	0.000444951133688852
fgfr1op	3.25517755850668e-08	0.295063948617006	0.415	0.113	0.000472977299251021
cln6a	3.31249342949829e-08	0.264266509424127	0.317	0.074	0.000481305295306102
denr	3.48549904549118e-08	0.665781590753388	0.756	0.372	0.000506443011309869
zgc:85789	3.55569099872583e-08	0.299825671273437	0.268	0.058	0.000516641902114862
rpl36a	4.05812352312112e-08	0.415390183242797	1	0.998	0.000589645347909499
mogs	4.32711220038431e-08	0.314224827061609	0.317	0.076	0.00062872940271584
tsr2	4.32790737385554e-08	0.499033693098011	0.512	0.175	0.00062884494142121
cryl1	4.43776148291096e-08	0.353934931453017	0.341	0.087	0.000644806743466963
rps19bp1	4.50561507447385e-08	0.463158575404976	0.659	0.247	0.00065466587032105
aldoaa	4.59888097517753e-08	0.679522443367004	0.976	0.651	0.000668217405693296
zgc:92242	4.69238543121849e-08	0.619977026055411	0.756	0.33	0.000681803603156047
ndufa10	5.20534455681368e-08	0.741778782584362	0.805	0.411	0.000756336564105028
dnajc2	5.38210164919651e-08	0.316791572192175	0.341	0.087	0.000782019369628253
dync1li2	5.58527333049499e-08	0.441453948557432	0.512	0.165	0.000811540214920921
nadkb	5.61390169643922e-08	0.281157502795187	0.317	0.076	0.000815699916492618
nde1	5.65397627217246e-08	0.324789861427766	0.341	0.087	0.000821522752346658
si:ch211-217k17.7	5.82223083709246e-08	0.583534238937132	0.561	0.202	0.000845970140629535
naa10	5.87242512425476e-08	0.731768150974285	0.878	0.494	0.000853263370554217
mrps9	6.10970569614478e-08	0.432562073078248	0.463	0.143	0.000887740237649836
nol10	6.41425000157969e-08	0.327725201265801	0.293	0.068	0.000931990525229529
canx	6.46227959426145e-08	0.934080518921214	0.78	0.403	0.000938969225046189
dhps	6.54754666656583e-08	0.346951690377599	0.317	0.079	0.000951358530652015
vars	6.66600218757355e-08	0.355465570271512	0.293	0.07	0.000968570117854437
slc30a7	6.71253988575336e-08	0.436414004926664	0.585	0.205	0.000975332045399964
tomm7	6.76739157329404e-08	0.568229989505455	0.878	0.418	0.000983301995599623
impdh1b	7.31778930101343e-08	0.499567480032189	0.756	0.316	0.00106327478543725
mtg1	7.49039605986632e-08	0.29480900934064	0.268	0.059	0.00108835454749858
uqcr10	7.57758651624578e-08	0.716874599406325	0.902	0.63	0.00110102332081051
nars	7.70612992450061e-08	0.529359442522908	0.683	0.28	0.00111970067802994
sqstm1	7.73870504963343e-08	0.738324410473953	0.488	0.157	0.00112443384371174
pigf	7.94682079822645e-08	0.357811505916089	0.512	0.164	0.0011546730619823
gcsha	8.08392692305678e-08	0.466467874429868	0.585	0.209	0.00117459458192015
lamtor2	8.59946030087258e-08	0.625560467179856	0.659	0.278	0.00124950158171679
phb	8.88437316778731e-08	0.715886812686096	0.78	0.4	0.0012908994212795
sptan1	9.27149415200544e-08	0.473035480919343	0.488	0.156	0.00134714810028639
mrpl45	9.39380572754151e-08	0.395660733829921	0.439	0.133	0.00136491997221178
samm50	9.49178257147536e-08	0.316886184122378	0.366	0.098	0.00137915600763537
pus1	1.02614522009942e-07	0.251946659991562	0.195	0.036	0.00149098900480446
impa1	1.03051673347579e-07	0.404897289546496	0.415	0.123	0.00149734081374032
rpl7l1	1.19011827248941e-07	0.572966001192759	0.732	0.316	0.00172924184992711
TPGS1	1.19221492707554e-07	0.352083357093401	0.415	0.12	0.00173228828904076
cycsb	1.19363317800599e-07	0.6725148054317	0.976	0.603	0.0017343490076427
exosc5	1.23139722850261e-07	0.401309577451703	0.439	0.137	0.00178922017301429
tmem147	1.29298904811238e-07	0.560545776153959	0.707	0.3	0.00187871308690729
scamp4	1.34578551215704e-07	0.303531803248842	0.268	0.061	0.00195542634916419
parn	1.34831172202434e-07	0.490265804112977	0.488	0.165	0.00195909693210137
cox19	1.37096370273842e-07	0.262150907506925	0.268	0.061	0.00199201026007893
mrto4	1.37623044302785e-07	0.330891380197593	0.366	0.101	0.00199966283371946
trmt112	1.40359985928159e-07	0.504365998470567	0.61	0.238	0.00203943059553614
psmc6	1.40753914926622e-07	0.644345525340637	0.927	0.542	0.00204515438388382
psmd1	1.45111211208492e-07	0.619649575651458	0.878	0.461	0.0021084658988594
ndufaf3	1.46378381781712e-07	0.394781469537796	0.415	0.125	0.00212687788728827
pqbp1	1.47058367852413e-07	0.328996372999755	0.537	0.177	0.00213675808489556
eif2s2	1.50369835157708e-07	0.793263067236612	0.951	0.655	0.0021848737048415
mrps35	1.52515840945277e-07	0.458454941730328	0.488	0.162	0.00221605516893487
psap	1.52785958768049e-07	0.678412493895935	0.902	0.483	0.00221997998089976
rps5	1.60486049612597e-07	0.322702910116338	1	0.998	0.00233186230087104
tnpo2	1.66940195105525e-07	0.37780139459252	0.341	0.093	0.00242564103488328
rpl23	1.70921818384029e-07	0.361842868495773	1	0.999	0.00248349402111995
ccdc47	1.77539696853125e-07	0.525447580781399	0.634	0.245	0.0025796517952759
dctn3	1.78240533491086e-07	0.510319672588183	0.902	0.482	0.00258983495162548
mrps21	1.8060476189305e-07	0.411932787912291	0.61	0.225	0.00262418719030601
MCUR1	1.8100452106087e-07	0.273256501830054	0.341	0.089	0.00262999569101444
cox7c	1.84438684569146e-07	0.630617166670955	0.951	0.82	0.00267989408678969
commd2	1.92345772866374e-07	0.295063922407113	0.488	0.153	0.00279478407974842
rrp1	1.94277012973182e-07	0.32036550230315	0.39	0.113	0.00282284499850033
mrpl48	1.95632443067383e-07	0.397221789563058	0.415	0.124	0.00284253939776908
bxdc2	2.03360592289067e-07	0.529635419296635	0.561	0.214	0.00295482940596014
rtca	2.04884313342709e-07	0.574838283980644	0.707	0.297	0.00297696907286957
pdcd4a	2.05543151553346e-07	0.616183649833288	0.585	0.228	0.00298654199207012
mrpl15	2.06617425060452e-07	0.361458698646944	0.488	0.157	0.00300215118612837
plrg1	2.09744860186328e-07	0.298834162898909	0.512	0.163	0.00304759281850735
rpe	2.10761413026006e-07	0.487719722236966	0.683	0.274	0.00306236333126787
rplp2l	2.15735548378558e-07	0.366032415019906	1	0.998	0.00313463751794044
cand1	2.19710529272355e-07	0.299375854355571	0.39	0.112	0.00319239399032732
metap2b	2.20845764127309e-07	0.586535353002416	0.902	0.443	0.0032088889527698
eif4bb	2.26123957571146e-07	0.600158156646261	0.756	0.349	0.00328558110350875
cox6a1	2.31751857760338e-07	0.60495186267622	0.976	0.832	0.00336735449325772
eif2s1a	2.44248306501139e-07	0.608717663527792	0.707	0.319	0.00354892789346155
si:ch211-148l7.4	2.44487294077637e-07	0.298146214594164	0.146	0.023	0.00355240038294806
rpl8	2.46276370080817e-07	0.317548757224977	1	1	0.00357839565727427
mrps23	2.64410682759112e-07	0.414798448599129	0.366	0.105	0.0038418872204899
tcp11l1	2.71042700466488e-07	0.308415333332474	0.293	0.072	0.00393825043777807
atp6v1h	2.77044182881856e-07	0.382489795080637	0.634	0.234	0.00402545197727337
mrps2	2.95920585717958e-07	0.303598538179239	0.439	0.136	0.00429972611048192
ppid	3.07385868194195e-07	0.751125659776162	0.878	0.457	0.00446631666486166
atox1	3.09378274983695e-07	0.642021538011223	0.829	0.449	0.00449526633551309
dctn5	3.18111547551186e-07	0.662940656747319	0.659	0.284	0.00462216078591873
uba1	3.18571102342778e-07	0.589372423930652	0.78	0.369	0.00462883811704057
nudt5	3.37999642160564e-07	0.363692998871287	0.439	0.139	0.00491113480059299
ndufa9a	3.43118586949992e-07	0.59925827876015	0.829	0.39	0.00498551306838338
ubxn1	3.73755524396041e-07	0.417614777550895	0.561	0.204	0.00543066776947448
grsf1	3.77002556923373e-07	0.297282111947906	0.293	0.075	0.00547784715209661
snx3	3.81386714783498e-07	0.526414180431161	0.683	0.289	0.00554154896580423
tomm20a	3.90651316177855e-07	0.61788339195448	0.61	0.26	0.00567616362406423
gpatch11	3.9384424867079e-07	0.353737049225096	0.512	0.174	0.00572255693318658
rps27.2	3.9478013294706e-07	0.457851797899462	1	0.966	0.00573615533172078
rgs3a	3.9502862395693e-07	0.277950761714198	0.146	0.023	0.0057397659060942
emc4	4.09275727037317e-07	0.362125771602841	0.488	0.16	0.00594677631385221
rexo4	4.28288044688454e-07	0.501149102892048	0.415	0.142	0.00622302528932323
mrpl46	4.29230989814556e-07	0.303405832476883	0.317	0.085	0.00623672628200549
snapin	4.35900978006758e-07	0.404810204082177	0.439	0.141	0.00633364121043819
sf3b5	4.49483436127766e-07	0.620741431445927	0.829	0.45	0.00653099432693644
nolc1	4.69888979234793e-07	0.484618934962074	0.415	0.134	0.00682748686828155
rrp7a	4.90677597987196e-07	0.400774467988069	0.366	0.112	0.00712954549875395
nt5dc2	5.00720922732594e-07	0.450692370723488	0.537	0.19	0.00727547500730459
timmdc1	5.0154137768041e-07	0.364053158074236	0.488	0.165	0.00728739621769636
vps16	5.22822164956675e-07	0.283808501055642	0.268	0.065	0.00759660605682049
trnau1apa	5.30638496614416e-07	0.299388045201961	0.268	0.067	0.00771017735580746
babam1	5.65895356026657e-07	0.283699552786498	0.341	0.095	0.00822245952306733
ddx10	5.80237120209259e-07	0.411387328053229	0.268	0.068	0.00843084535664054
naa25	5.81827686327791e-07	0.274776403672927	0.22	0.048	0.0084539562823428
pdcd2l	6.05440668307472e-07	0.266688944612352	0.171	0.031	0.00879705291050757
utp11l	6.27437026412621e-07	0.327603703032088	0.293	0.077	0.00911665999377538
ccdc115	6.53741717713697e-07	0.292134593212267	0.293	0.075	0.00949886715838002
drd3	6.54817766557565e-07	0.431338977115855	0.22	0.047	0.00951450214808142
eef1db	6.69453436229614e-07	0.539733221988323	1	0.803	0.00972715842841629
chrac1	6.74472537891224e-07	0.36206196248301	0.732	0.292	0.00980008597555949
txnl1	6.75220574696713e-07	0.427276338083303	0.61	0.233	0.00981095495034325
hspa14	6.76801079765252e-07	0.447881042568053	0.463	0.164	0.00983391968898911
cox14	6.77647596132199e-07	0.516765066725168	0.488	0.183	0.00984621957180085
eef2k	6.79838514644576e-07	0.279007854335213	0.317	0.085	0.00987805361778568
nip7	7.0127969816884e-07	0.354929203013302	0.463	0.156	0.0101895940143932
adsl	7.13599049913961e-07	0.423384382501432	0.39	0.124	0.0103685941952498
nenf	7.54655345550975e-07	0.374094687864878	0.488	0.169	0.0109651421708557
glrx3	7.57638686094856e-07	0.538689777812864	0.732	0.318	0.0110084901089583
sfxn4	7.58820830560236e-07	0.250603478326465	0.244	0.056	0.0110256666680402
rad23b	7.73059035540119e-07	0.387531003838972	0.537	0.192	0.0112325477863979
sbds	7.85290736956731e-07	0.317187629122218	0.439	0.142	0.0114102744079813
pa2g4a	7.90034164756538e-07	0.610345896410253	0.78	0.369	0.0114791964139125
eci1	8.31381824320709e-07	0.491855330140142	0.585	0.23	0.0120799779073799
mrpl13	8.32604500198641e-07	0.52254011817767	0.683	0.298	0.0120977433878862
rps4x	8.51458129397295e-07	0.338197006226511	1	0.998	0.0123716866201427
exoc3	8.70075656060484e-07	0.286440768825335	0.22	0.048	0.0126421992825588
yars	8.89638242904416e-07	0.457191511256457	0.537	0.205	0.0129264436694012
pum3	8.90684673046044e-07	0.410165100405382	0.341	0.102	0.012941648299359
pyroxd2	9.0497227895312e-07	0.28190849704784	0.195	0.04	0.0131492472131888
cxxc5a	9.18610732216546e-07	0.434528649346423	0.659	0.262	0.0133474139391064
rps27.1	9.46365118798764e-07	0.302038953579268	1	0.998	0.013750685176146
chmp4bb	9.94029956041535e-07	0.474275496251866	0.659	0.271	0.0144432552612835
ubfd1	9.95148854932915e-07	0.295877740834688	0.415	0.132	0.0144595128621753
chmp5b	9.99289629915307e-07	0.642429590680875	0.78	0.44	0.0145196783226694
emg1	1.00348570376107e-06	0.353690290127884	0.415	0.135	0.0145806472756484
rsl1d1	1.00669926442105e-06	0.532545288111539	0.61	0.265	0.0146273403120378
znf622	1.0203773150273e-06	0.285353681964712	0.317	0.088	0.0148260823873466
btf3	1.03775827848767e-06	0.454217371855766	1	0.982	0.0150786277864258
si:ch211-117k10.3	1.05371506141564e-06	0.252049317562478	0.122	0.018	0.0153104798423693
clpp	1.07719919185485e-06	0.487949882652327	0.537	0.206	0.015651704257651
chchd3b	1.09203255781511e-06	0.306146734871938	0.22	0.049	0.0158672330650536
med15	1.10808833428486e-06	0.298281624307444	0.268	0.067	0.016100523497159
phb2a	1.11141086807419e-06	0.381201630871546	0.366	0.115	0.016148799913118
ndufa4l	1.17528616664804e-06	0.546601164012321	1	0.88	0.0170769080013961
rpl10	1.19282663952587e-06	0.291464918168854	1	0.999	0.0173317710723108
atp5f1c	1.19289050636984e-06	0.55149096903511	0.976	0.756	0.0173326990575538
rpl23a	1.20371703720187e-06	0.395961657793308	1	0.995	0.0174900085505431
lcmt1	1.22150695021798e-06	0.333419544043905	0.317	0.09	0.0177484959866672
anxa4	1.22938923000548e-06	0.432919201688079	0.756	0.34	0.0178630255119797
chmp1b	1.26455850042526e-06	0.46839578697624	0.805	0.378	0.0183740350111791
zgc:110269	1.2838021460894e-06	0.275046497092177	0.341	0.1	0.018653645182679
ctsf	1.28464755387568e-06	0.351044720693267	0.732	0.298	0.0186659289578136
adgrg1	1.28690799804719e-06	0.284953121365592	0.171	0.032	0.0186987732116256
cd164	1.28737390644023e-06	0.467283193885212	0.512	0.193	0.0187055428605766
eif4g1a	1.37634492262547e-06	0.437355326107465	0.561	0.222	0.0199982917257482
nsun5	1.40014919395005e-06	0.318526954253312	0.244	0.06	0.0203441677880942
dynlrb1	1.40098810042523e-06	0.509981076285829	1	0.695	0.0203563570991786
aph1b	1.40781716144643e-06	0.281551047105742	0.341	0.097	0.0204555833558166
gspt1l	1.45561667998568e-06	0.530462792089431	0.61	0.267	0.0211501103601919
faf1	1.48824074032834e-06	0.250902400921644	0.39	0.118	0.0216241379569708
tyw3	1.49742197980593e-06	0.272350300479006	0.22	0.05	0.0217575413665801
prdx6	1.4988509150867e-06	0.492971139614767	0.537	0.215	0.0217783037962097
stxbp6	1.50608121562832e-06	0.346458201512764	0.463	0.163	0.0218833600630795
rab11bb	1.60848688745766e-06	0.262393557912368	0.268	0.067	0.0233713144747598
rpl18	1.66914344310524e-06	0.323649420814347	1	0.999	0.0242526542283192
riox1	1.68979022571546e-06	0.276501185098097	0.293	0.08	0.0245526519796457
rps8a	1.70229969208243e-06	0.337508990023052	1	0.998	0.0247344145259577
atp5pd	1.86176430530871e-06	0.556381426214715	0.976	0.773	0.0270514353561355
psma4	1.92791570750747e-06	0.574356089750198	0.951	0.612	0.0280126152300835
rrp15	1.96008116224629e-06	0.359042527243329	0.39	0.127	0.0284799792874386
noc3l	1.96599392077477e-06	0.286566377863248	0.293	0.081	0.0285658916688573
tomm40l	1.96751348863253e-06	0.486882085333819	0.512	0.2	0.0285879709898306
plgrkt	1.98581906226685e-06	0.335556015945063	0.366	0.113	0.0288539509747373
mrpl39	2.10944463567671e-06	0.34201567186348	0.415	0.139	0.0306502305563825
sgcd	2.18278001760163e-06	0.31045216731124	0.317	0.091	0.0317157936557517
ndufa3	2.20305134818447e-06	0.582272115655264	0.756	0.424	0.0320103360891204
eif2b1	2.24188531272622e-06	0.415780043970092	0.512	0.195	0.0325745935939119
si:dkey-239h2.3	2.32315204988781e-06	0.433196095087135	0.585	0.239	0.0337553992848699
fabp3	2.3355270740386e-06	0.349670647622042	1	0.756	0.0339352083857809
glmp	2.37801493765304e-06	0.303633497057006	0.366	0.113	0.0345525570440987
atp5fa1	2.41414198745029e-06	0.553780990414188	1	0.812	0.0350774830776527
nol12	2.45848149454083e-06	0.274933416684315	0.293	0.081	0.0357217361156782
hsd17b10	2.52114702977609e-06	0.505364910147567	0.512	0.213	0.0366322663426467
rab3ip	2.64282953197378e-06	0.372823533260613	0.537	0.199	0.038400313099579
sap30bp	2.64687631289712e-06	0.372416700893042	0.561	0.221	0.0384591128263951
dyrk2	2.64778064348235e-06	0.288108774022228	0.171	0.033	0.0384722527497985
psma1	2.82474692347131e-06	0.57475805069303	0.976	0.7	0.0410435727980381
cct7	2.82508352077684e-06	0.618492073881235	0.976	0.8	0.0410484635568875
fthl27	2.95079578774174e-06	0.582395955576907	1	0.962	0.0428750627958874
utp4	3.04023504958739e-06	0.292906376312437	0.293	0.083	0.0441746152705048
prps1a	3.1008182637771e-06	0.384063963723881	0.634	0.267	0.0450548893726812
mrps27	3.13465312223593e-06	0.3056506455615	0.341	0.104	0.0455465098660881
si:ch211-235e9.6	3.14211456260619e-06	0.433239263377955	0.756	0.359	0.0456549245946679
ccz1	3.15886765040403e-06	0.310751905768085	0.366	0.115	0.0458983469603706
mrps7	3.17393171890045e-06	0.479508479427497	0.463	0.177	0.0461172278756236
ddx21	3.20362757436048e-06	0.490729408066584	0.683	0.327	0.0465487086554578
ndufa12	3.2284189772162e-06	0.51898959390716	0.854	0.45	0.0469089277389513
ddx5	3.25013052196607e-06	0.699643358103645	0.951	0.766	0.047224396484167
exoc7	3.32084430357395e-06	0.279988818328446	0.341	0.103	0.0482518677309295
