gene	p_val	avg_log2FC	pct.1	pct.2	p_val_adj
dut	3.20768003857101e-58	1.853144170349	0.824	0.263	4.66075909604368e-54
stmn1a	3.0247298628195e-55	1.73597932611993	0.936	0.393	4.39493249067673e-51
rrm2.1	5.51967977487966e-50	1.69058782179571	0.688	0.183	8.02009471290014e-46
snrpg	4.38853622241555e-48	1.45816106846023	0.96	0.549	6.37654313116979e-44
tma7	1.82691010376747e-47	1.34132334747345	0.984	0.718	2.65450038077413e-43
pclaf	2.45355393623521e-47	1.43546572232465	0.616	0.152	3.56501386934976e-43
pcna	4.74850789033252e-47	1.64619114513914	0.904	0.378	6.89958196465315e-43
rplp2l	1.35391130589427e-46	0.718777512574138	1	0.998	1.96723312746437e-42
rplp1	5.36350758852313e-46	0.628831040791481	1	0.999	7.7931765261241e-42
hmgb2b	1.39878647764072e-45	1.47846363490625	0.992	0.801	2.03243675201196e-41
rpa3	2.14808334827218e-45	1.40868968329031	0.808	0.294	3.12116510503948e-41
rpl23	2.17119430265629e-45	0.69905966346918	1	0.999	3.15474532175958e-41
snrpd2	4.48638371881149e-45	1.29712263392812	0.976	0.65	6.5187155434331e-41
rps24	8.47578564181782e-44	0.688712805153411	1	0.998	1.23153165375613e-39
lig1	1.49395102819432e-43	1.1810348512414	0.736	0.228	2.17071084396634e-39
rps9	4.29659622508621e-42	0.630232324657674	1	0.999	6.24295431505026e-38
rps23	4.59370284829024e-42	0.687168573628708	1	0.996	6.67465023856572e-38
rps25	8.19087833714982e-42	0.722858344022915	1	0.996	1.19013462238787e-37
rpl23a	8.28985113148063e-42	0.733232247890494	1	0.994	1.20451536940413e-37
cirbpa	1.10046285116284e-41	1.10584178767927	1	0.94	1.59897252273961e-37
rpl36a	1.65957994998043e-41	0.704236981600764	1	0.998	2.41136966732157e-37
rps14	2.28981069326618e-41	0.684615132658759	1	0.998	3.32709493731577e-37
rpl38	5.71822733579914e-41	0.848507712244024	1	0.988	8.30858431891614e-37
slbp	8.90667606976111e-41	1.33052074463248	0.568	0.152	1.29414003293629e-36
rpl14	1.41410209599343e-40	0.878852873520171	1	0.966	2.05469034547845e-36
rps10	3.60086655878741e-40	0.665037711282144	1	0.996	5.23205910991811e-36
rpl21	3.86437308731726e-40	0.651279436004927	1	0.998	5.61493409587197e-36
rps15	4.19385466448529e-40	0.60941771424052	1	0.998	6.09367082749713e-36
rps26l	6.01105961237712e-40	0.698755020957803	1	0.995	8.73406961678395e-36
rpl13	1.45279847974508e-39	0.640672853135647	1	0.996	2.1109161910696e-35
TXN	2.27298210736762e-39	0.952486159494513	0.992	0.916	3.30264300200515e-35
rps29	8.00462496469306e-39	0.700904829815538	1	0.995	1.1630720073699e-34
snu13b	1.55516530665997e-38	1.41187586762085	0.864	0.451	2.25965519057694e-34
snrpd1	1.79325333194833e-38	1.19372531877447	0.952	0.572	2.60559709132093e-34
RPS17	2.69198139797603e-38	0.636561179325053	1	0.996	3.91144897125917e-34
mcm6	3.60381206332314e-38	1.10477973541377	0.664	0.203	5.23633892800852e-34
h2afvb	6.40840073775341e-38	1.07957318025165	1	0.891	9.3114062719557e-34
dlx4a	1.49889768689303e-37	1.92068382057093	0.36	0.065	2.17789833905557e-33
snrpf	2.36662995969077e-37	1.15980358847864	0.944	0.606	3.4387133314307e-33
si:dkey-151g10.6	2.64683977582378e-37	0.563347327623105	1	1	3.84585819427195e-33
rps8a	3.847214558844e-37	0.586180209169839	1	0.998	5.59000275400033e-33
tuba8l4	9.40575993446195e-37	1.32522406832404	0.952	0.66	1.36665691847732e-32
nasp	1.04170933882914e-36	1.09847087256638	0.728	0.249	1.51360366931873e-32
h3f3b.1	1.6856720410543e-36	1.12113660324875	1	0.896	2.4492814756519e-32
rpl24	2.23430429961021e-36	0.617038330255966	1	0.999	3.24644414733363e-32
si:ch211-222l21.1	3.51064190878735e-36	1.2404487734101	1	0.827	5.10096269346802e-32
rps27a	3.51212921890592e-36	0.603344269511893	1	0.998	5.1031237550703e-32
rps11	1.07197595602311e-35	0.61022259421679	1	0.998	1.55758106410158e-31
rpl28	1.28223589716698e-35	0.599975092102885	1	0.998	1.86308875858362e-31
cdca7a	1.29042134105353e-35	1.04505209114426	0.576	0.16	1.87498220855077e-31
mcm5	2.55875304508764e-35	1.01999110926737	0.584	0.169	3.71786817451234e-31
anp32b	4.00704218137617e-35	1.11988446331907	0.92	0.575	5.82223228953957e-31
dlx4b	4.45988804785175e-35	0.83535645945791	0.32	0.053	6.48021733352859e-31
rps15a	7.33885461738199e-35	0.526935707425741	1	0.999	1.0663355759056e-30
hmgb2a	9.7676327392358e-35	1.28839054887736	0.984	0.903	1.41923703701096e-30
rps16	3.25126126494336e-34	0.526718240417781	1	0.999	4.7240826179627e-30
cbx3a	3.47967645767448e-34	1.10482562256937	0.88	0.519	5.05596989300102e-30
ran	4.05483643193181e-34	0.81630960588374	1	0.967	5.89167733559693e-30
rps12	7.05065541711578e-34	0.547720807249364	1	0.999	1.02446023210692e-29
rpl35a	7.5770056481871e-34	0.559304183942244	1	0.998	1.10093892068159e-29
rpl17	8.17432713096523e-34	0.584741377144515	1	0.998	1.18772973212925e-29
rpl13a	1.15605097054439e-33	0.627714991345806	1	0.996	1.679742060201e-29
nop10	2.2593754122011e-33	1.01764064194743	0.832	0.366	3.2828724739282e-29
snrpb	1.06812395096458e-32	1.00722130118455	0.968	0.732	1.55198410075154e-28
rps19	1.0909475558479e-32	0.485657357990909	1	0.999	1.585146798647e-28
rpl35	1.85331114312667e-32	0.523511009346438	1	0.999	2.69286109096305e-28
magoh	3.01109427497481e-32	1.15717937464357	0.832	0.435	4.37511998153841e-28
sem1	3.63688873370512e-32	1.20218719343602	0.912	0.733	5.28439933007354e-28
rpl27	3.71156831304522e-32	0.539163459762827	1	0.997	5.39290875885471e-28
sub1a	4.58874318856937e-32	1.09604315903353	0.928	0.697	6.66744385299129e-28
mt-nd1	6.23139190977434e-32	1.43403670609706	0.96	0.808	9.05421244490211e-28
snrpe	7.34880856820836e-32	1.0739521341955	0.912	0.614	1.06778188496068e-27
rpl11	7.35200260325892e-32	0.509815868560412	1	0.999	1.06824597825352e-27
hirip3	7.58727300656661e-32	0.950202878038855	0.584	0.182	1.10243076785413e-27
fen1	1.04915997115671e-31	1.06794844622994	0.64	0.221	1.5244294380907e-27
hnrnpabb	1.92537734904739e-31	1.04024827517997	0.968	0.794	2.79757328816586e-27
nutf2l	3.9015381712357e-31	0.987525965294598	0.808	0.363	5.66893496280547e-27
rpl18a	1.39464104095957e-30	0.447335494965137	1	1	2.02641343251426e-26
rpl12	1.6270377882425e-30	0.620965904377283	1	0.997	2.36408590631636e-26
rps13	1.8397986090568e-30	0.508670206049572	1	0.999	2.67322737895953e-26
rpl30	2.20715012540272e-30	0.525121109131458	1	0.996	3.20698913221016e-26
rpl31	3.00029065431505e-30	0.695032339271622	1	0.993	4.35942232071977e-26
rpl39	4.25414957011965e-30	0.550515798604216	1	0.999	6.18127932538385e-26
mt-atp6	2.49948811747063e-29	1.23033051969242	0.984	0.963	3.63175623468483e-25
lsm8	4.81874031598933e-29	1.07351280246092	0.816	0.406	7.00162967913249e-25
phf5a	5.43311060317032e-29	0.983927899122564	0.768	0.376	7.89430970640647e-25
rps28	6.53572325611807e-29	0.537186521935457	1	0.997	9.49640589113956e-25
si:ch211-156b7.4	1.18295293180426e-28	0.920395581587323	0.568	0.185	1.71883060991158e-24
hells	1.5135829858125e-28	0.729581555423097	0.368	0.083	2.19923607838556e-24
rps18	3.51256929098468e-28	0.474385160799024	1	0.997	5.10376317980074e-24
mcm2	4.94259370994324e-28	0.91807516043783	0.616	0.212	7.18158866054753e-24
rps7	5.40024832523057e-28	0.455248351107391	1	0.998	7.84656081656002e-24
hmga1a	6.17808578187973e-28	0.995039174966994	0.992	0.884	8.97675864107125e-24
rpa2	9.72475868963466e-28	0.962287226945503	0.672	0.262	1.41300743760392e-23
sumo3b	1.16980676289694e-27	1.0381500912419	0.872	0.522	1.69972922648925e-23
eny2	1.35495538378851e-27	0.978944349032506	0.784	0.388	1.96875017264471e-23
chaf1a	1.84254212879832e-27	0.906610143072899	0.6	0.209	2.67721371314396e-23
parp1	2.21012981057903e-27	0.781752592215297	0.488	0.144	3.21131861477133e-23
mcm3	2.52378139735705e-27	0.818773980897603	0.496	0.147	3.66705437035979e-23
rpl32	2.93983933382188e-27	0.462679465768048	1	0.999	4.2715865520432e-23
uba52	3.55433404254798e-27	0.642364134445053	0.992	0.982	5.16444736382222e-23
rps3a	3.72384003270499e-27	0.503220712853566	1	0.998	5.41073956752035e-23
lsm6	4.11175524912327e-27	0.895425672642477	0.904	0.538	5.97438037697611e-23
rpl18	4.57707535268251e-27	0.422171021960118	1	0.999	6.65049048744768e-23
seta	5.13644837223739e-27	0.944485905716653	0.968	0.768	7.46325948486093e-23
hmgn2	1.33190225602423e-26	0.938707495612177	0.992	0.958	1.93525397800321e-22
nme2b.1	1.39115981059424e-26	0.565793424780884	1	0.994	2.02135520479343e-22
faua	1.73194441558917e-26	0.45571750010475	1	0.997	2.51651523585107e-22
dlx6a	1.76557644219262e-26	0.567057114723181	0.256	0.044	2.56538257050587e-22
rpl22l1	2.26143409253845e-26	0.75569816074735	0.992	0.952	3.28586373645836e-22
rps3	3.83958415002646e-26	0.52552986401029	1	0.997	5.57891576998844e-22
mt-nd2	4.63915036834982e-26	1.40589302206041	0.936	0.805	6.74068548521229e-22
ccne2	1.1019413129112e-25	0.431274891369267	0.232	0.038	1.60112072765998e-21
lsm7	1.10553849726759e-25	0.985546530491649	0.88	0.539	1.60634743652981e-21
fgfbp2a	1.62300783671193e-25	0.829418083436057	0.136	0.013	2.35823038674243e-21
banf1	2.79401088295403e-25	0.928216371655114	0.824	0.449	4.0596978129322e-21
mt-nd5	2.83816637402957e-25	1.01888770996762	0.568	0.202	4.12385574146496e-21
rpl37.1	4.1407291511516e-25	0.437157425999855	1	0.999	6.01647945662327e-21
si:ch73-281n10.2	6.13841075254028e-25	1.00391840012676	0.984	0.849	8.91911082344103e-21
rpl15	9.03159776647437e-25	0.443116843387985	1	0.999	1.31229115546873e-20
polr2h	1.10399826747155e-24	0.717949915793656	0.52	0.17	1.60410948263617e-20
eif2s2	1.48633975482225e-24	0.925206725778391	0.912	0.65	2.15965166375672e-20
rps5	1.74784734034503e-24	0.427428741139608	1	0.998	2.53962218552133e-20
unga	2.87654197275221e-24	0.552755353486867	0.352	0.085	4.17961548640896e-20
asf1ba	4.04597004763442e-24	0.823104720533701	0.464	0.143	5.87879447921281e-20
pa2g4a	4.85891537083895e-24	0.841816508791118	0.744	0.362	7.06000403382899e-20
si:ch211-114n24.6	5.0005757353222e-24	0.664538339309809	0.344	0.084	7.26583654342316e-20
alyref	5.06923809687257e-24	0.810467945382967	0.616	0.241	7.36560295475584e-20
ranbp1	5.66737353327924e-24	0.992322959792549	0.824	0.53	8.23469374385474e-20
rpl4	7.11497180823708e-24	0.557783069337461	1	0.989	1.03380540373685e-19
hnrnpa0l	1.05458780727272e-23	0.724670331968452	1	0.935	1.53231608396726e-19
zgc:158463	1.15199194507816e-23	1.21673407430897	0.488	0.168	1.67384429619857e-19
c1qbp	1.9510764860925e-23	0.835202280816319	0.552	0.203	2.8349141342924e-19
hmgn6	3.0722747836912e-23	0.707329252706029	0.984	0.857	4.46401526070331e-19
setb	4.26420311706305e-23	0.905818785672775	0.936	0.769	6.19588712909261e-19
atp5if1a	6.99100793626912e-23	0.888686133741328	0.864	0.515	1.0157934531399e-18
rpl26	1.36046314981563e-22	0.740438308316568	0.576	0.214	1.97675295668211e-18
dhfr	1.46328067208175e-22	0.713884407830963	0.496	0.164	2.12614681653478e-18
si:dkey-16p21.8	1.82582259937306e-22	1.03915625204551	0.64	0.294	2.65292023688905e-18
cdc6	2.74035537054269e-22	0.722351099075746	0.328	0.081	3.98173635339854e-18
sf3b5	2.86441303068058e-22	0.868321400568599	0.792	0.442	4.16199213357888e-18
rpl9	4.05135143397344e-22	0.430463232480758	1	0.998	5.88661363356341e-18
snrpd3l	4.49635127831831e-22	0.835953432731091	0.808	0.474	6.53319840739651e-18
tubb2b	5.98491849933061e-22	0.902133278972925	0.952	0.706	8.69608657952738e-18
dkc1	8.54219982192127e-22	0.826873762117576	0.672	0.287	1.24118163412516e-17
hmgn7	9.17817237565323e-22	0.704957480869351	0.992	0.89	1.33358844618241e-17
rpl22	9.81001376849887e-22	0.45367161483872	1	0.994	1.42539500056289e-17
taf15	1.21764344431413e-21	0.821067498626773	0.88	0.537	1.76923592458843e-17
ssrp1a	1.26812727799217e-21	0.807487435953042	0.624	0.259	1.84258893492262e-17
rrm1	1.3514183391898e-21	0.829589482727869	0.576	0.223	1.96361084684278e-17
ybx1	1.98738093594864e-21	0.480054767724451	1	0.998	2.88766449993338e-17
zgc:110540	4.76389778977807e-21	0.718445000059898	0.368	0.1	6.92194348854753e-17
fbl	4.78239046739095e-21	0.865214624912081	0.736	0.382	6.94881334911905e-17
dlx2a	4.87522339729979e-21	0.733649828686781	0.424	0.132	7.0836995962766e-17
tyms	7.42089808036804e-21	0.631100959944551	0.392	0.117	1.07825649107748e-16
dnajc9	8.76104567926279e-21	0.769625182160329	0.536	0.204	1.27297993719688e-16
fkbp1aa	9.01816372299581e-21	0.567931675939235	1	0.963	1.31033918895129e-16
rbbp4	9.86413687082427e-21	0.934000974702594	0.76	0.408	1.43325908733077e-16
h2afva	1.41910541721009e-20	0.741447073674377	0.928	0.679	2.06196017120627e-16
dpy30	1.43694987284e-20	0.886040938028308	0.856	0.562	2.08788816523652e-16
srrt	2.03142200182492e-20	0.683744063307184	0.504	0.185	2.95165616865161e-16
atp5mc3a	2.49579922419944e-20	0.809881932700014	0.896	0.668	3.62639627276178e-16
fbxo5	2.61251464141906e-20	0.378477721603651	0.208	0.038	3.79598377398189e-16
rfc2	2.88889266863789e-20	0.663617529467951	0.416	0.132	4.19756104753086e-16
rfc4	3.41317427652173e-20	0.777668540861332	0.544	0.218	4.95934222378607e-16
gmnn	3.73060636769825e-20	0.36917044695446	0.2	0.035	5.42057105226555e-16
lsm5	4.50221169390159e-20	0.785496284619116	0.808	0.464	6.54171359123901e-16
si:dkey-102m7.3	6.15223433692124e-20	0.82703844255839	0.552	0.221	8.93919649154656e-16
pomp	6.63599589458622e-20	0.766986033849091	0.944	0.737	9.64210203483378e-16
inip	7.49195950607661e-20	0.79071129626277	0.584	0.252	1.08858171623293e-15
rnaseh2a	7.76093615556414e-20	0.724662343126813	0.496	0.181	1.12766402340347e-15
dlx3b	1.17310862214948e-19	0.796373586884124	0.352	0.097	1.70452682798319e-15
zgc:193541	1.55473492988584e-19	0.730001688707634	0.968	0.829	2.25902985312413e-15
rpl7a	2.02432933492134e-19	0.339366253417166	1	1	2.9413505236407e-15
rps26	2.09817396613718e-19	0.418973624056513	1	0.993	3.04864677279732e-15
npm1a	3.63997535389708e-19	0.938055407436585	0.736	0.409	5.28888418921246e-15
rrm2	4.82457981030705e-19	0.983989504740446	0.48	0.177	7.01011446437615e-15
atad5a	5.6484029744015e-19	0.393351213208608	0.216	0.043	8.20712952180538e-15
rps6	5.68226518438991e-19	0.355844283522966	1	0.999	8.25633131291854e-15
msh6	9.76536111053305e-19	0.344884210406749	0.184	0.033	1.41890696936045e-14
ccnd1	1.0917705809511e-18	1.09019056462117	0.688	0.357	1.58634265412195e-14
cdca7b	1.29369117420257e-18	0.667070503669215	0.488	0.178	1.87973327611633e-14
hat1	1.53531088500012e-18	0.666307675379481	0.416	0.139	2.23080671590518e-14
ddx39ab	2.69452079138087e-18	0.74843700276028	0.896	0.607	3.91513870987641e-14
cnbpa	3.17041194704574e-18	0.808021128338055	0.888	0.652	4.60660855905746e-14
hypk	6.91697817609945e-18	0.790598136667488	0.808	0.486	1.00503692898725e-13
rps17	7.22085304875406e-18	0.440823447136538	1	0.989	1.04918994798396e-13
srsf2a	8.40048049953989e-18	0.781412291648013	0.848	0.58	1.22058981658315e-13
suv39h1b	8.62225475712147e-18	0.495647507834365	0.288	0.076	1.25281361620975e-13
ppih	8.81900569423294e-18	0.673932996890319	0.592	0.261	1.28140152737205e-13
khdrbs1a	9.399980721156e-18	0.584969050412019	1	0.924	1.36581719878397e-13
rpl10	1.08514883102489e-17	0.331752790406445	1	0.999	1.57672125147916e-13
rpl10a	1.14807167944424e-17	0.408349061911322	1	0.997	1.66814815023248e-13
nap1l1	1.16959043570241e-17	0.786878817500235	0.616	0.291	1.6994149030756e-13
ppm1g	1.45971927887126e-17	0.784430502594458	0.624	0.302	2.12097211219994e-13
selenoh	1.53534840281498e-17	0.654417552180072	0.888	0.54	2.23086122929016e-13
dnmt1	1.56188529095835e-17	0.578701198440406	0.272	0.07	2.26941932776248e-13
apex1	1.60483709228725e-17	0.678649406126785	0.712	0.353	2.33182829509337e-13
rpl5a	1.71285657624212e-17	0.521241861388129	0.992	0.964	2.48878060527981e-13
tomm6	1.82595480258527e-17	0.788789424697927	0.672	0.361	2.6531123281564e-13
gins2	1.82818220186571e-17	0.548492458031093	0.344	0.105	2.65634873931087e-13
rnaseh2b	3.86251661706748e-17	0.456759067949943	0.32	0.092	5.61223664459905e-13
ptmab	4.18504027598135e-17	0.545042856272221	1	0.972	6.0808635210009e-13
rps4x	4.69753007624243e-17	0.376100154567768	1	0.998	6.82551120078025e-13
gpatch4	6.53186128004741e-17	0.55844595994424	0.288	0.079	9.49079443990889e-13
shmt1	7.77714045878789e-17	0.461133198293357	0.456	0.162	1.13001850866188e-12
mt-nd4	7.91281279798322e-17	0.845411112658993	0.976	0.899	1.14973169954696e-12
dlx5a	8.67738399205307e-17	0.792540934358793	0.416	0.146	1.26082389404531e-12
tomm20a	1.1788030303837e-16	0.689629114560338	0.56	0.253	1.71280080314751e-12
g3bp1	1.33670862947149e-16	0.630018853423136	0.576	0.256	1.94223763862208e-12
rps27.2	1.46669769084439e-16	0.50169019086734	1	0.965	2.1311117447969e-12
orc4	1.62277282494538e-16	0.504498425326283	0.392	0.131	2.35788891464564e-12
rpsa	1.93349996245676e-16	0.32978817679961	1	1	2.80937544544967e-12
ube2ib	2.26269736964731e-16	0.735954299401311	0.808	0.564	3.28769927809754e-12
nhp2	2.38451746544288e-16	0.738980337291692	0.616	0.307	3.4647038772885e-12
baz1b	2.74858048926365e-16	0.507764066057333	0.376	0.124	3.99368745090008e-12
ptges3b	3.07876417721387e-16	0.742884445497749	0.768	0.52	4.47344434949176e-12
abcf1	3.76714133250519e-16	0.81119554604599	0.68	0.384	5.47365635613004e-12
atp5mc1	5.033738400066e-16	0.64950849960002	0.92	0.686	7.3140218952959e-12
pa2g4b	5.33092155556534e-16	0.741790144672585	0.736	0.446	7.74582902023644e-12
mibp	7.19795092313042e-16	0.62236885719438	0.432	0.157	1.04586226913085e-11
si:dkeyp-55f12.3	1.02203374595147e-15	0.58177974250422	0.424	0.159	1.48501503286748e-11
chtf8	1.07167193006132e-15	0.450408584517362	0.288	0.082	1.5571393143791e-11
cox7b	1.2837040407383e-15	0.609350206774876	0.952	0.822	1.86522197119275e-11
npm3	1.30480697652832e-15	0.798485635507362	0.592	0.299	1.89588453689565e-11
gins4	1.31723681756418e-15	0.501024166964881	0.288	0.085	1.91394509592075e-11
rpl5b	1.33788998713658e-15	0.468296187154635	0.984	0.973	1.94395415130946e-11
mcm4	1.40202926254095e-15	0.674097711757858	0.56	0.247	2.03714851847199e-11
zgc:55461	1.58107640768343e-15	0.39925663768289	0.296	0.086	2.29730402036402e-11
COX5B	1.73882513546143e-15	0.565800560077431	0.968	0.847	2.52651292182546e-11
atp5mc3b	2.09465312808507e-15	0.518273217229127	0.992	0.946	3.0435309951076e-11
RPL37A	2.29847135905508e-15	0.338534729346286	1	0.999	3.33967888470703e-11
rps27.1	2.67103789662992e-15	0.348192769677471	1	0.998	3.88101806380328e-11
ppil1	3.13255603392656e-15	0.63823036994199	0.496	0.21	4.55160391729529e-11
psma3	3.14226027717722e-15	0.599738584280251	0.88	0.644	4.5657041827385e-11
timm10	4.26876916551799e-15	0.621654725810314	0.416	0.161	6.20252159749765e-11
rangap1b	5.03986407505129e-15	0.393769888715345	0.272	0.077	7.32292250104952e-11
rps21	5.19738675180614e-15	0.342566783150912	1	0.997	7.55180295037432e-11
eif5a2	5.62115134666017e-15	0.586741337768441	0.936	0.842	8.16753290669722e-11
psmb1	5.71612954517755e-15	0.638213358797724	0.912	0.729	8.30553622914297e-11
mt-co1	6.53619483927134e-15	0.637374570232305	0.976	0.982	9.49709110146125e-11
cyyr1	1.08162037870761e-14	0.552230615119653	0.52	0.221	1.57159441026216e-10
sub1b	1.14164060055977e-14	0.559911812532389	0.36	0.13	1.65880379261335e-10
polr2l	1.39745906142819e-14	0.803031174743359	0.616	0.345	2.03050801625516e-10
zgc:56676	1.53343954781495e-14	0.673981475443188	0.72	0.44	2.22808766297512e-10
psma6a	1.64782010461903e-14	0.647524359479331	0.808	0.514	2.39428261201146e-10
cbx5	2.89720416249405e-14	0.666224167493004	0.816	0.609	4.20963764810385e-10
chrac1	3.16175702811345e-14	0.651003624654567	0.576	0.287	4.59403296184885e-10
cox8a	3.19116006283084e-14	0.559214221295401	0.992	0.866	4.63675557129321e-10
paics	4.95323058416958e-14	0.596781968850449	0.512	0.22	7.19704403879839e-10
ddx61	5.19013920058228e-14	0.691148361071041	0.784	0.469	7.54127225844605e-10
cad	7.85965487111117e-14	0.358019353012417	0.216	0.055	1.14200785277245e-09
orc6	8.03100927391581e-14	0.474383267492444	0.312	0.103	1.16690564749997e-09
eef1b2	8.09026951381488e-14	0.370656660241997	1	0.996	1.1755161603573e-09
rpl36	8.99460158237119e-14	0.335361144161011	1	0.999	1.30691560991853e-09
parp2	9.25806011577783e-14	0.403464673531756	0.264	0.079	1.34519613482252e-09
srsf1a	9.96644534355677e-14	0.601834534381014	0.704	0.402	1.4481245084188e-09
eif5b	1.02354645387229e-13	0.710161313277021	0.64	0.357	1.48721299747643e-09
ncl	1.31897174795439e-13	0.632770348835646	0.888	0.678	1.91646594977773e-09
hint1	1.46812354834261e-13	0.693700401614106	0.72	0.409	2.13318351574181e-09
rpl19	1.5559149484863e-13	0.265464623187743	1	0.999	2.2607444201506e-09
abcf2a	1.83892649355559e-13	0.57424033372537	0.36	0.135	2.67196019513627e-09
barx1	2.02967846689064e-13	0.780904210257554	0.312	0.107	2.94912281239209e-09
cenps	2.55233317193377e-13	0.347932486670438	0.248	0.071	3.70854009881977e-09
srek1ip1	3.43138820714385e-13	0.479358229051792	0.32	0.11	4.98580706498001e-09
itpa	4.96181391753461e-13	0.520453911648949	0.448	0.191	7.20951562217779e-09
pola1	5.19823264508824e-13	0.302896478506721	0.2	0.051	7.5530320333132e-09
atic	6.61660090242915e-13	0.472814213612268	0.288	0.092	9.61392111122955e-09
hnrnpa1b	6.98917785793815e-13	0.645525666179686	0.864	0.622	1.01552754275841e-08
rpl6	7.49575531887841e-13	0.326077010244327	1	0.999	1.08913324783303e-08
eif1axa	7.98128443666422e-13	0.565424349284915	0.576	0.292	1.15968062864731e-08
rcc2	8.63382185154925e-13	0.624603064099819	0.672	0.392	1.25449431503011e-08
trmt112	9.09940419300217e-13	0.481918515387189	0.512	0.233	1.32214342924322e-08
sephs1	9.33653009994921e-13	0.535588640075725	0.44	0.187	1.35659782352262e-08
polr2d	9.36838495660089e-13	0.636070708567972	0.744	0.522	1.36122633419411e-08
ppa1b	9.45452175401454e-13	0.583581343486179	0.808	0.546	1.37374201085831e-08
hpf1	1.02027151710337e-12	0.489716207616797	0.352	0.131	1.4824545143512e-08
nop16	1.02393038002807e-12	0.5146537125086	0.416	0.172	1.48777084218078e-08
zgc:56304	1.17037678108218e-12	0.529582291636894	0.752	0.446	1.7005574629124e-08
nop58	1.32070965245998e-12	0.696389706226083	0.64	0.373	1.91899112502436e-08
ahcy	1.35901863389081e-12	0.6182857673574	0.84	0.594	1.97465407504335e-08
rif1	1.42824047456963e-12	0.306013444496764	0.152	0.033	2.07523340954967e-08
prim1	1.55108900397657e-12	0.430877948930654	0.328	0.119	2.25373232277795e-08
fkbp3	1.5786654745007e-12	0.647743613441401	0.808	0.576	2.29380093444951e-08
snrpc	1.68323171033929e-12	0.688441489672725	0.744	0.468	2.44573567512299e-08
rfc3	1.82023197843855e-12	0.573541904396472	0.408	0.17	2.64479706467122e-08
psma8	2.18255142332663e-12	0.649753364985477	0.856	0.643	3.17124721809359e-08
tomm40l	2.21336010858842e-12	0.501717530884216	0.448	0.195	3.21601223777897e-08
supt16h	2.22205197948477e-12	0.488577219648521	0.48	0.214	3.22864152619137e-08
atp5md	2.24381057621564e-12	0.707125904092401	0.8	0.596	3.26025676724133e-08
rbm8a	2.34161033274396e-12	0.624724740088051	0.872	0.764	3.40235981347698e-08
sae1	2.39028901400549e-12	0.614711662857582	0.552	0.275	3.47308993734998e-08
gar1	2.49741205861001e-12	0.565409197113619	0.52	0.259	3.62873972116035e-08
nucks1a	2.90044561098181e-12	0.581095866669925	0.896	0.722	4.21434747275657e-08
polr2f	3.7943309950906e-12	0.545537887266484	0.648	0.382	5.51316293586664e-08
nop56	4.84220902089078e-12	0.695563903818172	0.72	0.454	7.0357297073543e-08
hnrnpaba	5.54989242420263e-12	0.404483996413603	1	0.922	8.06399369236642e-08
rbx1	5.58691809540837e-12	0.553960134557744	0.912	0.75	8.11779199262837e-08
prpf19	6.37042282264288e-12	0.584019579182114	0.464	0.221	9.25622436130011e-08
bcas2	6.50817291736654e-12	0.5290294379372	0.752	0.484	9.45637524893358e-08
atp5pf	6.63366475776671e-12	0.611458170319125	0.864	0.689	9.63871489303504e-08
mis12	6.95773408337646e-12	0.36925987464586	0.256	0.082	1.0109587623146e-07
ube2t	7.82022893098346e-12	0.38592438046036	0.28	0.094	1.1362792636719e-07
hmgb1b	8.62155985347848e-12	0.44946291517169	0.936	0.704	1.25271264671042e-07
krcp	1.01846322851159e-11	0.355053348972815	0.224	0.066	1.47982707102735e-07
psmb6	1.10539931675306e-11	0.578646864939357	0.832	0.685	1.60614520724219e-07
ddx39aa	1.24483560556406e-11	0.567328393231692	0.808	0.592	1.80874613488458e-07
six1a	1.26445323009133e-11	0.470265205641562	0.424	0.181	1.8372505433227e-07
serbp1a	1.4170363287273e-11	0.466376212701361	0.944	0.925	2.05895378564076e-07
rbb4l	1.63515025465952e-11	0.542100249338378	0.624	0.349	2.37587332002028e-07
ndufs5	1.70764805691875e-11	0.535143829493949	0.736	0.488	2.48121262670294e-07
nsmce4a	1.7092600145129e-11	0.300742737943101	0.2	0.056	2.48355480108725e-07
rnaseh2c	1.77620880272384e-11	0.510270332073191	0.368	0.154	2.58083139035774e-07
lsm3	1.93141972214062e-11	0.630480385172292	0.688	0.434	2.80635285627031e-07
pold1	2.31277536395305e-11	0.408689135775609	0.272	0.093	3.36046260382379e-07
psma5	2.42369970594634e-11	0.519719238978706	0.808	0.577	3.52163567274003e-07
top1l	2.92364595879835e-11	0.62528891814207	0.688	0.436	4.24805757813401e-07
chaf1b	3.90849351213389e-11	0.340835431720693	0.224	0.069	5.67904107313054e-07
rpl8	3.94563502627737e-11	0.265639652968284	1	1	5.73300769318102e-07
nop2	4.07722421439545e-11	0.472582193477698	0.392	0.167	5.92420678351659e-07
rpa1	4.2822437546891e-11	0.483538429317589	0.52	0.255	6.22210017556326e-07
eif1axb	4.78616063093521e-11	0.522672352612145	0.816	0.636	6.95429139674886e-07
mt-nd4l	7.52457327584529e-11	0.322519145892782	0.136	0.03	1.09332049698032e-06
rsl1d1	7.65123794652736e-11	0.441804966965528	0.52	0.261	1.11172487363043e-06
rpl34	8.52044291135214e-11	0.291862471524268	1	0.999	1.23802035501947e-06
psma4	9.1746157208266e-11	0.55609660832241	0.8	0.609	1.33307166423611e-06
rcc1	1.36970171615941e-10	0.378990808348653	0.304	0.117	1.99017659357962e-06
cox6a1	1.4369950732085e-10	0.516968390346755	0.952	0.83	2.08795384137195e-06
chek1	1.47321828535966e-10	0.268543135690124	0.152	0.037	2.14058616862758e-06
spryd4	1.47526703190558e-10	0.288372934250018	0.192	0.054	2.14356299735881e-06
rbp5	1.55566382630509e-10	0.549818205441705	0.56	0.279	2.2603795396213e-06
smarca5	1.74577630926789e-10	0.421473259423304	0.48	0.231	2.53661297736625e-06
pola2	1.75721613426567e-10	0.424940470348842	0.192	0.056	2.55323504308802e-06
srsf10b	1.7935708467079e-10	0.493866596554009	0.488	0.244	2.60605844026658e-06
timm8b	1.92829879635522e-10	0.486171390687862	0.488	0.239	2.80181815110413e-06
uqcrh	1.97063431547868e-10	0.477504793050251	0.872	0.711	2.86333166039052e-06
abce1	1.97642654770739e-10	0.492180301274252	0.616	0.349	2.87174777381884e-06
asf1bb	2.07120809231814e-10	0.58540941580804	0.448	0.218	3.00946535813826e-06
cfdp1	2.80423397084952e-10	0.452073076041026	0.256	0.09	4.07455195964435e-06
chtopa	2.83181870027671e-10	0.494303482581144	0.672	0.401	4.11463257150205e-06
COX7A2 (1 of many)	2.97063803510604e-10	0.444592565485571	0.352	0.149	4.31633706500907e-06
mrpl51	3.13248344971298e-10	0.265590925745068	0.16	0.042	4.55149845243296e-06
osgep	3.78362940287805e-10	0.336881651017365	0.28	0.103	5.49761352238181e-06
psma1	3.79037722224388e-10	0.476422448415895	0.888	0.697	5.50741810392036e-06
ilf2	4.21806748204527e-10	0.448800870806708	0.904	0.707	6.12885205141178e-06
rplp0	4.99133806951712e-10	0.260888577551128	1	0.999	7.25241421500837e-06
cirbpb	5.28632580140343e-10	0.407316164078553	1	0.986	7.68103138943918e-06
sap18	5.44215439774386e-10	0.627655722884871	0.752	0.539	7.90745033992182e-06
lhx6	6.45920923577672e-10	0.446383426529034	0.264	0.095	9.38523101958358e-06
tbca	6.8688469013197e-10	0.569292599837802	0.744	0.525	9.98043454761753e-06
si:ch211-276i12.11	6.91001620801439e-10	0.459306178666072	0.424	0.2	1.00402535502449e-05
lyar	7.77005111839418e-10	0.394506114651238	0.352	0.148	1.12898842750267e-05
si:ch73-308l14.2	7.77442543646558e-10	0.383413511985935	0.312	0.125	1.12962401591845e-05
mt-cyb	8.58006114333676e-10	0.650044484118964	0.992	0.98	1.24668288412683e-05
syncrip	8.77736953080138e-10	0.425246283082778	0.936	0.773	1.27535179282544e-05
snrpa1	9.51795286973351e-10	0.469347946411422	0.6	0.349	1.38295855197228e-05
pole3	9.52868043301062e-10	0.488447055410091	0.376	0.175	1.38451726691644e-05
tuba1b	1.10556138637348e-09	0.49224200229541	0.456	0.229	1.60638069440067e-05
ubr7	1.15200230857308e-09	0.479232514461113	0.432	0.208	1.67385935435668e-05
eef1akmt1	1.1655745911075e-09	0.25347962621973	0.256	0.09	1.6935798808792e-05
lbr	1.21551757759574e-09	0.394803391106137	0.528	0.274	1.76614704024661e-05
tnc	1.23996870568985e-09	0.483956290347508	0.312	0.125	1.80167452936735e-05
nolc1	1.46881122959215e-09	0.362524673642827	0.32	0.131	2.13418271659739e-05
si:ch211-284b7.3	1.67300327498589e-09	0.450732464587367	0.52	0.286	2.43087375855449e-05
phb	1.67371260472436e-09	0.559763536398733	0.624	0.396	2.43190441466449e-05
ccdc12	1.72741855478548e-09	0.444660009553842	0.392	0.178	2.50993916010331e-05
rcl1	1.97573751785748e-09	0.274190217989938	0.208	0.067	2.87074661344692e-05
mrpl20	2.17785097933802e-09	0.428750776688522	0.416	0.199	3.16441747297814e-05
adssl	2.5844405698624e-09	0.582772685162634	0.464	0.244	3.75519214801007e-05
ccna2	2.62235577011352e-09	0.367094134018666	0.328	0.133	3.81028293397494e-05
exosc5	2.81568023435815e-09	0.384107618140631	0.32	0.134	4.09118338052238e-05
eftud2	2.88583654262682e-09	0.415264442599292	0.304	0.128	4.19312049643676e-05
mdka	2.92120160180163e-09	0.307604327905599	0.856	0.575	4.24450592741776e-05
ftsj3	3.1257194110975e-09	0.274904736470046	0.2	0.064	4.54167030432467e-05
adsl	3.58670632726605e-09	0.304365176769362	0.304	0.121	5.21148429351757e-05
mrrf	3.63405783712962e-09	0.419896130244138	0.28	0.109	5.28028603734934e-05
mrpl12	3.6457577172899e-09	0.47414867274582	0.496	0.268	5.29728596322223e-05
ruvbl1	3.71188878393853e-09	0.483893231370487	0.472	0.241	5.39337440306268e-05
arl14ep	3.99574925671318e-09	0.443957611722464	0.472	0.239	5.80582367000426e-05
clns1a	4.00541775547925e-09	0.418386934231676	0.528	0.285	5.81987199871135e-05
rwdd1	4.138872967653e-09	0.487234741157873	0.624	0.363	6.01378242199982e-05
pole4	4.32521654269067e-09	0.648094273153816	0.496	0.271	6.28453963652954e-05
pmp22a	4.48734866482484e-09	0.338335496068488	0.88	0.637	6.52011760999049e-05
hnrnpm	4.52471292480375e-09	0.517674168656466	0.352	0.162	6.57440787973985e-05
lsm4	4.72297455546773e-09	0.51845453220233	0.776	0.556	6.86248202909461e-05
anp32a	4.99110800015025e-09	0.529704407234798	0.88	0.753	7.25207992421831e-05
mt-co2	5.381157516084e-09	0.571949056105733	1	0.996	7.81882187087005e-05
mybl2b	5.41491701819008e-09	0.251907220448447	0.176	0.053	7.86787442743019e-05
cdkn2aipnl	5.59309355729383e-09	0.428127700688818	0.512	0.281	8.12676493874794e-05
neil1	5.78002914983937e-09	0.335062943088118	0.136	0.035	8.3983823547166e-05
si:ch211-217k17.7	5.94572553976229e-09	0.444765355257143	0.416	0.199	8.6391392092746e-05
mif	5.95142058317308e-09	0.535409213293589	0.656	0.437	8.64741410735048e-05
ndufab1b	6.00753334900733e-09	0.493859626445504	0.704	0.451	8.72894595610765e-05
eif3ja	6.10596466726663e-09	0.428715074335082	0.632	0.38	8.87196666153842e-05
ppid	6.21188983156167e-09	0.488312528309922	0.696	0.453	9.02587592525911e-05
mrpl57	6.52039863235791e-09	0.434644123836041	0.536	0.297	9.47413921281605e-05
prmt1	6.6702213184823e-09	0.641091087398148	0.648	0.488	9.69183157575478e-05
ndufa4l	7.01447230536891e-09	0.419082051118534	0.96	0.879	0.00010192028259701
prrx1b	7.85913682842297e-09	0.780554642657581	0.416	0.217	0.000114193258116986
eed	7.9876492448175e-09	0.382783328761086	0.352	0.159	0.000116060543527198
anapc10	8.21242551826102e-09	0.307003443330722	0.288	0.115	0.000119326542780333
hdgfl2	8.43307286438753e-09	0.374306570003862	0.304	0.128	0.000122532548719551
srsf11	8.64409529089134e-09	0.475209307346649	0.72	0.509	0.000125598704576651
pfdn4	8.68332859568288e-09	0.479601112622628	0.728	0.535	0.000126168764495272
cx43.4	8.71464947213462e-09	0.409586640369428	0.608	0.342	0.000126623856830116
caap1	9.40454652411285e-09	0.271382615397334	0.304	0.123	0.00013664806099536
mki67	9.50031865122543e-09	0.300330051203369	0.304	0.121	0.000138039630002305
uba2	9.99479601976232e-09	0.356600156001206	0.328	0.139	0.000145224386167146
knop1	1.091319569652e-08	0.399271508490049	0.336	0.148	0.000158568733470435
gins3	1.13240102528552e-08	0.253364667081861	0.2	0.067	0.000164537868973986
hnrnpl	1.13940400833074e-08	0.500555718008822	0.736	0.489	0.000165555402410456
polr2k	1.17364634694028e-08	0.495202380629999	0.392	0.191	0.000170530814210422
aprt	1.34889215405984e-08	0.293579162051896	0.248	0.094	0.000195994029984894
meis1a	1.38899524924171e-08	0.494028906341443	0.408	0.205	0.000201821009714821
atp5mea	1.55112024520027e-08	0.522327733737457	0.624	0.409	0.000225377771627599
prmt5	1.60738147541353e-08	0.406278986720886	0.288	0.121	0.000233552528377585
eif4a3	1.64703669536648e-08	0.483673923433418	0.696	0.495	0.00023931443183675
lrrc20	1.76792950437365e-08	0.400663377436789	0.36	0.171	0.000256880156985491
mrto4	1.94031327412875e-08	0.271573958208808	0.256	0.099	0.000281927518730907
timm13	1.97300086546972e-08	0.366472734679534	0.368	0.174	0.00028667702575275
psmd10	1.9793222071572e-08	0.460447928106099	0.376	0.183	0.000287595516699941
ndufa12	2.0410155765044e-08	0.548100774601074	0.64	0.448	0.000296559563266089
exosc7	2.2714625417745e-08	0.292218575132913	0.224	0.082	0.000330043507319834
prkrip1	2.29398697949459e-08	0.472965802689194	0.368	0.173	0.000333316308120564
polr2eb	2.38765094499493e-08	0.432983208150465	0.6	0.354	0.000346925682307763
hnrnpa0b	2.41953476440051e-08	0.42405593890895	0.952	0.832	0.000351558401267394
ndufa6	2.46719672880094e-08	0.471079344329275	0.8	0.604	0.000358483684694776
ssb	2.87455696471662e-08	0.408690115487751	0.472	0.245	0.000417673126973325
ebna1bp2	2.89953643901961e-08	0.499371711254108	0.496	0.279	0.000421302644589549
pes	2.90169877406401e-08	0.431918643166468	0.368	0.178	0.0004216168318715
mrpl13	3.01626350480307e-08	0.370661757671337	0.536	0.294	0.000438263087247886
nol7	3.06516075833762e-08	0.408774196332117	0.4	0.197	0.000445367858186456
ptrh2	3.18559131394228e-08	0.278376886382759	0.256	0.101	0.000462866417915814
mrps24	3.39607836546229e-08	0.455619135802438	0.424	0.218	0.000493450186501671
pdap1a	3.42608572384612e-08	0.491049606741546	0.696	0.501	0.000497810255674841
caprin1a	3.47548041547896e-08	0.429615929635183	0.416	0.21	0.000504987304369093
timm9	3.5341607640603e-08	0.446935545628254	0.44	0.231	0.000513513559017961
kars	3.54172890126241e-08	0.436611864619493	0.64	0.394	0.000514613209353428
zgc:56699	3.60930154033565e-08	0.436071682454194	0.248	0.097	0.00052443151381077
srsf6a	3.65867784423532e-08	0.39516459830077	0.408	0.207	0.000531605890767392
eif2s1a	3.9833562286853e-08	0.472059090096071	0.536	0.316	0.000578781660027974
hspe1	4.71948975047045e-08	0.493564943695361	0.848	0.708	0.000685741860743357
phgdh	4.84644544414762e-08	0.516016985632571	0.512	0.292	0.000704188523034649
psme3	5.00693795034108e-08	0.451035846841998	0.408	0.21	0.000727508084184559
sf3a2	5.06916377838299e-08	0.409438569646928	0.696	0.468	0.000736549496999048
mcmbp	5.34164175880952e-08	0.336285249155554	0.24	0.094	0.000776140547555024
snrpa	5.39670704452107e-08	0.49720411113107	0.632	0.41	0.000784141533568912
si:ch211-51e12.7	5.41251824058309e-08	0.393712372634701	0.856	0.628	0.000786438900356723
chchd10	5.4371463901431e-08	0.375175198952192	0.328	0.149	0.000790017370487793
lta4h	5.70641115649148e-08	0.33707202017049	0.272	0.117	0.000829141541038212
marcksb	5.89874173960895e-08	0.262139666328821	0.776	0.511	0.00085708717476518
hoxa2b	5.99351492587209e-08	0.467099577239176	0.24	0.093	0.000870857718729215
dek	6.45002431361857e-08	0.412634496528217	0.304	0.137	0.000937188532768778
pttg1	6.65000134098423e-08	0.293853754694994	0.224	0.084	0.000966245194845009
ncbp2	6.8542643310923e-08	0.354045836348421	0.576	0.331	0.000995924607307711
cox7a2a	6.89481288821943e-08	0.439819084198444	0.832	0.68	0.00100181631265828
psmb4	6.91989545583683e-08	0.407011257842185	0.832	0.688	0.00100546080973309
cox5ab	7.1244119342125e-08	0.571492298043772	0.752	0.61	0.00103517705404108
atp5f1e	7.55667790832319e-08	0.422152022192809	0.952	0.805	0.00109798530007936
eif3ha	7.893719645241e-08	0.407478674341942	0.864	0.667	0.00114695746445352
noc4l	8.16742714987525e-08	0.314566946539421	0.24	0.094	0.00118672716487687
daxx	9.10227549627487e-08	0.260522108890393	0.24	0.093	0.00132256062960874
hnrnph1l	9.10695976370055e-08	0.498355459475592	0.736	0.501	0.00132324125366569
mrps17	9.2840793684032e-08	0.26303406940807	0.28	0.117	0.00134897673222898
pin1	1.06396267191849e-07	0.428450985261044	0.736	0.495	0.00154593776229756
si:dkey-21c1.8	1.31759419796778e-07	0.300836585846145	0.128	0.036	0.00191446436964719
nudt1	1.4023896312651e-07	0.27861710865474	0.128	0.036	0.00203767213422819
mrpl39	1.41825538905113e-07	0.317033163514335	0.304	0.136	0.0020607250802913
psmb2	1.43978545178098e-07	0.480489518346668	0.808	0.663	0.00209200826143776
ndufb10	1.50014243287271e-07	0.406307738449925	0.712	0.494	0.00217970695496404
rbm4.3	1.56362018855576e-07	0.404160676807825	0.856	0.751	0.00227194013397151
elof1	1.70082083476451e-07	0.463319000015119	0.752	0.542	0.00247129267291284
nudcd2	1.72046968964975e-07	0.331922243056952	0.392	0.2	0.00249984245906109
psmd13	1.78614446688445e-07	0.441866237217966	0.76	0.539	0.0025952679103831
polr2i	1.83511653034487e-07	0.387842769926058	0.464	0.259	0.0026664243185911
dtymk	1.83833335716114e-07	0.371750738384289	0.208	0.079	0.00267109836795513
khsrp	1.99242720982546e-07	0.370144119819576	0.656	0.438	0.00289499673587639
tomm5	2.12871034161241e-07	0.485948310412303	0.792	0.607	0.00309301612636283
tomm22	2.15910341044451e-07	0.399193759265434	0.592	0.38	0.00313717725537587
tma16	2.23348298951572e-07	0.25005691163942	0.248	0.102	0.00324525078376634
tp53rk	2.24081919723053e-07	0.280501530693247	0.24	0.096	0.00325591029357596
cox4i1	2.28195803242497e-07	0.422356440228942	0.936	0.846	0.00331568502111348
prdx4	2.61662801186072e-07	0.41783193581955	0.648	0.434	0.00380196050123363
zgc:136864	2.68336433588765e-07	0.335254550289767	0.208	0.079	0.00389892838004475
smim15	2.82702204083153e-07	0.419885176968692	0.672	0.475	0.00410766302532822
cdc26	2.84298237229176e-07	0.46802114581168	0.432	0.238	0.00413085338693993
hnrnpub	2.96527264918941e-07	0.363280804503352	0.704	0.459	0.00430854115927221
pwp2h	2.98622490525057e-07	0.390021194271627	0.184	0.068	0.00433898478732907
gstm.1	3.03039024832511e-07	0.334596861289531	0.528	0.304	0.00440315703081639
msh2	3.17096932726842e-07	0.31975341458405	0.24	0.099	0.00460741843252101
mcts1	3.19747371135492e-07	0.436379745408138	0.536	0.322	0.00464592930259871
sf3b3	3.34592536569018e-07	0.360848325783302	0.272	0.121	0.00486162955634783
tfam	3.38906869915347e-07	0.355555408027538	0.416	0.224	0.00492431681986999
mrps15	3.39885657658007e-07	0.357453979113205	0.288	0.131	0.00493853860577084
e2f3	3.52045583479863e-07	0.285989799733339	0.168	0.058	0.00511522232796242
ptgr1	3.60729355679826e-07	0.299997412480072	0.704	0.457	0.00524139753802787
si:dkey-67c22.2	3.63346261300692e-07	0.42585017225762	0.568	0.357	0.00527942117669905
uchl5	3.78364987251847e-07	0.378565526117665	0.464	0.256	0.00549764326476933
rrp7a	3.96703745826383e-07	0.294457805837562	0.256	0.11	0.00576410542685735
nucks1b	4.06050171364376e-07	0.456578378504769	0.592	0.381	0.00589990898992438
ccdc187	4.06654682651537e-07	0.366693029109826	0.328	0.159	0.00590869253892683
nedd8	4.12275433064197e-07	0.405475328789919	0.6	0.384	0.00599036204242278
hars	4.21289867384442e-07	0.317287229560438	0.592	0.366	0.00612134177309594
eif4a1a	4.30496631227066e-07	0.499905661522519	0.72	0.533	0.00625511605172927
mrps18c	4.50307512819117e-07	0.485464382366963	0.472	0.285	0.00654296816126177
lmnb1	4.61353342083478e-07	0.401221912597338	0.576	0.355	0.00670346406047294
srsf3b	4.7723445204949e-07	0.443229237480974	0.84	0.699	0.00693421658827909
prpf8	5.06530426895088e-07	0.322619583566583	0.24	0.102	0.00735988710278563
med11	5.6132948316219e-07	0.354207119857581	0.424	0.228	0.00815611739034662
cdk2	6.15163745128528e-07	0.252736877651773	0.304	0.138	0.00893832921671752
orc5	6.50309418627885e-07	0.264897199867056	0.144	0.047	0.00944899585266317
cycsb	6.56442526291454e-07	0.436034397571507	0.776	0.601	0.00953810990701483
lmnb2	6.65263714044356e-07	0.411519218857231	0.344	0.174	0.00966628176506449
cdk8	7.11161027560612e-07	0.250928372972757	0.184	0.068	0.0103331697304557
sumo3a	7.82490279004184e-07	0.340774888843634	0.88	0.797	0.0113695837539308
bxdc2	8.45704484060727e-07	0.326908107600919	0.4	0.211	0.0122880861534024
atp5l	8.5348440306449e-07	0.370022303727159	0.936	0.877	0.012401128376527
cse1l	8.61609463218176e-07	0.338441803606768	0.272	0.124	0.0125191855005601
llph	8.81926782399984e-07	0.343955217356091	0.384	0.203	0.0128143961482718
ndufa8	9.03145874894064e-07	0.402832774650572	0.664	0.471	0.0131227095622107
mt-nd3	9.10101976105608e-07	0.617635765910607	0.688	0.536	0.0132237817128145
naa40.1	9.58108712541279e-07	0.459526569594819	0.472	0.285	0.0139213195932248
ssbp1	9.76388258545908e-07	0.291783912256215	0.32	0.154	0.014186921396672
carm1	1.0027116999853e-06	0.353980469357285	0.424	0.226	0.0145694010007864
ndufb3	1.00315415180857e-06	0.415433624225597	0.688	0.463	0.0145758298257785
eif4bb	1.05063058813176e-06	0.407208317665319	0.544	0.347	0.0152656624455544
zgc:56095	1.2221284165859e-06	0.42257440087951	0.56	0.374	0.0177575258929931
twist3	1.25169185901495e-06	0.326208955967946	0.224	0.094	0.0181870827114873
mphosph6	1.29432828558589e-06	0.357871993768779	0.256	0.116	0.018806589989563
denr	1.32612516542624e-06	0.398857779138461	0.6	0.368	0.0192685986536433
mrpl30	1.34571780571872e-06	0.345775272858633	0.512	0.297	0.019553279717093
mrps11	1.39824659506008e-06	0.343047878217579	0.392	0.211	0.0203165230262229
eif3k	1.45598160882502e-06	0.410044428192514	0.728	0.564	0.0211554127762275
chchd1	1.47692689558409e-06	0.360628612184966	0.296	0.143	0.0214597477928368
fam53b	1.56665617396154e-06	0.297211737545082	0.472	0.269	0.0227635142076612
CABZ01115113.1	1.56990266438958e-06	0.413619692005896	0.408	0.236	0.0228106857135806
brd7	1.60810380015718e-06	0.399060337559184	0.408	0.222	0.0233657482162839
imp3	1.64504248583192e-06	0.254333330394543	0.2	0.079	0.0239024673191378
chd4a	1.65109173640326e-06	0.418488179185693	0.568	0.368	0.0239903629299394
baz1a.1	1.74741677847568e-06	0.297125545056441	0.216	0.091	0.0253899657912517
ctnnbl1	1.82338242662815e-06	0.297156564223184	0.312	0.153	0.0264937466589071
psmb7	1.89148571053687e-06	0.366344864403974	0.888	0.814	0.0274832873741008
ubxn1	1.92129597311786e-06	0.331149743417941	0.376	0.202	0.0279164304894025
nedd8l	1.92204207970488e-06	0.352446569957424	0.408	0.227	0.0279272714181119
mrpl11	2.01645452543013e-06	0.326658466879165	0.448	0.256	0.0292990842544997
prim2	2.05021201509891e-06	0.298207882249329	0.288	0.136	0.0297895805793872
mrps18b	2.06370793837252e-06	0.355981790613969	0.288	0.141	0.0299856763445527
si:dkey-239h2.3	2.1009595710299e-06	0.515901842323911	0.416	0.237	0.0305269425670644
ylpm1	2.31482270582184e-06	0.251211096091258	0.168	0.062	0.0336343739155913
rrbp1a	2.64528945490725e-06	0.364225143465913	0.24	0.107	0.0384360557798023
selenof	2.84918236714499e-06	0.349433562073015	0.864	0.682	0.0413986197946167
hmgb3b	2.87759093516127e-06	0.427484510480864	0.512	0.336	0.0418113962878932
mrpl36	3.3259253566617e-06	0.360181808836936	0.44	0.252	0.0483256954322945
