gene	p_val	avg_log2FC	pct.1	pct.2	p_val_adj
si:ch211-202h22.9	0	2.32713059679469	0.773	0.009	0
nos1	0	2.45758686957283	0.818	0.005	0
si:ch73-193i22.1	0	2.14612377849915	0.773	0.01	0
slc2a3a	7.60668956376418e-299	2.79802771269104	0.864	0.014	1.10525199361494e-294
tekt4	5.5041817839485e-290	1.80410656286021	0.659	0.007	7.99757613207717e-286
oprd1b	3.01528598149178e-284	1.44809300964519	0.545	0.004	4.38121053110755e-280
CHST8	7.66685343606254e-275	1.71208425957471	0.659	0.008	1.11399380425989e-270
kmo	2.21663842653641e-260	1.08570212218269	0.409	0.002	3.22077563375741e-256
atp2b3a	8.33252891280506e-236	1.66925700398241	0.682	0.011	1.21071645103058e-231
atp2b3b	4.59699552285894e-213	1.32475890155983	0.568	0.008	6.67943449471404e-209
plcxd3	1.70189768493214e-208	3.48905720892373	0.955	0.032	2.4728573362064e-204
islr2	1.83304439167327e-192	3.92650863491656	0.977	0.038	2.66341350110126e-188
etv1	3.58543209746194e-190	2.9786273685785	0.977	0.038	5.2096328376122e-186
cygb2	1.03253797617727e-184	2.32623723288075	0.682	0.016	1.50027767938557e-180
gch1	3.84522338626728e-184	2.24249664974259	0.932	0.035	5.58710958024635e-180
dgkaa	2.67363613130594e-175	2.92362933901031	0.932	0.038	3.88479329878753e-171
xgb	4.30074089418412e-169	0.80656364711763	0.364	0.003	6.24897651924952e-165
gcnt7	3.73737256260502e-164	0.935897264955512	0.318	0.002	5.43040233346509e-160
fgf13b	1.30002483670162e-163	2.30449574931481	0.909	0.038	1.88893608772746e-159
tnfaip8l2b	2.72919880152427e-163	1.44071682160833	0.386	0.004	3.96552585861477e-159
sult4a1	4.44616174237175e-160	1.83356063847383	0.841	0.032	6.46027301166615e-156
kif26aa	1.40090089907083e-157	1.25659460378164	0.591	0.014	2.03550900634992e-153
scn1laa	1.08783707335084e-149	0.991260097889447	0.386	0.005	1.58062726757878e-145
oprl1	4.394503204295e-149	0.970025254639234	0.386	0.005	6.38521315584064e-145
chrna3	3.57907718986315e-148	1.86442740806718	0.659	0.02	5.20039915687115e-144
syt1a	1.33962583331182e-147	2.33711032088828	0.932	0.045	1.94647633580207e-143
tbx3a	2.11868395073123e-144	2.1126694773252	0.818	0.035	3.07844778041247e-140
hpcal4	4.49526783734623e-140	1.21182364211707	0.523	0.012	6.53162416766407e-136
arl3l2	3.17787368430764e-138	0.588885215501082	0.227	0.001	4.61745046329899e-134
vgf	6.4216161302764e-138	2.2197798790872	0.841	0.039	9.33060823729161e-134
chrna5	1.0814856480989e-132	2.97468551514585	1	0.063	1.5713986466877e-128
slc9a5	1.07161999135017e-131	0.890762725871679	0.364	0.005	1.5570638474318e-127
syn2a	2.5345705186603e-128	1.83716183742629	0.841	0.042	3.68273096361341e-124
eno2	2.22974405117796e-126	1.68123445123922	0.864	0.045	3.23981810636158e-122
si:dkeyp-120h9.1	3.53586916409689e-121	2.42440175606339	0.886	0.053	5.13761789543279e-117
dpp6b	1.15730856695033e-118	0.752488999626135	0.341	0.005	1.68156934777883e-114
scg5.1	2.05011050259528e-116	2.04321395261753	0.864	0.05	2.97881056027095e-112
nrxn1b	4.25279521279787e-116	0.532702869923653	0.25	0.002	6.17931144419531e-112
cacng5a	8.19607801541021e-112	0.541027003544059	0.205	0.001	1.1908901356391e-107
si:ch211-157j23.2	1.19037916536037e-111	0.708638399861684	0.295	0.004	1.72962092726861e-107
ada	1.73531686398109e-110	1.39441157981741	0.591	0.023	2.52141540336452e-106
nrsn1	3.59435751241972e-107	1.26859383410559	0.659	0.03	5.22260146554586e-103
map1b	2.39113404497256e-106	1.9132558433305	0.864	0.054	3.47431776734513e-102
ntng1a	5.45906214868792e-106	0.413811087251136	0.159	0.001	7.93201730204355e-102
olfm1b	9.23397978025502e-105	2.48189429472283	0.977	0.076	1.34169726207105e-100
ctnnd2a	3.52478634311449e-104	1.21397063550345	0.523	0.019	5.12151455654536e-100
zgc:101663	3.54497949336711e-104	0.609127034831486	0.295	0.005	5.15085520386241e-100
atp8b2	2.2848257144227e-103	0.389914441249981	0.182	0.001	3.31985176305618e-99
slc29a4	7.60687421640202e-102	1.5246662151328	0.568	0.023	1.10527882364321e-97
st8sia5	1.85387852031394e-101	1.07050935012606	0.568	0.022	2.69368549001615e-97
nfasca	3.19801419735527e-101	2.34330593866773	0.864	0.061	4.64671462875721e-97
tppp2	4.41524425204853e-101	1.03707492654578	0.409	0.011	6.41534989822651e-97
bean1	1.29700501285586e-100	0.926163026138763	0.432	0.012	1.88454828367956e-96
tph1b	1.58807049139248e-100	0.857889248484566	0.386	0.01	2.30746642399327e-96
pcsk1nl	8.03987459999448e-99	2.36527162099262	0.909	0.07	1.1681937793792e-94
FO907089.1	1.0041956458657e-98	0.990689127642433	0.386	0.01	1.45909627344286e-94
ret	1.93392906650716e-96	1.68796703494678	0.818	0.054	2.80999893363491e-92
si:ch211-207d6.2	2.08433806734644e-95	0.333306584621573	0.159	0.001	3.02854321185437e-91
rab6bb	1.87499300348057e-92	2.08444584235625	0.795	0.055	2.72436483405726e-88
syngr3b	3.04102700796105e-92	1.33103029480149	0.568	0.026	4.41861224256741e-88
gpr22b	1.17598747003744e-91	0.682809899881612	0.273	0.005	1.7087097939644e-87
adcyap1b	1.32075191865864e-91	4.69624294690832	0.955	0.093	1.919052537811e-87
si:ch211-157j23.3	6.6476785499284e-90	0.815786128453245	0.295	0.006	9.65907693304597e-86
gfra1a	9.01439153728557e-88	2.6628018002702	0.818	0.064	1.30979109036759e-83
kcnd2	1.01900701152621e-87	0.885232750426011	0.409	0.013	1.48061718774758e-83
cacna1ba	1.38662584345876e-86	0.362985357236141	0.159	0.001	2.01476735054558e-82
stmn2a	8.1905778021667e-86	3.65227517155495	1	0.112	1.19009095465482e-81
nacad	8.28909794635045e-86	0.67127170658721	0.318	0.007	1.20440593160472e-81
snap25a	1.21553073956479e-85	1.56070792932184	0.932	0.078	1.76616616458764e-81
kcnc1a	1.98893578454754e-85	0.726677570357282	0.364	0.01	2.88992369494758e-81
cplx2	2.52562844590458e-85	2.35459330313565	0.886	0.079	3.66973813189935e-81
cpe	8.0032817027537e-85	2.70195410020018	0.955	0.098	1.16287683141011e-80
atp1a3a	7.63753115187078e-84	1.43161711031482	0.705	0.045	1.10973327636682e-79
zgc:65894	4.74877828061549e-83	3.77749632341844	1	0.119	6.8999748417343e-79
maptb	5.31703503482508e-83	3.20791667606613	1	0.118	7.72565190560084e-79
lrrn1	9.0180424759918e-83	1.7035445862968	0.773	0.057	1.31032157176161e-78
slc35g2b	1.3030364150832e-82	1.42752296194399	0.614	0.035	1.89331191111589e-78
stmn2b	4.25649106365889e-82	3.90028498253919	1	0.121	6.18468151549636e-78
calcrla	1.27218632832772e-81	1.63745054459122	0.773	0.057	1.84848673506017e-77
chrnb4	6.82526157655842e-80	1.25080164486355	0.568	0.03	9.91710507073938e-76
emb	1.00715087187538e-79	0.54839133150006	0.227	0.004	1.46339021683493e-75
itm2ca	1.40564392248013e-79	1.18704371087481	0.568	0.03	2.04240061936363e-75
clvs2	2.27691839596281e-79	1.22323864714206	0.591	0.033	3.30836242933397e-75
astn1	5.11963954239141e-78	0.705310756272963	0.341	0.01	7.43883625509472e-74
brinp2	5.75238224964286e-78	0.274246674472726	0.136	0.001	8.35821140873107e-74
prph	6.40628000953265e-78	2.50704158826152	0.455	0.02	9.30832485385094e-74
GARNL3	9.66887753017164e-78	0.405897865391826	0.205	0.003	1.40488790513394e-73
mllt11	1.35180605071773e-77	3.09485571975151	1	0.122	1.96417419169287e-73
sgip1a	1.20057110453174e-74	1.02806736110511	0.5	0.025	1.74442981488463e-70
stmn4l	3.52057423401442e-74	2.38164833375478	0.886	0.089	5.11539436202295e-70
gphnb	9.23875246368204e-74	0.881595142725322	0.341	0.011	1.342390732973e-69
clstn2	1.90466813553424e-73	0.77004273298912	0.318	0.009	2.76748280093125e-69
calm1b	4.43438857434742e-73	2.69865240311215	0.932	0.107	6.4431665985268e-69
si:ch211-157j23.3.1	1.11143018890906e-72	0.469175019102341	0.182	0.002	1.61490806448487e-68
ahcyl1	1.11900575741725e-72	1.04885324208869	0.523	0.028	1.62591536552726e-68
kank4	2.18599211291436e-72	0.837819644774366	0.318	0.01	3.17624654006457e-68
scg2b	3.27624667519531e-72	1.82119663135312	0.682	0.05	4.76038641905879e-68
samsn1a	1.19822870450738e-71	0.730834787727437	0.364	0.013	1.74102630764923e-67
tuba2	3.7349080546461e-71	2.01345422150074	0.932	0.1	5.42682140340079e-67
atl1	3.81029327992099e-71	1.14182316202753	0.636	0.043	5.5363561357252e-67
syngr1a	5.44323686621316e-71	0.714997622927709	0.318	0.01	7.90902316660773e-67
map2k1	1.19519220444742e-70	1.1337630087165	0.455	0.022	1.7366142730621e-66
anos1b	1.328043381783e-70	1.028091031032	0.545	0.032	1.92964703373069e-66
dpysl3	6.52166801739314e-70	2.35236325135487	0.955	0.116	9.47598362927223e-66
rac3a	1.2921745059742e-69	1.51691395677205	0.773	0.068	1.87752955718051e-65
si:ch211-214j24.9	1.3074374553719e-69	0.886558061942937	0.432	0.019	1.89970662265537e-65
phox2a	1.85448819833313e-69	3.03066325886798	1	0.132	2.69457135217804e-65
scg3	3.38548070865922e-69	1.64084071410226	0.886	0.091	4.91910346968185e-65
vamp2	4.32538038948798e-69	2.01291295176208	0.932	0.104	6.28477770592603e-65
vipb	7.34958913967538e-69	7.55125297575488	0.977	0.147	1.06789530199483e-64
alk	8.07658193756035e-68	0.718639789089351	0.159	0.002	1.17352735552752e-63
FO704786.1	7.07590146203504e-67	1.19389558259093	0.5	0.028	1.02812848243369e-62
zgc:153615	8.56448490249438e-67	0.818810351366244	0.409	0.018	1.24441965633243e-62
si:dkeyp-66d1.7	1.2152345886512e-66	1.43224134965994	0.727	0.063	1.76573585731019e-62
gng3	1.42035969825467e-66	3.05904358695759	1	0.144	2.06378264156403e-62
si:dkey-280e21.3	1.42644504520105e-66	1.28834041269101	0.705	0.056	2.07262465067712e-62
zgc:101840	6.1468057247207e-66	1.67699836666273	0.932	0.104	8.93130871801917e-62
tspan18a	6.62039927161123e-66	3.82825492109148	1	0.163	9.61944014165112e-62
epdr1	3.07786474238082e-65	1.09340854228015	0.614	0.044	4.47213747067934e-61
dpysl5b	7.33456612751108e-65	0.789623887908081	0.432	0.021	1.06571245832736e-60
insm1b	6.47665451030399e-64	1.77310281542109	0.818	0.083	9.4105790034717e-60
pam	6.95139702905249e-64	1.57739669113266	0.773	0.078	1.01003798832133e-59
slit2	7.72629548867405e-64	1.11487744342314	0.477	0.027	1.12263073450434e-59
zgc:162989	7.77341505014733e-64	0.677985368231992	0.318	0.011	1.12947720678641e-59
atp6v1b2	1.99875522326766e-63	1.18684277406548	0.568	0.039	2.90419133940791e-59
socs4	2.48518080404911e-63	0.750702600518714	0.159	0.002	3.61096770828335e-59
dkk3a	3.11173357089076e-63	0.43795243977192	0.25	0.006	4.52134887850428e-59
nmnat2	5.61430266977256e-63	1.24318975963588	0.636	0.048	8.15758177917953e-59
phf24	7.4031937788558e-63	0.63958798770928	0.273	0.008	1.07568405606775e-58
sncb	2.6652494619549e-62	1.69456631794669	0.909	0.1	3.87260746822047e-58
tspan7b	1.72616869263719e-61	1.71919718544069	0.864	0.1	2.50812311040183e-57
neurl1aa	3.67267243041058e-61	0.85033004746735	0.386	0.018	5.33639304138658e-57
lyve1a	4.1762448640016e-61	0.339316509830791	0.114	0.001	6.06808378739433e-57
zgc:162858	4.37531973379978e-61	1.57944580574073	0.682	0.062	6.35733957321109e-57
basp1	1.09203546801659e-60	1.89702305084706	0.841	0.096	1.5867275350281e-56
atpv0e2	1.52466490732588e-60	2.15957822182627	0.955	0.141	2.21533811034451e-56
arpp21	6.47569017236933e-60	2.17072867884977	0.727	0.074	9.40917782045264e-56
alcama	9.40147097400042e-60	3.18948412301909	0.955	0.156	1.36603373252226e-55
atp6ap1a	1.00274136870664e-59	0.627653696943929	0.341	0.014	1.45698320873075e-55
pgam1b	1.00285443382902e-59	0.918185539863055	0.5	0.032	1.45714749235357e-55
tmsb2	2.6129005329301e-59	1.92010681172005	0.795	0.085	3.79654447434744e-55
rnasekb	4.8759328406416e-59	2.73147933668053	1	0.175	7.08473041745225e-55
gap43	1.37769744161354e-58	3.71359040590339	1	0.187	2.00179438266447e-54
si:ch211-272b8.6	2.43062049102178e-58	0.287776844422984	0.136	0.002	3.53169157345465e-54
xkr7	2.66071515990587e-58	0.29330401698056	0.136	0.002	3.86601912734324e-54
aldocb	3.29961695935479e-57	2.34012383926254	0.977	0.16	4.79434344194251e-53
rassf4	3.35668156044576e-57	0.561665168507425	0.273	0.009	4.87725830732769e-53
arl4aa	3.95214943884129e-57	1.47763318124452	0.568	0.045	5.7424731346364e-53
hmx3a	4.81401342216947e-57	1.57386642611743	0.682	0.063	6.99476150241224e-53
kcnn3	4.86267521431581e-57	0.615084543120157	0.25	0.007	7.06546708640087e-53
pcloa	7.93911471700618e-57	0.828532425949204	0.386	0.019	1.153553368381e-52
mapk8ip3	1.18552764143904e-56	0.849567991825502	0.409	0.022	1.72257166301092e-52
si:ch73-119p20.1	2.43257121934884e-56	0.947809786559387	0.409	0.022	3.53452598171387e-52
hmx2	2.52843260889119e-56	1.11812476939366	0.568	0.043	3.6738125807189e-52
slc7a14a	2.70930795801998e-56	0.706548201913502	0.364	0.017	3.93662446300303e-52
zar1	1.07698362156215e-55	0.413955104787978	0.159	0.003	1.5648572021298e-51
vip	1.23437413546534e-55	2.7694752979499	0.386	0.02	1.79354561883114e-51
vangl1	1.53391839408585e-55	0.431889012699854	0.227	0.006	2.22878342660674e-51
chst2b	2.98598713431039e-55	0.85241733622099	0.341	0.015	4.338639306153e-51
map7d2b	6.65373107368843e-55	1.31952161207641	0.614	0.054	9.6678712500693e-51
bpifcl	2.31640107733875e-54	0.257396439444856	0.114	0.001	3.36573076537321e-50
ptprfb	4.01632639799103e-54	1.15258946324765	0.568	0.047	5.83572225628096e-50
oxr1b	4.42927320569611e-54	0.997717619279364	0.523	0.039	6.43573396787644e-50
atp6v0a1b	5.97378648314605e-54	0.724029057258065	0.318	0.014	8.67991176001121e-50
ptprua	8.50055247263109e-54	0.361394904726219	0.136	0.002	1.2351302742733e-49
rgs8	8.67961388210086e-54	0.361698969970585	0.136	0.002	1.26114789706925e-49
npffl	9.04908290298665e-54	0.331908987291049	0.136	0.002	1.31483174580396e-49
anks1b	1.26021189370959e-53	1.14198675688223	0.568	0.047	1.83108788156004e-49
clstn3	1.91358607751563e-53	0.9202155398927	0.386	0.021	2.78044057063021e-49
elavl4	2.74236993509703e-53	2.62687110794514	0.955	0.155	3.98466351569598e-49
EML5	2.77135494644078e-53	0.357269249616109	0.182	0.004	4.02677873717846e-49
calb2a	5.34517760472169e-53	1.11352222950228	0.205	0.005	7.76654305966061e-49
cdk5r2a	1.17808271027754e-52	0.756198702497577	0.409	0.023	1.71175417803326e-48
slc5a7a	1.85438346408688e-52	0.469914356916012	0.159	0.003	2.69441917331823e-48
fez1	2.13408513003349e-52	1.51868554004793	0.886	0.113	3.10082569393867e-48
rab3c	3.05803057886158e-52	0.963166630891039	0.568	0.047	4.44331843108588e-48
stxbp1a	3.83363374367504e-52	1.38645735727524	0.795	0.094	5.57026982955984e-48
pag1	6.49036124098898e-52	1.43769298620958	0.841	0.11	9.43049488315699e-48
celf3a	2.07164382480526e-51	1.75736360117934	0.818	0.105	3.01009847744205e-47
ank2a	2.35839438527945e-51	0.500325897594862	0.205	0.005	3.42674704181104e-47
camk4	2.5547341070435e-51	0.508369506426803	0.25	0.009	3.71202865753421e-47
l1cama	4.94603944741018e-51	0.580054400904741	0.227	0.007	7.18659531708699e-47
CABZ01102109.1	5.23166711028949e-51	0.854715111802228	0.341	0.017	7.60161231125062e-47
zgc:165481	6.44677875121737e-51	0.414370846345193	0.182	0.004	9.36716952551883e-47
stx1b	3.1224287044712e-50	1.35490957202545	0.795	0.095	4.53688890759666e-46
nsg2	4.8374527248092e-50	2.28077342128874	0.977	0.173	7.02881880914777e-46
gpr27	1.26307962199485e-49	0.654925806784762	0.318	0.015	1.83525469075852e-45
pcbp4	2.78825033001406e-49	1.36825358985841	0.773	0.097	4.05132772951042e-45
syt4	3.70672467183382e-49	1.10904559937268	0.659	0.066	5.38587094817454e-45
cds2	4.78386477263792e-49	2.01704609164974	0.977	0.195	6.9509555146429e-45
cyb5r1	9.16106949403347e-49	1.13177358788427	0.659	0.07	1.33110339748306e-44
ppp1r1b	1.95651435202233e-48	0.89232657360718	0.364	0.021	2.84281535348844e-44
nsfa	2.16872972162907e-48	1.25363665994919	0.591	0.055	3.15116428552703e-44
rims2a	2.78534896800559e-48	0.603652411770206	0.273	0.011	4.04711205051213e-44
arf3a	4.71713766111193e-48	0.532326304369484	0.25	0.009	6.85400102159564e-44
rab3aa	6.2948127457332e-48	0.692178199890196	0.364	0.021	9.14636291955034e-44
znf536	8.33064427437201e-48	1.96144026480475	0.75	0.097	1.21044261306625e-43
ywhag2	1.29229227076563e-47	3.11557116901065	1	0.245	1.87770066942246e-43
necap1	1.43475751074134e-47	1.21891299867542	0.705	0.078	2.08470266310716e-43
nptna	1.91892817792019e-47	1.02849349642	0.432	0.03	2.78820264251804e-43
aplp1	9.07666182797717e-47	1.26486907920343	0.614	0.062	1.31883896360508e-42
sypb	9.35596311941187e-47	0.857511828387321	0.523	0.043	1.35942144125054e-42
fam49al	1.53334421373692e-46	1.08059082568996	0.568	0.053	2.22794914255974e-42
map1aa	1.70811431113958e-46	1.40209787776137	0.705	0.082	2.48189009408581e-42
atp6v0cb	2.49163742763157e-46	2.77242547649858	1	0.234	3.62034918234867e-42
prkcaa	2.7048978743489e-46	0.887278386953814	0.5	0.041	3.93021661142895e-42
syt11a	6.06538058273017e-46	1.4377928487983	0.75	0.094	8.81299798670694e-42
nomo	1.31237269964405e-45	1.30642264825717	0.614	0.067	1.90687753258281e-41
scrn2	2.09620195857291e-45	0.687690090138357	0.341	0.019	3.04578144580644e-41
hoxa5a	2.52549928449213e-45	0.831749872251286	0.364	0.022	3.66955046036706e-41
nol4lb	3.68829003209544e-45	0.529934212953939	0.205	0.006	5.35908541663467e-41
ppp2r2ca	4.00274775924354e-45	0.598369099441196	0.318	0.016	5.81599249418087e-41
gng2	5.37046241279714e-45	2.47312304404286	1	0.236	7.80328188579424e-41
hsbp1a	1.53872871483931e-44	3.15859023897765	1	0.282	2.23577282266151e-40
slc35g2a	1.91587490931065e-44	1.14493425062044	0.568	0.055	2.78376624322837e-40
acsl1a	2.31293943485802e-44	1.34573665751063	0.636	0.073	3.3607009988487e-40
ptprna	4.60787676925694e-44	0.739681987300165	0.341	0.02	6.69524494573033e-40
vim	2.08506199779356e-43	3.02573184806487	1	0.274	3.02959508279405e-39
mapk8ip1a	2.26729958158744e-43	0.610535711584836	0.318	0.018	3.29438629204654e-39
cnrip1a	2.47726017884663e-43	1.34804720108202	0.773	0.105	3.59945903986416e-39
zgc:153426	3.4681388203758e-43	2.35826519093193	0.773	0.119	5.03920570600604e-39
uchl1	5.26456571544559e-43	2.19568519084572	0.886	0.162	7.64941398454244e-39
atat1	1.05470292296186e-42	0.924651648202462	0.5	0.044	1.53248334706358e-38
stmn1b	1.43282608505295e-42	2.48212607479503	1	0.208	2.08189630158193e-38
FAM163A	2.02081043923018e-42	0.549145288575393	0.227	0.009	2.93623756820145e-38
eno1a	5.107368159611e-42	2.32025797788398	0.955	0.214	7.42100593591478e-38
tmem179	1.0547492533887e-41	0.778229765994208	0.364	0.024	1.53255066517379e-37
ngfrb	1.3597667446517e-41	1.2935715239298	0.727	0.098	1.97574107997892e-37
acbd7	2.2627830415714e-41	1.29473983513263	0.841	0.13	3.28782375940325e-37
ube2ql1	3.22287223428722e-41	0.725634638167057	0.364	0.024	4.68283335641933e-37
elavl3	3.75213648204142e-41	1.95656973498872	1	0.188	5.45185430840618e-37
kidins220b	4.38180721339629e-41	1.3953830056593	0.523	0.053	6.36676588106481e-37
homer1b	4.97784300576714e-41	0.663580203752618	0.318	0.019	7.23280588737965e-37
nrg2b	7.76589948284598e-41	0.291532214158032	0.136	0.003	1.12838519485752e-36
si:ch211-239f4.1	2.15399787121431e-40	0.519598311638831	0.25	0.011	3.1297589068744e-36
rac3b	2.33617132815824e-40	0.981018768928291	0.659	0.08	3.39445693981393e-36
prkceb	3.21243925767574e-40	0.621630507225468	0.318	0.019	4.66767424140285e-36
zgc:158254	4.64638059740685e-40	0.513097372024735	0.273	0.014	6.75119100803215e-36
serpini1	5.18643031345265e-40	0.492212991797228	0.205	0.007	7.5358832454467e-36
jagn1a	6.96189513280406e-40	1.31705073730773	0.682	0.091	1.01156336279643e-35
ptprn2	9.38701435846021e-40	0.739026569901939	0.364	0.025	1.36393318628427e-35
micu3a	2.12056634186751e-39	0.407192372816286	0.227	0.01	3.08118289473349e-35
si:ch211-102c2.4	2.41836586133794e-39	0.466050679250453	0.182	0.006	3.51388559652403e-35
rufy3	2.53939279776243e-39	0.539115972659226	0.25	0.012	3.68973773514881e-35
slit3	2.55941856985607e-39	1.29190808306539	0.659	0.089	3.71883518200086e-35
st8sia2	4.41604582277343e-39	1.09831302200542	0.455	0.041	6.41651458048979e-35
si:ch211-197h24.8	1.1005552004639e-38	0.598631601222672	0.25	0.012	1.59910670627404e-34
sez6a	1.18217201803564e-38	0.336701866522208	0.136	0.003	1.71769594220578e-34
upf3a	1.58707455680507e-38	0.87331571644449	0.409	0.033	2.30601933103776e-34
phox2bb	2.48608795081523e-38	1.8383401189895	1	0.219	3.61228579253453e-34
bcl2b	5.21741869904e-38	0.617933346712832	0.341	0.023	7.58090936970513e-34
ccdc50	5.86893473460907e-38	0.686954375923322	0.386	0.03	8.52756216938698e-34
zgc:158320	6.75773994615354e-38	0.633287367994281	0.318	0.02	9.81899614176109e-34
ehd4	7.88541058243015e-38	1.07941466924585	0.523	0.055	1.1457501576271e-33
galnt9	9.86506148150869e-38	0.463506066419706	0.227	0.01	1.43339343326321e-33
adam23a	1.14848451965878e-37	0.71807873057076	0.341	0.023	1.66874800706421e-33
kcnc1b	1.55827396648377e-37	0.357028305375274	0.114	0.002	2.26417207330091e-33
tspan13b	1.78652070940948e-37	0.889948789716569	0.5	0.051	2.59581459077198e-33
dnm1a	1.83794387774376e-37	0.397178759897273	0.159	0.005	2.67053245436169e-33
kif1aa	2.2523766596976e-37	0.66325525050718	0.386	0.03	3.27270328654062e-33
THEM6	3.69711017368926e-37	0.516078932628983	0.25	0.013	5.3719010823705e-33
flot1a	4.07294906568794e-37	1.31044026654035	0.614	0.081	5.91799499244457e-33
dpf1	7.44850020063393e-37	0.916762699439788	0.409	0.035	1.08226707915211e-32
nptnb	1.14818740835789e-36	0.699037088515078	0.364	0.027	1.66831630434401e-32
rdh12	1.20696056222698e-36	0.587772276505257	0.341	0.024	1.75371369691581e-32
ctnna2	1.54320221364362e-36	1.19087805006618	0.591	0.073	2.24227281642418e-32
kif5aa	2.28398306812268e-36	0.904942572067421	0.477	0.047	3.31862739798225e-32
fgf13a	3.0400638598007e-36	1.0252991241949	0.455	0.044	4.41721278829042e-32
prune2	6.5388200602644e-36	0.331079801814733	0.159	0.005	9.50090554756418e-32
lin7b	7.31562623902831e-36	0.990394479390387	0.5	0.053	1.06296049253081e-31
galnt1	9.37281816214123e-36	1.34950846053391	0.682	0.107	1.36187047895912e-31
zgc:100906	1.80133227638711e-35	0.912532256379891	0.477	0.049	2.61733579759047e-31
ccdc85al	1.9431667556199e-35	0.427561541558678	0.227	0.011	2.82342129591571e-31
tmem63c	1.95249041798776e-35	0.414393788979925	0.182	0.007	2.83696857733622e-31
ppp3cb	3.94239493115517e-35	0.692021463197223	0.341	0.025	5.72829983496846e-31
ptpreb	6.17079364666088e-35	0.457427147018975	0.25	0.013	8.96616316859826e-31
camk2d2	8.85803626959908e-35	0.765129513826944	0.409	0.036	1.28707266997275e-30
smarca2	9.52916183663822e-35	3.07807654919177	0.614	0.095	1.38458721486353e-30
dkk1b	1.14664123379413e-34	0.771208787204098	0.205	0.009	1.66606971270287e-30
gak	2.09498455600818e-34	0.871633116671273	0.432	0.042	3.04401255987988e-30
ptprfa	2.33898628029558e-34	0.342249053379374	0.182	0.007	3.39854706526947e-30
vsnl1a	4.51065209687533e-34	0.641161102071308	0.273	0.016	6.55397749675985e-30
tuba1c	4.74993516000672e-34	2.92912859082248	1	0.36	6.90165578748977e-30
tuba1a	5.80177543111925e-34	2.82438139005891	1	0.358	8.42997970141626e-30
elovl6	7.73739921637979e-34	1.26540167369982	0.591	0.083	1.12424410613998e-29
cacng3b	2.61052534293515e-33	0.345137314426702	0.159	0.005	3.79309332328478e-29
snap25b	3.39939476679825e-33	0.805042110009036	0.409	0.038	4.93932059615785e-29
tubb5	3.9373202022179e-33	2.71689106660069	1	0.345	5.72092625382261e-29
chga	4.09583531274538e-33	1.09003402381241	0.273	0.017	5.95124870941903e-29
clstn1	6.9142448925114e-33	1.40333553830247	0.773	0.137	1.00463978288191e-28
ndel1a	8.13572429810143e-33	1.02349296087411	0.591	0.08	1.18212074051414e-28
rtn1b	1.02941110173304e-32	2.04311588910359	0.955	0.243	1.49573433081811e-28
kif1b	1.91991985981053e-32	0.663978092427583	0.409	0.039	2.78964355630471e-28
atp1b2a	3.28025331856176e-32	1.21292573310766	0.705	0.119	4.76620807187024e-28
mab21l1	3.35323068835079e-32	1.97071161380684	0.955	0.274	4.8722441901737e-28
atp6v1e1b	4.15727598814569e-32	2.11220490065743	1	0.359	6.04052201077569e-28
sult6b1	4.17861787513057e-32	3.71653374053268	0.977	0.424	6.07153177256473e-28
ncs1a	6.367691256625e-32	0.532736717603938	0.295	0.021	9.25225539587613e-28
magi1b	6.60403513484811e-32	0.922404426530785	0.5	0.06	9.59566305093431e-28
hoxb5b	7.9419718174563e-32	1.66624908944638	0.977	0.247	1.1539685050764e-27
tusc3	9.72201658079029e-32	1.23447429979046	0.841	0.181	1.41260900918883e-27
fxyd1	1.12196931961275e-31	2.61546627235927	0.955	0.306	1.63022142139732e-27
meis1b	2.29716092682412e-31	2.34183990091675	1	0.425	3.33777482667544e-27
syt12	3.10866848323628e-31	0.362250638161345	0.227	0.012	4.51689530614232e-27
lhfpl3	5.47670163250913e-31	0.576384647693123	0.273	0.018	7.95764747203576e-27
atp6v1aa	5.99981386336393e-31	1.33512596499541	0.705	0.125	8.71772954346779e-27
SMIM18	6.09142141528893e-31	0.529367867042567	0.273	0.018	8.85083531641481e-27
gchfr	7.81341812905894e-31	1.09197051869433	0.5	0.063	1.13528965415226e-26
pkma	1.00735774413269e-30	1.47889649630354	0.818	0.183	1.4636908022248e-26
lrrc4c	1.01984369927564e-30	0.390953945013042	0.182	0.008	1.4818328950475e-26
vat1	1.5618232571769e-30	1.74745268840958	0.909	0.247	2.26932919267804e-26
gbgt1l4	1.92028005196673e-30	0.300504401441835	0.114	0.003	2.79016691550765e-26
rgs20	5.2216930787673e-30	0.610162724734865	0.318	0.026	7.58712004344889e-26
zgc:162898	5.45027564328466e-30	0.312229397382917	0.159	0.006	7.9192505096926e-26
rnf175	5.62592420131863e-30	1.14705966846712	0.636	0.106	8.17446786451597e-26
eml1	7.22750537299237e-30	1.13318611535739	0.545	0.077	1.05015653069579e-25
gapdhs	7.26575700587408e-30	2.84751000125805	1	0.581	1.0557144929535e-25
hand2	1.452310239698e-29	2.45473677173801	1	0.376	2.1102067782812e-25
nbeaa	2.12009683854983e-29	0.602885590182478	0.364	0.034	3.0805007064129e-25
stom	3.07001384246286e-29	1.19760283635191	0.636	0.109	4.46073011309854e-25
sv2bb	3.80359708094237e-29	0.421891537534461	0.205	0.011	5.52662655860927e-25
rtn1a	4.99160524252981e-29	1.84239208255207	1	0.313	7.25280241739582e-25
si:dkeyp-75h12.5	9.38184344870571e-29	1.52911210029279	0.932	0.248	1.36318185309694e-24
sypa	1.23494682499033e-28	0.766854935865956	0.364	0.035	1.79437773671094e-24
chrnb3a	1.28634087736599e-28	0.266945642212488	0.114	0.003	1.86905329481278e-24
kctd1	1.43623912747811e-28	0.902211529704927	0.432	0.051	2.08685545222569e-24
bgnb	4.12058599562015e-28	0.366330790975195	0.159	0.007	5.98721145163607e-24
calm2b	4.49229082784495e-28	2.89194567121383	1	0.875	6.52729857285871e-24
parp6b	1.54233619141961e-27	0.516945088623846	0.273	0.021	2.2410144861327e-23
si:dkey-81l17.6	1.65304621076501e-27	0.896780282672026	0.5	0.068	2.40187614424156e-23
morn4	3.04111462987837e-27	0.746855360436009	0.364	0.038	4.41873955721328e-23
PRKAR2B	4.14954904596579e-27	0.42806607226869	0.182	0.009	6.02929476378829e-23
pfkpa	4.43287788874545e-27	0.534871365197963	0.295	0.025	6.44097157234714e-23
si:ch73-46j18.5	5.43657989134049e-27	1.93790016823788	0.977	0.374	7.89935058211773e-23
si:dkey-7j14.5	5.55106157839983e-27	0.865155966711058	0.25	0.018	8.06569247341496e-23
kifap3a	6.25879016871231e-27	1.05743103445234	0.682	0.13	9.09402211513899e-23
gramd4b	1.06100900287156e-26	0.407780197889186	0.205	0.012	1.54164608117237e-22
hsd11b2	1.81536514600218e-26	1.41815805978009	0.455	0.062	2.63772555714117e-22
scdb	2.25788230403095e-26	0.554927629080754	0.318	0.029	3.28070298775696e-22
gdi1	2.94552573236117e-26	1.52642395782436	0.864	0.225	4.27984888912077e-22
si:dkey-276j7.1	3.43242467473409e-26	1.83612576844857	1	0.439	4.98731305238864e-22
ptmaa	4.38292803783089e-26	1.91121727877691	1	0.902	6.36839443896828e-22
rab2a	4.76183848866461e-26	1.96435227358263	1	0.75	6.91895132402968e-22
fam69c	6.2593375737681e-26	0.507181917500907	0.341	0.033	9.09481749468505e-22
zdhhc9	7.19013216593489e-26	0.678363766047786	0.432	0.054	1.04472620371034e-21
cyfip2	7.21106224288804e-26	0.810766989596536	0.455	0.059	1.04776734389163e-21
atp6ap2	8.46126278879625e-26	1.78286262400269	0.955	0.367	1.2294214832121e-21
qdpra	8.71237512786491e-26	0.770423550697856	0.705	0.128	1.26590810607877e-21
atp6v0d1	1.36594773059215e-25	1.38149967561264	0.886	0.269	1.9847220525504e-21
jakmip2	1.90004246863929e-25	0.584096624608266	0.273	0.023	2.76076170693289e-21
sept3	2.24016038209453e-25	0.795777005873848	0.523	0.077	3.25495303518335e-21
ppp1r14ba	2.33868816977837e-25	0.712959607676629	0.341	0.035	3.39811391068797e-21
bsnb	2.67478839529895e-25	0.508869203223999	0.273	0.022	3.88646753836937e-21
edil3a	3.37643090809706e-25	0.631833863055466	0.273	0.023	4.90595410946502e-21
nlgn3a	7.1809898555033e-25	0.638864694418533	0.386	0.044	1.04339782600463e-20
ywhah	9.1917329761912e-25	1.58483882095178	1	0.419	1.33555880144058e-20
glrbb	1.09302810304463e-24	0.548811390513121	0.295	0.027	1.58816983372385e-20
ndrg3a	1.71643129365763e-24	1.30661803148785	0.75	0.185	2.49397466968453e-20
lgi1a	2.0804720813695e-24	0.91551497142517	0.614	0.11	3.02292593422989e-20
dclk1b	2.58124454925567e-24	0.711818367429367	0.432	0.057	3.75054833006849e-20
hpdl	2.62111477403894e-24	0.399860757420237	0.205	0.013	3.80847976667858e-20
rundc3ab	2.70658952930845e-24	0.760097166944375	0.477	0.066	3.93267458608518e-20
FNDC10	3.00625908915683e-24	0.568404502476787	0.341	0.036	4.36809445654487e-20
ppiab	3.88613892088169e-24	1.1943677265509	1	0.977	5.6465598520411e-20
abca2	4.34089251225477e-24	0.296961661492581	0.159	0.008	6.30731682030618e-20
hoxb5a	4.80100415705932e-24	1.96693539116817	0.773	0.213	6.97585904020719e-20
arvcfb	5.22176804852934e-24	0.755295005630154	0.386	0.048	7.58722897451314e-20
calm3a	5.99532573303262e-24	1.47070902895942	0.75	0.195	8.71120829009639e-20
rab39ba	6.10968532380811e-24	0.498089127006278	0.273	0.024	8.87737277549319e-20
clcn4	7.03879766205119e-24	0.743006932334728	0.409	0.053	1.02273730029604e-19
si:dkey-172h23.2	8.26101242035372e-24	0.980445940511993	0.455	0.067	1.20032510467739e-19
syn1	1.10291770284862e-23	0.320476823910024	0.136	0.006	1.60253942223904e-19
ppic	1.31524641247504e-23	0.614705628803902	0.273	0.024	1.91105303732624e-19
celf4	1.36356583495089e-23	0.709281840762483	0.523	0.08	1.98126115818365e-19
hmgcl	1.43798143721419e-23	1.12074012881015	0.659	0.145	2.08938702827221e-19
rab41	1.95001471692889e-23	1.28877641236133	0.773	0.215	2.83337138369767e-19
hrasb	2.42388535894232e-23	1.07594957982739	0.568	0.105	3.52190542654319e-19
cntfr	2.5016742909947e-23	1.4632511645806	0.75	0.186	3.63493274481531e-19
oaz1b	3.4345260725663e-23	1.52309120598693	1	0.817	4.99036638343884e-19
atp1b3a	3.63908147947888e-23	1.4032685969893	0.841	0.288	5.28758538968281e-19
dmxl2	3.95431231435553e-23	0.36739130341854	0.182	0.011	5.74561579275858e-19
acta2	4.04960985228644e-23	0.842346270967692	0.205	0.014	5.8840831153722e-19
atp6v1h	5.24062046453695e-23	1.33733040582153	0.818	0.231	7.61462153497219e-19
XKR4	6.89692820297657e-23	0.600343320472612	0.386	0.047	1.00212366789249e-18
rgs4	9.86526627073901e-23	1.48520037042775	0.477	0.077	1.43342318913838e-18
tmsb1	1.05605232401447e-22	1.1118701479127	0.432	0.063	1.53444402679303e-18
si:dkeyp-115e12.6	1.13369933661938e-22	0.468614998708977	0.227	0.018	1.64726513610796e-18
cox7b	1.15761635556243e-22	1.41752577003242	1	0.824	1.68201656463221e-18
ppme1	1.6215654167406e-22	1.33134621984562	0.795	0.238	2.3561345505241e-18
si:rp71-77l1.1	2.04189283831312e-22	0.352483782641615	0.159	0.009	2.96687029406896e-18
dbi	2.1714248157237e-22	1.76526761725799	0.977	0.634	3.15508025724653e-18
atcaya	2.79125692814255e-22	0.868737164539658	0.568	0.098	4.05569631659112e-18
brk1	2.91245990545999e-22	1.38385204591098	1	0.583	4.23180424263337e-18
gpr85	3.09172271555779e-22	0.631913255531983	0.409	0.054	4.49227310570546e-18
limk2	3.22584434511849e-22	0.877344144818082	0.523	0.093	4.68715183345716e-18
palm1b	3.8792295723728e-22	1.42628554338826	0.886	0.289	5.63652056865768e-18
tagln3b	4.64026566758625e-22	1.29600144252627	0.545	0.106	6.74230601500282e-18
mafgb	5.01498617138048e-22	0.495902449350907	0.205	0.015	7.28677490701584e-18
ywhaba	5.13993013515025e-22	1.34454234620762	1	0.839	7.46831848637331e-18
appa	5.21908372150312e-22	1.44602729259064	0.955	0.39	7.58332864734404e-18
jam3a	5.46048539737216e-22	0.652442496727663	0.409	0.055	7.93408528238174e-18
ache	6.2270839987506e-22	0.443613510518837	0.227	0.018	9.04795305018463e-18
rab15	6.96947439711126e-22	0.449157241500036	0.159	0.009	1.01266462990027e-17
plekha6	7.13251963469058e-22	0.666549151535654	0.295	0.031	1.03635510292054e-17
mapk10	9.60167048470909e-22	0.325895371906283	0.159	0.009	1.39512272142823e-17
ptp4a1	1.17010241774155e-21	1.48116155447742	1	0.791	1.70015881297847e-17
acsbg2	1.38885144098573e-21	1.09837332749718	0.682	0.162	2.01800114375226e-17
tmem59l	1.50360451144004e-21	0.897114723598933	0.705	0.155	2.18473735512238e-17
ccsapb	2.46195207521851e-21	0.631427810661689	0.341	0.041	3.5772163652925e-17
khk	2.49641699066679e-21	0.335213347043408	0.182	0.012	3.62729388743885e-17
gdap1	3.06575921022929e-21	0.348006511270541	0.205	0.015	4.45454813246315e-17
ddc	3.41371544225432e-21	0.258592323239703	0.205	0.015	4.96012853759553e-17
dnajc5aa	7.37980830592899e-21	1.11027916166678	0.705	0.174	1.07228614685148e-16
tbx2a	9.16126877236247e-21	1.17978255473515	0.614	0.135	1.33113235262427e-16
ccdc92	1.12857066119953e-20	0.383912094503631	0.205	0.016	1.63981317072292e-16
arl4d	1.1911222304651e-20	1.11381092137713	0.591	0.127	1.73070060086579e-16
stmn4	1.80971643033832e-20	1.22865255325531	0.295	0.032	2.62951797328158e-16
tmem178	1.88440187888901e-20	0.405809380440119	0.182	0.013	2.73803593002573e-16
lysmd2	1.9626173153881e-20	1.11946998817584	0.705	0.188	2.85168295925891e-16
nr4a1	2.48282587242895e-20	0.667704461933184	0.341	0.044	3.60754599263927e-16
kcng1	2.58909418397041e-20	0.473005944759354	0.159	0.01	3.761953849309e-16
fkbp1aa	2.66990113715417e-20	1.08598199370385	1	0.964	3.87936635228501e-16
apba2b	2.83726657648066e-20	0.590205441091644	0.341	0.042	4.1225483356264e-16
zgc:153215	3.52586852777102e-20	0.607218716220897	0.295	0.034	5.1230869708513e-16
map6b	3.56280765206114e-20	0.403471505270525	0.182	0.013	5.17675951844483e-16
nlgn3b	4.30857529126681e-20	0.266984916277429	0.114	0.005	6.26035989821067e-16
amph	4.91529196302768e-20	0.502910086306378	0.295	0.033	7.14191922227922e-16
dscamb	6.14606446248642e-20	0.255318465679486	0.136	0.007	8.93023166399277e-16
asphd1	6.30044200902922e-20	0.305879148253919	0.182	0.013	9.15454223911945e-16
tubb2b	6.72561757917087e-20	1.65908471180075	1	0.711	9.77232234253527e-16
csdc2a	7.34192684207962e-20	0.750466338385348	0.568	0.108	1.06678197015417e-15
fmnl2a	1.27919930805386e-19	0.60683788212109	0.295	0.035	1.85867659460226e-15
rnft2	1.41583744109569e-19	0.602023519333162	0.295	0.035	2.05721180191204e-15
apoob	1.66002164242582e-19	1.06681554613524	0.568	0.126	2.41201144644472e-15
glud1b	1.99548925218396e-19	1.14541654022106	0.864	0.296	2.89944588342329e-15
pgk1	2.29588730169082e-19	1.18564942062976	0.705	0.2	3.33592424935677e-15
rab3ab	2.93909203872956e-19	0.321979701759431	0.159	0.01	4.27050073227405e-15
rabgap1l	3.06414029884644e-19	0.79144669675585	0.432	0.072	4.45219585422388e-15
clta	3.09561261186674e-19	1.30898410348874	0.977	0.651	4.49792512504237e-15
chn1	3.16091955417087e-19	0.880769579962057	0.5	0.095	4.59281611221028e-15
atp6v1g1	3.62059065865414e-19	1.27065402949368	0.955	0.443	5.26071822702447e-15
myt1b	4.08632223431055e-19	0.668739330025043	0.591	0.115	5.93742620645323e-15
myl6	4.8244238223534e-19	1.49985172615963	0.841	0.331	7.00988781387949e-15
hk1	5.28827934645078e-19	0.687178126982819	0.477	0.085	7.68386989039298e-15
cdc42	6.06090354718909e-19	1.51294919058825	1	0.735	8.80649285406575e-15
ube2nb	6.14137779779685e-19	1.39605743127759	0.841	0.322	8.92342194019882e-15
CABZ01087948.1	6.64025776962239e-19	0.291796650129412	0.136	0.008	9.64829453926133e-15
znf395b	6.99338490665461e-19	0.880181998560037	0.568	0.119	1.01613882693692e-14
fam131ba	8.99429627081576e-19	0.449844261508427	0.182	0.014	1.30687124814953e-14
flot2b	9.28719840194715e-19	0.90796430537086	0.636	0.149	1.34942992780292e-14
arfip2a	1.79406646258846e-18	0.738997457795899	0.455	0.081	2.60677857014103e-14
sh3gl3a	2.32443759302344e-18	0.405975631667145	0.227	0.022	3.37740782266306e-14
kctd12.2	2.49057785694671e-18	1.2665980154652	0.545	0.116	3.61880962614356e-14
dctn1b	2.5409900949756e-18	0.348875951276612	0.182	0.014	3.69205860799955e-14
map7d1b	2.74968619164752e-18	0.900433605156205	0.705	0.182	3.99529403646385e-14
ap2a1	3.06485218036944e-18	0.819514408202434	0.523	0.109	4.4532302180768e-14
dynll1	3.54417488605419e-18	1.33544566265187	1	0.863	5.14968610943674e-14
syngr3a	4.12409313399559e-18	0.377651756595448	0.273	0.031	5.99230732369559e-14
calb2b	4.17887911619886e-18	0.448598359131296	0.159	0.011	6.07191135583694e-14
fundc1	4.28360112645674e-18	1.21076570794177	0.818	0.282	6.22407243674165e-14
tmsb	5.04464853838282e-18	0.750966050283725	0.705	0.169	7.32987432627024e-14
hmgb3a	5.77281163126334e-18	1.34990380020519	1	0.708	8.38789530022563e-14
si:ch211-242b18.1	7.16744495040822e-18	0.648505996559246	0.432	0.074	1.04142975129431e-13
nrxn2b	7.55465763511411e-18	0.431841799845921	0.159	0.011	1.09769175438208e-13
abhd17b	8.25720643331944e-18	0.921006372644839	0.682	0.177	1.19977209476131e-13
ywhabl	8.26485465219498e-18	0.994900715355693	1	0.876	1.20088338096393e-13
oaz1a	8.53644896043112e-18	1.38755173238599	0.977	0.775	1.24034603395064e-13
nexmifa	8.53831538896974e-18	0.457864224284253	0.25	0.027	1.2406172260173e-13
nrp2a	9.09948787154459e-18	0.845847565355083	0.432	0.079	1.32215558773543e-13
smdt1a	1.03388469368221e-17	0.382159396465022	0.205	0.019	1.50223445992025e-13
smdt1b	1.20619904000007e-17	1.29986207054905	0.932	0.423	1.75260720512011e-13
snap91	1.40076187430337e-17	0.355856533976424	0.205	0.019	2.03530700336279e-13
npdc1b	1.59755543474678e-17	0.335365874643062	0.205	0.019	2.32124804668708e-13
elovl4a	1.72277247413946e-17	0.465672418158605	0.364	0.053	2.50318840492464e-13
kcnip1b	2.00741951907757e-17	0.382067689104312	0.159	0.012	2.91678056121972e-13
h3f3b.1.2	2.2092649693699e-17	1.1036736960644	1	0.832	3.21006200049446e-13
cgnb	2.22877068829497e-17	0.328041160463513	0.159	0.012	3.23840381009259e-13
rasgrp3	2.30625087242854e-17	0.261863694527703	0.136	0.009	3.35098251763867e-13
arpc3	2.79276593323835e-17	1.3166482414618	1	0.685	4.05788890099532e-13
klf7b	3.02458652746055e-17	1.05621626546368	0.795	0.249	4.39472422440018e-13
scocb	3.27685250608464e-17	1.06473445151356	0.773	0.244	4.76126669134098e-13
pnpla6	3.60060009377477e-17	0.494935314332876	0.295	0.039	5.23167193625474e-13
mras	3.68050910081859e-17	0.473726179571023	0.205	0.019	5.34777972348941e-13
ckbb	3.70695320386699e-17	1.00173690621542	0.932	0.327	5.38620300521874e-13
isca2	3.95027966006253e-17	0.693498093984233	0.5	0.103	5.73975634607085e-13
sh3glb2b	4.03062613321726e-17	0.81556566811837	0.75	0.205	5.85649977156468e-13
atp5f1b	4.05232765497165e-17	1.05638362500118	1	0.921	5.8880320826738e-13
ndfip1	4.25496604425871e-17	1.2726037490505	0.864	0.37	6.18246566230791e-13
tagln	4.90980091849315e-17	0.741224227704056	0.159	0.012	7.13394073457055e-13
vapb	5.12853112867549e-17	1.02203816123167	0.659	0.191	7.45175572996549e-13
apba1b	5.59484364727349e-17	0.48572709663399	0.25	0.028	8.12930781948838e-13
pcdh7b	6.20136726689823e-17	0.714566907896788	0.386	0.066	9.01058663880313e-13
arhgdia	6.8348794745738e-17	1.22309151387475	0.977	0.556	9.93107987655573e-13
si:dkey-153k10.9	7.59275626222145e-17	0.622449123933276	0.273	0.034	1.10322748490078e-12
efna5b	7.63512082727598e-17	0.547907466249567	0.25	0.029	1.1093830562032e-12
ralaa	7.65667774923739e-17	0.750638533730913	0.545	0.124	1.11251527696419e-12
gnb2	8.04540682513092e-17	0.672345548415741	0.409	0.071	1.16899761169152e-12
kctd7	8.3434233969743e-17	0.305654783786285	0.182	0.015	1.21229941958037e-12
tmsb4x	9.18548737742839e-17	1.18875590871479	1	0.988	1.33465131594035e-12
ap3s2	9.60190039925066e-17	1.32807390505257	0.773	0.297	1.39515612801112e-12
cadpsb	1.01591658823174e-16	0.373888504835682	0.159	0.012	1.47612680270072e-12
atp6v1f	1.05648882487811e-16	0.672319241745188	0.477	0.095	1.5350782625479e-12
TOM1L2	1.07422824685222e-16	0.278988322066253	0.159	0.012	1.56085364267628e-12
rogdi	1.1251073530422e-16	0.932710702856761	0.568	0.138	1.63478098397032e-12
plekhb2	1.31492949054695e-16	0.721639535072272	0.455	0.089	1.91059254976472e-12
ywhaqb	1.34398845821864e-16	1.2350047806966	0.955	0.683	1.95281522979168e-12
atp5mc1	1.41530262438395e-16	1.06068155924829	1	0.69	2.05643471322988e-12
ywhaz	1.76124774865731e-16	1.4799910172881	1	0.674	2.55909297879907e-12
cnpy3	1.76940298014855e-16	0.804577509388739	0.545	0.125	2.57094253015584e-12
hmga1b	1.89816789644875e-16	0.448535814446029	0.25	0.029	2.75803795354003e-12
h2afy2	2.46503158285606e-16	1.13609053164273	0.955	0.668	3.58169088988985e-12
ttll7	2.4663877384224e-16	0.520990813293662	0.227	0.025	3.58366138392774e-12
lrfn5b	2.50311666955199e-16	0.32959605622433	0.182	0.016	3.63702852085904e-12
dagla	2.57635381564253e-16	0.29014443519654	0.159	0.012	3.7434420941286e-12
prkacab	2.84638444129446e-16	0.818264212869653	0.591	0.146	4.13579659320086e-12
phyhiplb	2.85996156161139e-16	0.337471575183617	0.227	0.024	4.15552414902135e-12
epb41l3a	3.17594998094623e-16	0.470119189512343	0.205	0.02	4.61465532231488e-12
tkfc	3.1862883163527e-16	0.421782878079812	0.25	0.03	4.62967692366047e-12
cox7a2a	3.28462412986537e-16	1.28196395497509	1	0.681	4.77255886069439e-12
dhrs1	4.05505984942811e-16	0.508019989936084	0.364	0.06	5.89200196121904e-12
slc3a2b	4.57460640126372e-16	0.782063333765947	0.432	0.083	6.64690310103618e-12
gnb5b	5.54801764396251e-16	0.330611299310967	0.182	0.016	8.06126963667753e-12
ebf1a	5.68582847878328e-16	0.77458822825318	0.386	0.071	8.2615087796721e-12
rnf130	6.46656860679085e-16	0.834559979904547	0.432	0.085	9.39592418566711e-12
si:dkey-28b4.8	6.55337837195304e-16	0.539999800446384	0.295	0.041	9.52205877444777e-12
tpi1b	6.76521187525272e-16	1.32946032969587	0.818	0.36	9.82985285474221e-12
bahd1	7.00651390398706e-16	0.608205674163157	0.295	0.042	1.01804647024932e-11
mlec	7.00870920966486e-16	0.331857658633061	0.182	0.017	1.0183654481643e-11
gpx4b	9.40233914380701e-16	1.05428687556866	0.977	0.627	1.36615987759516e-11
tspan15	1.19749549414828e-15	0.485727328054105	0.159	0.013	1.73996095299744e-11
pop7	1.31478470220295e-15	1.01551391918921	0.773	0.274	1.91038217230089e-11
idh1	1.43501875958209e-15	0.909972365515738	0.773	0.237	2.08508225767278e-11
ica1	1.56972521643125e-15	0.260382227417232	0.136	0.01	2.2808107394746e-11
snx12	1.58678398664847e-15	1.22247555981347	0.841	0.374	2.30559713260022e-11
ppfia3	1.60815009912157e-15	0.409360910627834	0.227	0.026	2.33664209402364e-11
rab39bb	1.67828633618972e-15	0.421303776766646	0.295	0.041	2.43855004648367e-11
fundc2	1.90165030005001e-15	1.14100230569535	0.727	0.256	2.76309788597266e-11
atp5mf	1.92753202466251e-15	1.09737593977169	0.977	0.749	2.80070403183463e-11
zdhhc21	2.33118275567733e-15	0.258904082447622	0.136	0.01	3.38720854399916e-11
abca5	2.33118275567733e-15	0.293632145319458	0.136	0.01	3.38720854399916e-11
id4	2.47114844698398e-15	0.622466035854239	0.477	0.099	3.59057869346773e-11
coro1cb	2.80456184284264e-15	0.951346075218651	0.705	0.226	4.07502835765035e-11
kctd12.1	2.95370327782973e-15	0.523362412353956	0.159	0.013	4.29173086268659e-11
syt9b	3.00587232114225e-15	0.75289277152199	0.182	0.018	4.36753248261969e-11
clgn	3.74518322086084e-15	0.784879808702295	0.614	0.167	5.4417512199108e-11
tp53i11a	3.80738299379725e-15	0.394257780055493	0.205	0.022	5.5321274899874e-11
sv2a	4.33335911674583e-15	0.39161033800428	0.205	0.022	6.29637079663169e-11
syt3	4.75645648281162e-15	0.32724683038639	0.182	0.017	6.91113126952529e-11
ckmt1	4.82342173714667e-15	0.521363259653836	0.273	0.037	7.00843178407411e-11
wdr13	4.87362076632263e-15	0.610485650516526	0.386	0.071	7.08137097346678e-11
si:ch211-195b15.8	4.89615722158481e-15	1.3060738067433	0.727	0.229	7.11411644296273e-11
tcp11l1	4.9398461440718e-15	0.590982901396643	0.386	0.071	7.17759644733633e-11
gb:bc139872	5.4331360760826e-15	1.05021335436314	0.523	0.133	7.89434671854802e-11
si:dkey-19b23.7	6.41458790240256e-15	0.269850182693154	0.114	0.007	9.32039622219092e-11
st8sia6	6.48327284140201e-15	0.607209172987659	0.273	0.039	9.42019543855713e-11
tnrc6c1	7.71609613521657e-15	1.5260587388668	0.841	0.427	1.12114876844697e-10
zbtb2b	8.15064601899471e-15	0.884390537467281	0.455	0.101	1.18428886655993e-10
rtn4r	8.34088263627212e-15	0.378588102526331	0.182	0.018	1.21193024705034e-10
rpz2	8.72578384759593e-15	0.891543275579066	0.682	0.206	1.26785639305569e-10
tbx2b	9.87827593919362e-15	1.3404271740953	0.591	0.167	1.43531349396483e-10
reep5	1.01674223467458e-14	1.15142131917796	0.977	0.61	1.47732646698217e-10
ankrd13c	1.31903507875424e-14	0.778710086449666	0.568	0.154	1.91655796942992e-10
furinb	1.46549681625953e-14	0.483440655997748	0.227	0.028	2.1293668740251e-10
tubb4b	1.59854471269496e-14	0.903686672210764	1	0.972	2.32268546754578e-10
fyna	1.62103223856635e-14	0.460008141254444	0.364	0.062	2.3553598426369e-10
clcn3	1.63836337257423e-14	0.490096060230846	0.273	0.039	2.38054198035036e-10
nrxn1a	1.77611322143161e-14	0.689746705451093	0.341	0.058	2.58069251074012e-10
ap1m1	1.7959772172914e-14	0.836418853358524	0.591	0.168	2.6095548967244e-10
rheb	2.26834023251941e-14	0.876496622421791	0.545	0.143	3.29589835785071e-10
wdr54	2.40401058339962e-14	0.487945222819055	0.273	0.04	3.49302737767965e-10
ywhae1	2.83883671656605e-14	0.958435178131537	0.977	0.713	4.12482974917048e-10
exoc1	3.2556631270384e-14	0.717057394850328	0.477	0.111	4.73047852358679e-10
zgc:171566	3.67881236688606e-14	0.28961610688908	0.182	0.018	5.34531436908545e-10
rab1bb	4.06679050763079e-14	0.494252536071306	0.364	0.064	5.90904660758754e-10
ca8	4.16226377454062e-14	0.629937819872772	0.273	0.041	6.04776926440753e-10
atp6v0b	4.88722878576042e-14	0.925477111398126	0.636	0.194	7.10114342570989e-10
dock9b	4.98977810346347e-14	0.25585678893861	0.114	0.007	7.25014758433242e-10
dynlt3	5.07067235043986e-14	1.12103591316425	0.977	0.566	7.36768692518912e-10
csnk1e	5.67797471271746e-14	0.646887577421677	0.386	0.074	8.25009725757848e-10
iffo1b	6.26195856941284e-14	0.311622875512775	0.136	0.011	9.09862580135686e-10
gnb1a	7.12800686373892e-14	1.20655563643963	0.909	0.572	1.03569939730126e-09
zgc:173570	7.42740289347005e-14	0.524460748518675	0.25	0.035	1.0792016404212e-09
anxa13l	8.45151177163362e-14	1.36133084800161	0.432	0.098	1.22800466041836e-09
mff	8.74273837384361e-14	0.732833961335567	0.682	0.213	1.27031988571948e-09
pitpnbl	9.73898604566898e-14	0.981724638888767	0.841	0.386	1.4150746724357e-09
bsg	1.0341493318967e-13	0.98652201086418	0.955	0.865	1.5026189792459e-09
arpc5b	1.04949689950456e-13	1.10699599766982	0.705	0.28	1.52491899498013e-09
boka	1.12110616730075e-13	0.282217035017514	0.136	0.011	1.62896726108799e-09
ap1s1	1.22322053409666e-13	0.80471235551766	0.591	0.172	1.77733943604245e-09
dynll2b	1.25662344450348e-13	1.25967675008563	0.773	0.318	1.82587386486355e-09
sgce	1.28533946811384e-13	0.88769401298388	0.773	0.274	1.86759824716942e-09
atp5if1b	1.31303832365073e-13	0.939974878184231	0.773	0.302	1.90784468426452e-09
ppp3ca	1.37568481059224e-13	0.270254662634144	0.136	0.011	1.99887002979053e-09
tmppe	1.39789167580651e-13	0.389020612278311	0.205	0.024	2.03113660494685e-09
arhgdig	1.52651229200936e-13	0.902915806310645	0.295	0.05	2.2180223602896e-09
mt-atp6	1.58053622416103e-13	0.726379566819983	1	0.963	2.29651913370598e-09
atp6v1c1a	1.99677457266802e-13	1.03933710464802	0.591	0.18	2.90131345408663e-09
cox7c	2.01736349583749e-13	0.963359724121711	1	0.819	2.93122915945187e-09
ell	2.03173785797395e-13	0.621123143798459	0.409	0.088	2.95211510763615e-09
galnt14	2.06873185284777e-13	0.346851714469144	0.205	0.024	3.00586738218781e-09
fzr1b	2.12890962884573e-13	0.579541157870172	0.341	0.062	3.09330569071284e-09
rybpb	2.14949846391688e-13	0.944147239307282	0.5	0.131	3.12322126807123e-09
mrps14	2.15797644527804e-13	0.951993602410229	0.705	0.259	3.13553977498899e-09
zgc:92873	2.23084481726082e-13	0.340806077999722	0.205	0.024	3.24141751947997e-09
calm3a.1	2.25895307273478e-13	0.86690317625331	0.977	0.534	3.28225881468363e-09
vma21	2.30813476958141e-13	0.870002196948861	0.841	0.348	3.35371982020179e-09
cbx1b	2.55314125278552e-13	0.830839422997649	0.682	0.216	3.70971424029736e-09
nek1	2.64979551953816e-13	0.303111438519745	0.159	0.015	3.85015288988894e-09
gys1	2.73071973712332e-13	0.396284919859765	0.205	0.025	3.96773577804018e-09
gnao1a	2.9804145050762e-13	0.308981258272394	0.182	0.02	4.33054227587572e-09
cgref1	3.40429170982118e-13	0.407211581722704	0.25	0.036	4.94643585437018e-09
tlx2	3.44877652610697e-13	0.338957205940995	0.591	0.146	5.01107229243343e-09
ppp3r1a	3.99241014078869e-13	0.729430662746273	0.545	0.147	5.80097193456596e-09
sh3gl2a	4.67417741973097e-13	0.536000694888182	0.295	0.049	6.7915797908691e-09
clptm1l	4.90420663071713e-13	0.628479961182853	0.432	0.1	7.12581223443199e-09
dnajc5ab	4.96793524133239e-13	0.444572432375136	0.205	0.026	7.21840990565596e-09
trappc5	4.99300104710767e-13	0.916653820003342	0.705	0.272	7.25483052144745e-09
plpp5	5.22151531191157e-13	0.766751846150219	0.545	0.159	7.58686174820751e-09
myh14	5.44361461778408e-13	0.385246759284511	0.205	0.025	7.90957203964027e-09
hspa4l	6.41078522687323e-13	0.387717472767557	0.205	0.025	9.3148709346468e-09
trappc6b	6.7697655553637e-13	0.616858777836152	0.432	0.099	9.83646935194346e-09
mast1b	7.07493388072349e-13	0.25921820251364	0.114	0.008	1.02798789286912e-08
gnao1b	8.0394160897651e-13	0.487246744128026	0.25	0.037	1.16812715784287e-08
serinc1	8.30835029882443e-13	0.99497076024428	0.886	0.409	1.20720329841919e-08
ap2s1	8.32866696529029e-13	0.988686724160944	0.818	0.388	1.21015531005668e-08
uqcrq	8.64826541568743e-13	0.915587472708902	0.955	0.604	1.25659296489938e-08
actr1	8.93321294545035e-13	0.890758755061494	0.795	0.331	1.29799584097394e-08
cbwd	9.5112036502106e-13	0.481755574151215	0.295	0.051	1.3819778903756e-08
cdh2	1.05582315324445e-12	0.777639367083917	0.523	0.144	1.53411104166419e-08
ggctb	1.18034430928345e-12	0.396374122678821	0.295	0.05	1.71504028138885e-08
mcama	1.28812662093044e-12	0.507891595232985	0.364	0.072	1.87164798021192e-08
ldha	1.31141865794121e-12	0.554793685444681	0.477	0.117	1.90549130998857e-08
eif3hb	1.31338960668169e-12	0.506450527202494	0.318	0.058	1.90835509850849e-08
akr1b1	1.37699301761373e-12	0.365827380165324	0.545	0.138	2.00077085459275e-08
si:ch211-117c9.5	1.4914127159798e-12	0.482582339468603	0.341	0.064	2.16702267631864e-08
spata2	1.55717229694143e-12	0.267942506299579	0.182	0.021	2.2625713474559e-08
si:dkey-56m19.5	1.61747391894532e-12	0.959106497658016	0.773	0.301	2.35018960422755e-08
pigs	1.90639827258435e-12	0.424717574535471	0.273	0.045	2.76999669006506e-08
gpr137bb	1.91323319693892e-12	0.261303131327088	0.136	0.012	2.77992783515225e-08
calm3b	2.16506247179752e-12	0.918939601719741	1	0.842	3.14583577152179e-08
akap12b	2.20511407834755e-12	0.892851704123715	0.5	0.135	3.20403075583899e-08
eipr1	2.62195028937651e-12	0.520086655746459	0.364	0.075	3.80969377046406e-08
wu:fc21g02	3.23698740160278e-12	0.829646450130223	0.636	0.211	4.70334269452884e-08
cpeb4b	3.23934279771132e-12	1.02022950314861	0.614	0.203	4.70676508507455e-08
ppp1r1c	3.63863835721369e-12	0.71799164473144	0.523	0.135	5.28694153303149e-08
rab11bb	3.65103173169495e-12	0.518789518379539	0.341	0.066	5.30494910615276e-08
dab2ipa	3.81752342577879e-12	0.630142527588914	0.341	0.07	5.54686153765659e-08
dll4	3.89992511582293e-12	0.680863991695522	0.364	0.078	5.66659119329072e-08
rusc2	4.62926425936057e-12	0.465979737580839	0.227	0.033	6.7263209688509e-08
fkbp1b	5.08597180169573e-12	0.635708098524746	0.273	0.048	7.38991702786389e-08
acot8	5.12381175204499e-12	0.278039261481082	0.159	0.017	7.44489847572137e-08
zc4h2	5.26892987948753e-12	0.621308307367941	0.909	0.474	7.65575511489538e-08
AP3B2	5.37854666298027e-12	0.39455482771024	0.227	0.032	7.81502830131034e-08
ttc19	5.76446245586185e-12	0.406389515401622	0.227	0.034	8.37576394836726e-08
spryd7b	5.80082736318561e-12	0.730546459339275	0.341	0.069	8.42860215870869e-08
abi1b	5.80868128144615e-12	0.41866032719949	0.273	0.046	8.44001390194126e-08
nav3	6.13938933149392e-12	0.267817522035144	0.159	0.017	8.92053269866067e-08
ufc1	6.35674521727594e-12	0.731478030895962	0.75	0.29	9.23635080070194e-08
eif4ebp2	6.49200131255013e-12	1.01234480177283	0.955	0.622	9.43287790713534e-08
cd9a	6.93079483985283e-12	0.596075828074937	0.295	0.053	1.00704449023062e-07
vdac3	7.21767598325381e-12	0.842361374020251	0.977	0.797	1.04872832036678e-07
tmbim4	7.39591641533308e-12	0.685447536192284	0.659	0.215	1.0746266551479e-07
kif3a	8.20121641713316e-12	0.642226474716969	0.341	0.071	1.19163674540945e-07
lzic	8.61650301695637e-12	0.687906989387852	0.477	0.128	1.25197788836376e-07
fkbp2	8.84657728027324e-12	0.998882591946659	0.864	0.452	1.2854076788237e-07
clip3	8.84753076923059e-12	0.300956564198135	0.136	0.013	1.2855462207692e-07
tom1	8.98324952472803e-12	0.411577511618151	0.159	0.018	1.30526615594298e-07
pir	1.02796034807854e-11	0.428582563905198	0.318	0.06	1.49362638575813e-07
fbxl15	1.08081984270658e-11	0.343814023554751	0.182	0.023	1.57043123145266e-07
si:dkey-234h16.7	1.10893423470137e-11	0.505057057704603	0.227	0.034	1.61128144302109e-07
smim20	1.18827334402781e-11	0.562516280599672	0.432	0.108	1.7265611688724e-07
ywhabb	1.19506800262365e-11	0.824313414266299	0.977	0.764	1.73643380781216e-07
emc7	1.20453597292786e-11	0.892612404536676	0.705	0.292	1.75019076866418e-07
chm	1.32386954536547e-11	0.642711129754488	0.455	0.119	1.92358244941603e-07
tollip	1.49113577968759e-11	0.856610296200467	0.5	0.149	2.16662028788606e-07
tcea2	1.49738579615525e-11	0.506280288775621	0.273	0.048	2.17570156181358e-07
si:dkeyp-117h8.2	1.67839574547313e-11	0.547217769448411	0.295	0.055	2.43870901817246e-07
ap2m1a	1.75848951336054e-11	0.91717945120854	0.932	0.684	2.55508526291287e-07
sms	1.84708513430514e-11	0.62283280524453	0.409	0.101	2.68381470014537e-07
tmed7	1.86462745213553e-11	0.894851187183058	0.886	0.574	2.70930368795292e-07
emc4	1.88884970426627e-11	0.810364456849262	0.523	0.159	2.74449862029889e-07
nes	1.89953211967822e-11	0.406206029403419	0.205	0.028	2.76002016989245e-07
lamtor2	2.3220504299245e-11	1.07154448259635	0.659	0.278	3.3739392746803e-07
ubc	2.40605084450514e-11	0.713222616997094	1	0.983	3.49599187706598e-07
flot2a	2.55061844139855e-11	0.761405277424825	0.568	0.18	3.70604859535209e-07
si:dkey-248g21.1	2.56664326184806e-11	0.394578664776564	0.182	0.023	3.72933265946523e-07
STMP1	2.62785166737615e-11	1.13009851108162	0.818	0.393	3.81826847269754e-07
aldoaa	2.68137060091826e-11	0.995868057048551	0.955	0.651	3.89603148313423e-07
calm2a	2.98669401661738e-11	1.14783231018244	0.977	0.576	4.33966640614505e-07
mt-cyb	3.11854965029583e-11	0.769646498753086	1	0.98	4.53125264187984e-07
cdipt	3.13785894421952e-11	0.752905747353432	0.523	0.156	4.55930904595096e-07
impa1	3.55889790964484e-11	0.618039746427802	0.455	0.123	5.17107866271396e-07
atp1b1a	4.61103713445116e-11	1.08355393567649	0.909	0.586	6.69983695635753e-07
rasa4	4.64573253613803e-11	0.280851780376717	0.114	0.01	6.75024937500856e-07
si:dkey-196j8.2	4.81065145496405e-11	0.349204210816184	0.159	0.019	6.98987656406276e-07
fam199x	4.99627623600615e-11	0.366201188929541	0.25	0.042	7.25958937091693e-07
tpm1	5.18127698515533e-11	0.723385692276632	0.636	0.226	7.5283954594307e-07
atp5pf	5.2173812083174e-11	0.825769419052379	0.955	0.692	7.58085489568519e-07
cfl1	5.2899201134198e-11	0.639630151362751	1	0.978	7.68625392479897e-07
pde7a	5.69642835427353e-11	0.652589631521168	0.409	0.104	8.27691039875944e-07
selenot1a	6.15415522144603e-11	0.793534026654779	0.864	0.437	8.94198753676108e-07
desi1a	6.1991545707043e-11	0.461266268315845	0.318	0.065	9.00737159123335e-07
cox8a	6.84371474911911e-11	0.740245985732912	0.977	0.869	9.94391753047007e-07
ppp1caa	7.07175247739511e-11	0.827471229631972	0.932	0.554	1.02752563496551e-06
si:ch211-235e9.6	7.27187870199912e-11	0.988422098558894	0.727	0.359	1.05660397540047e-06
dync1i1	7.47255885789326e-11	0.455736989039822	0.25	0.043	1.08576280205189e-06
pabpc1b	7.47399845431397e-11	0.784162610497601	0.432	0.115	1.08597197541182e-06
ndrg4	8.26991605559167e-11	0.335249857547224	0.227	0.035	1.20161880287747e-06
wrb	8.75901490250076e-11	0.799182459333182	0.636	0.237	1.27268486533336e-06
rab11ba	8.86112351419144e-11	0.989101056614991	0.795	0.397	1.28752124661202e-06
si:ch211-10a23.2	9.21746352739853e-11	0.412315784786298	0.205	0.03	1.33929745053101e-06
sh3bgrl2	9.23020597068391e-11	0.320784393038066	0.182	0.024	1.34114892754037e-06
samm50	9.51479520908843e-11	0.7729329938507	0.386	0.098	1.38249974388055e-06
cib2	1.02467478312578e-10	0.466830403653919	0.227	0.037	1.48885245988176e-06
atp6v1ab	1.02482894060477e-10	0.624693276547521	0.432	0.113	1.48907645069873e-06
slc7a6os	1.04493211076915e-10	0.583893596442579	0.5	0.144	1.51828635694757e-06
ppp2r1bb	1.12503576805296e-10	0.693854900475109	0.75	0.296	1.63467697098094e-06
si:ch211-196l7.4	1.16042673526358e-10	0.869915011236255	0.955	0.724	1.68610004633798e-06
si:ch211-278j3.3	1.25490524635932e-10	0.273648471229607	0.159	0.019	1.82337732296009e-06
atox1	1.42219829014734e-10	0.732723264762228	0.932	0.447	2.06645411558409e-06
tmed4	1.42265160792309e-10	0.669981435581204	0.455	0.124	2.06711278631225e-06
dync1li1	1.44474928436269e-10	0.570369142986707	0.477	0.134	2.09922071017899e-06
jarid2b	1.61439706756381e-10	0.340963314221956	0.182	0.025	2.34571893917022e-06
mbnl2	1.62751187243488e-10	0.532059068912012	0.273	0.052	2.36477475064788e-06
golga7	1.69519673883929e-10	0.886139285224026	0.864	0.54	2.46312086153348e-06
coro1b	1.74533667434689e-10	0.439319938817372	0.227	0.037	2.53597418782603e-06
nt5c1ba	1.76572645394145e-10	0.271710486639103	0.114	0.01	2.56560053757693e-06
elocb	1.90669901315954e-10	0.837260774859747	0.955	0.617	2.77043366612081e-06
crebl2	2.05745156726329e-10	0.358703399106191	0.182	0.025	2.98947712723356e-06
tm6sf2	2.66857943522799e-10	0.545904043828936	0.114	0.011	3.87744591938626e-06
clasp2	2.80339877569035e-10	0.527735793428443	0.318	0.069	4.07333842107808e-06
uqcr10	2.99235705739914e-10	0.982473523472721	0.886	0.63	4.34789480440095e-06
msi2b	3.1131506496229e-10	0.683813630775409	0.614	0.213	4.52340789390208e-06
tmem35	3.12498749227563e-10	0.700887694075338	0.523	0.166	4.54060682627649e-06
arl8a	3.12905438964826e-10	0.810714068394949	0.773	0.327	4.54651602815892e-06
camsap2a	3.50479782835259e-10	0.323659637692357	0.159	0.02	5.09247124459631e-06
ap1s2	3.51896676102844e-10	0.860539705374832	0.886	0.495	5.11305870377432e-06
dennd6b	3.85795938171341e-10	0.279374924831943	0.136	0.015	5.60561498162958e-06
rhoaa	3.92162445491077e-10	0.805759748856459	1	0.685	5.69812033298534e-06
ptpn5	4.00892890356793e-10	0.271139784696663	0.159	0.02	5.8249736968842e-06
uchl3	4.0127848497549e-10	0.653244930273766	0.545	0.181	5.83057638669387e-06
cpt1aa	4.04929768283523e-10	0.358619056032944	0.205	0.033	5.88362953315959e-06
rab11a	4.22363109539567e-10	0.863199985592769	0.795	0.424	6.13693598160991e-06
ptprk	4.22771418397401e-10	0.541134646942794	0.227	0.04	6.14286870931424e-06
rab1ba	4.25937322298538e-10	0.588429341228451	0.5	0.151	6.18886929299775e-06
ppp3r1b	4.74711585875535e-10	0.867003644067833	0.773	0.368	6.89755934277153e-06
mrpl40	4.92448681599387e-10	0.549888981501056	0.5	0.155	7.15527934363909e-06
sept5a	4.94744228181997e-10	0.68665664807646	0.636	0.239	7.18863363548441e-06
arid3b	5.05602145443661e-10	0.547834483018758	0.614	0.21	7.3463991732964e-06
dia1b	5.32268641038777e-10	0.563217152866326	0.25	0.047	7.73386335429342e-06
selenok	5.75464877563456e-10	0.78716101269817	0.659	0.268	8.36150467099702e-06
brms1lb	6.22965992381181e-10	0.287588702893486	0.159	0.021	9.05169586929856e-06
si:dkey-46i9.1	6.26770143251481e-10	0.34466608885038	0.182	0.027	9.10697018144402e-06
ttpal	6.84506383412866e-10	0.522389074633336	0.409	0.108	9.94587775098894e-06
ldhba	6.95224174157635e-10	0.926736386471964	0.932	0.662	1.01016072505104e-05
ube2na	7.13389112741779e-10	0.911809593495259	0.818	0.488	1.0365543808138e-05
mpp3a	7.47021621838476e-10	0.311813255910636	0.136	0.015	1.08542241653131e-05
ccdc85b	8.27979026738889e-10	0.795982243869174	0.432	0.127	1.20305352585161e-05
ppp2cb	8.30573579941976e-10	0.855955490272564	0.955	0.72	1.20682341165569e-05
mif	8.39038675076127e-10	0.86791458182248	0.818	0.439	1.21912319488561e-05
atp5f1c	8.59459965040113e-10	0.747769566651146	0.977	0.755	1.24879532920328e-05
pcmt	9.10393453896023e-10	0.479118846121942	0.341	0.082	1.32280168851092e-05
mt-co3	9.45615281500525e-10	0.595840174621533	1	0.993	1.37397900402026e-05
ank2b	9.55498189940821e-10	0.499960300240359	0.341	0.079	1.38833886998401e-05
caskb	9.64301216320518e-10	0.707612214522545	0.386	0.106	1.40112966731371e-05
cox5aa	9.81487466345731e-10	0.787966474375267	0.955	0.717	1.42610128860035e-05
slc38a7	1.12438501383866e-09	0.393283685291348	0.227	0.041	1.63373142510757e-05
myl12.1	1.17664858332268e-09	0.611968398989837	1	0.934	1.70967039156785e-05
rab4a	1.19056948763617e-09	0.383118173463485	0.25	0.048	1.72989746553535e-05
pafah1b1b	1.19501075699516e-09	0.706823697976743	0.568	0.209	1.73635062991396e-05
atp6v1ba	1.26230505067669e-09	0.817474464152852	0.614	0.228	1.83412923863323e-05
fam234b	1.27468125081873e-09	0.402419430304084	0.227	0.041	1.85211185743962e-05
mycbp2	1.27488688558288e-09	0.475403555179118	0.341	0.082	1.85241064475192e-05
slc9a6b	1.31547063644065e-09	0.325499080259497	0.182	0.027	1.91137883474826e-05
atp5md	1.33730926571705e-09	0.839075347804358	0.909	0.599	1.94311036308687e-05
tpd52l1	1.42187669108975e-09	0.502414923721252	0.25	0.048	2.0659868321534e-05
chmp5a	1.49527956502179e-09	0.262039973357021	0.159	0.021	2.17264120797666e-05
nansa	1.50200157767603e-09	0.628164682350367	0.523	0.178	2.18240829236326e-05
rab6ba	1.53083137178084e-09	0.26336655034624	0.114	0.011	2.22429798319756e-05
cyhr1	1.5316158965174e-09	0.563157205938294	0.341	0.083	2.22543789763979e-05
cdh4	1.58947911183941e-09	0.25490886535588	0.159	0.021	2.30951314950266e-05
MYO1D	1.67306112247434e-09	0.372277943186368	0.182	0.027	2.43095781095522e-05
gabarapa	1.69221182435749e-09	0.855899940406819	0.773	0.371	2.45878378079144e-05
pbx1a	1.71145313291939e-09	1.21383146161435	0.591	0.231	2.48674140213187e-05
mtfr1l	1.73278006297373e-09	0.468567004458018	0.386	0.102	2.51772943150083e-05
rab14	1.75143364359411e-09	0.820433531185812	0.841	0.473	2.54483308414224e-05
gabarapl2	1.8562212221872e-09	0.975382815085361	0.682	0.329	2.697089435838e-05
tardbp	1.9871198808288e-09	0.86154362679107	0.818	0.428	2.88728518684425e-05
nat16	2.10696106361522e-09	0.316914831464164	0.182	0.028	3.06141442543291e-05
anapc15	2.13215571954995e-09	0.600789884723712	0.455	0.141	3.09802226050608e-05
kif26ba	2.14381836942552e-09	0.440608634160677	0.273	0.056	3.11496809077528e-05
dpysl2b	2.18320270119427e-09	0.400783088458714	0.205	0.034	3.17219352483527e-05
mtss1	2.25256918622745e-09	0.583319663488027	0.386	0.105	3.27298302758849e-05
glcci1a	2.3372769405422e-09	0.394205681804686	0.182	0.028	3.39606339460782e-05
mtx2	2.43273490997902e-09	0.676912332046348	0.545	0.197	3.53476382419951e-05
zbtb10	2.43435879125327e-09	0.352916476181716	0.136	0.016	3.537123323691e-05
mt-co2	2.58629192361224e-09	0.52977268018231	1	0.996	3.75788216500859e-05
necab2	2.68069482800136e-09	0.452520419352847	0.136	0.016	3.89504958508598e-05
atp11a	2.8289693013618e-09	0.33702370978959	0.182	0.028	4.1104923948787e-05
dpy19l3	2.83678585704352e-09	0.385028787809868	0.182	0.028	4.12184985028423e-05
skp1	3.01864766345936e-09	0.829801682240237	0.977	0.791	4.38609505500645e-05
mtch2	3.14969062209927e-09	0.643221534595625	0.591	0.22	4.57650047391023e-05
zdhhc15b	3.43401766920459e-09	0.352351625824525	0.227	0.042	4.98962767335427e-05
ptpn11b	3.64651841332955e-09	0.258172367909212	0.136	0.017	5.29839125456784e-05
rhbdl3	3.68091824235924e-09	0.368156726774166	0.227	0.041	5.34837420614798e-05
atp5f1d	3.7408842749163e-09	0.764627048441774	0.932	0.67	5.43550485145338e-05
ndufab1b	3.76043409293984e-09	0.781514029705445	0.818	0.455	5.46391073704159e-05
slc18a3a	4.11117925013592e-09	0.802750738189728	0.114	0.012	5.97354345044749e-05
oxsr1a	4.17125491538127e-09	0.640372220827803	0.477	0.158	6.06083339204899e-05
aurkaip1	4.19018601795158e-09	0.528054048956427	0.568	0.203	6.08834028408364e-05
pdzd11	4.3236794700816e-09	0.590204201035327	0.636	0.248	6.28230627002857e-05
zdhhc5a	4.49980855707963e-09	0.372816516742408	0.182	0.029	6.5382218334367e-05
asb8	4.50482628649223e-09	0.612253315339836	0.5	0.159	6.5455125942732e-05
mdh1aa	4.54131913687922e-09	0.514511176940216	0.864	0.485	6.5985367058855e-05
zgc:194578	4.54667613345518e-09	0.253739084671589	0.136	0.017	6.60632042191037e-05
zgc:91860	4.71005879094672e-09	0.284997868065895	0.182	0.028	6.84371542324559e-05
ndrg3b	4.79788221623846e-09	0.795025374371557	0.455	0.148	6.97132286019448e-05
marcksb	5.07729824334312e-09	0.66246492351109	0.909	0.515	7.37731434757755e-05
ppm1ab	5.27469674539174e-09	0.428671935596938	0.227	0.044	7.6641343710542e-05
gng5	5.36070616143119e-09	0.836648808795887	1	0.69	7.78910605255952e-05
hoxa3a	5.40025144814483e-09	0.708550398009588	0.795	0.354	7.84656535415443e-05
adgrb1a	5.46461441163856e-09	0.268939318436992	0.114	0.012	7.94008474011083e-05
josd2	5.50066023114085e-09	0.624195440965436	0.386	0.107	7.99245931584765e-05
uqcrc1	6.33024035402337e-09	0.793753570601353	0.841	0.49	9.19783923439596e-05
zgc:153981	6.33024508315895e-09	0.343540795526824	0.182	0.029	9.19784610582996e-05
myt1a	6.71307111794707e-09	0.457328960275491	0.25	0.049	9.7540923343771e-05
agbl5	6.98882661571098e-09	0.283385556977915	0.182	0.029	0.000101547650726281
sumo3a	7.14136171154764e-09	0.634212646128644	1	0.797	0.000103763985668787
fbxo45	7.16013265643820e-09	0.408487307533796	0.295	0.067	0.000104036727498047
ccni	7.28091942823063e-09	0.775304628287234	0.932	0.703	0.000105791759292191
vapal	7.48111177810228e-09	0.738513560954508	0.727	0.331	0.000108700554135826
ube2ia	7.52507098336281e-09	0.698707532063444	0.818	0.431	0.000109339281388262
tmem9	7.82503552587363e-09	0.442126679055667	0.273	0.061	0.000113697766190944
trappc3	7.8265071141987e-09	0.666009013917158	0.591	0.231	0.000113719148369307
aimp1	7.83367444197198e-09	0.66831525381608	0.659	0.278	0.000113823289641853
smarcc2	8.13840888170397e-09	0.401497435193803	0.273	0.059	0.000118251081051159
abhd17c	9.30572546287151e-09	0.516879489177946	0.455	0.143	0.000135212190975523
hoxb2a	9.36935406783411e-09	0.472806276939588	0.409	0.117	0.00013613671460563
elmo2	9.48633465317549e-09	0.25337770850155	0.182	0.029	0.00013783644251064
emc2	9.49060803594718e-09	0.794240846228762	0.818	0.49	0.000137898534762313
rbx1	1.01996575671656e-08	0.667026998345071	0.955	0.753	0.000148201024450917
zgc:110130	1.02303423307688e-08	0.430668580793607	0.273	0.06	0.00014864687406607
tdrkh	1.16600137849366e-08	0.368237940435248	0.182	0.03	0.000169420000295128
opa1	1.20516325509078e-08	0.403257464775924	0.273	0.061	0.00017511022096469
tcf20	1.25355884437937e-08	0.412979276177926	0.25	0.054	0.000182142100088322
arl8ba	1.26483295618387e-08	0.440362219854424	0.5	0.161	0.000183780228533516
anxa13	1.2971198810938e-08	0.75932866973861	0.795	0.409	0.000188471518722929
atp5mea	1.37533347694074e-08	0.817555837986927	0.795	0.412	0.000199835954199489
pla2g6	1.39418499348932e-08	0.311836936247878	0.182	0.03	0.000202575079553999
slc25a20	1.45198843111272e-08	0.624980863507686	0.523	0.193	0.000210973919040678
maco1a	1.48062011163426e-08	0.381663527608056	0.273	0.061	0.000215134102220458
arpc4l	1.57236083096946e-08	0.588276051469939	0.909	0.472	0.000228464028739863
ldb1a	1.66991080076073e-08	0.7876369339868	0.591	0.255	0.000242638039350534
ndufb9	1.70931296103783e-08	0.736713032097555	0.864	0.583	0.000248363173238796
fam162a	1.78442692751733e-08	0.633694289864785	0.5	0.182	0.000259277232568268
adam17a	2.09076179665387e-08	0.374529764229618	0.227	0.046	0.000303787689053808
vamp4	2.11886471388938e-08	0.633816793961349	0.386	0.117	0.000307871042928128
zgc:162939	2.28587324691869e-08	0.508389934420663	0.432	0.132	0.000332137382777285
bbip1	2.37540629033482e-08	0.524936976198552	0.432	0.139	0.00034514653398565
hrasa	2.43699063560916e-08	0.556867808168129	0.295	0.073	0.000354094739354011
atp5l	2.57568010965482e-08	0.681003205665108	1	0.877	0.000374246319932845
ywhae2	2.61587369201959e-08	0.575523398161983	0.341	0.096	0.000380086447450447
tango2	2.63706343502024e-08	0.483353544377282	0.341	0.092	0.000383165317108441
atp6v1d	2.69114013958996e-08	0.482592417383956	0.386	0.112	0.000391022662282421
pdcl	2.76673614374777e-08	0.700697602254028	0.568	0.22	0.000402006761686551
scrn3	2.78002688362136e-08	0.264431836935871	0.159	0.024	0.000403937906190183
chd7	2.81366908957854e-08	0.746329403530471	0.682	0.328	0.000408826118715763
atp5pd	2.87143910711931e-08	0.67425026039092	0.955	0.773	0.000417220102264436
ncalda	2.90138852644494e-08	0.725440533038023	0.409	0.133	0.00042157175289245
exoc6	2.90710936852696e-08	0.365769533162721	0.318	0.079	0.000422402991246968
cldnd1a	2.97252126321766e-08	0.450866120498003	0.205	0.039	0.000431907339545527
rgs17	3.00803502863847e-08	0.387454608416306	0.159	0.025	0.00043706748966117
glmp	3.06854718217895e-08	0.433398422489425	0.386	0.113	0.000445859905570601
trmt112	3.09289186131351e-08	0.587206132963725	0.591	0.238	0.000449397187448854
man1a1	3.1777418147249e-08	0.304792388126784	0.159	0.025	0.000461725885679527
sfxn4	3.18353935778176e-08	0.406323088668695	0.25	0.056	0.00046256826868569
stk25b	3.31681307763131e-08	0.418896263786947	0.273	0.064	0.000481932940179829
dcun1d2a	3.48322854727305e-08	0.408733649093219	0.295	0.072	0.000506113107918774
ykt6	3.60704743691051e-08	0.410687111760598	0.25	0.056	0.000524103992583097
MZT1	3.6684813454183e-08	0.595877261350912	0.545	0.211	0.000533030339489279
mt-nd4	3.83483145677254e-08	0.532098616234131	0.977	0.901	0.00055720101066905
pak1	3.89366258816031e-08	0.368650098258244	0.318	0.079	0.000565749174059692
slc1a4	3.9135952895625e-08	0.414461672883288	0.295	0.073	0.000568645395573431
vcp	3.94383780339134e-08	0.702315512763318	0.909	0.617	0.000573039632832762
cox6c	4.05209199808866e-08	0.805158731069617	0.909	0.732	0.000588768967322283
emc10	4.18937105852965e-08	0.727076329843301	0.705	0.356	0.000608715614804358
phlda1	4.19536235881507e-08	0.315849539853174	0.341	0.088	0.00060958615073583
pik3ip1	4.32040432135694e-08	0.726660854833206	0.523	0.194	0.000627754747893163
fam78ba	4.38023973999784e-08	0.263321337393957	0.136	0.019	0.000636448834221687
nipal3	4.47620773132633e-08	0.334010011181668	0.159	0.025	0.000650392983361716
otub1b	4.48433278496664e-08	0.708280362152105	0.591	0.257	0.000651573553655653
adkb	4.5604580364401e-08	0.450700456536295	0.364	0.104	0.000662634552694746
zgc:92140	4.68807653077018e-08	0.607951728111292	0.432	0.141	0.000681177519920908
abca3b	4.99101030549556e-08	0.411049327556528	0.136	0.019	0.000725193797388505
dynlrb1	5.15978835161486e-08	0.710957137834962	0.909	0.696	0.000749717247489639
atp6v1c1b	5.18452886279869e-08	0.433194697938799	0.341	0.091	0.00075331204376465
zdhhc17	5.23221020971098e-08	0.309682972052509	0.114	0.014	0.000760240143471006
pip4p1a	5.43290539323679e-08	0.439048745072746	0.295	0.073	0.000789401153637305
taf12	5.44387257086055e-08	0.815345508233137	0.886	0.563	0.000790994684546038
camsap1b	5.47762162154063e-08	0.300309088740313	0.159	0.026	0.000795898421609854
c2cd4a	5.76000408311739e-08	0.789863217912946	0.136	0.019	0.000836928593276957
mapk3	5.78470428350408e-08	0.463613913057367	0.318	0.086	0.000840517532393143
tmem30ab	5.79225996997177e-08	0.746520989231651	0.5	0.195	0.000841615373636898
tbc1d30	5.82427179249732e-08	0.256211110668833	0.159	0.025	0.00084626669144986
rapgef2	6.33033450968762e-08	0.35204990137956	0.273	0.063	0.000919797604257611
si:ch211-222k6.3	6.36185932264426e-08	0.296359108522467	0.114	0.014	0.000924378159580211
carmil2	6.49707708716861e-08	0.46219086312298	0.227	0.047	0.0009440253007656
exd2	6.55197736197364e-08	0.364574886472266	0.227	0.048	0.000952002310694769
ywhaqa	6.75336514870823e-08	0.715386692864699	0.841	0.478	0.000981263956107306
si:ch211-197h24.9	7.14552204798766e-08	0.307342721534466	0.227	0.049	0.00103824435357261
uba5	7.57751150526465e-08	0.503128101977558	0.386	0.119	0.00110101242171495
rabif	7.96617459483913e-08	0.567272706297997	0.545	0.21	0.00115748516863013
ubap2l	8.15412195458766e-08	0.364014847887236	0.25	0.057	0.00118479392000159
sdf4	8.45557285987384e-08	0.585650472032142	0.545	0.201	0.00122859473653967
dpysl5a	8.46775158181936e-08	0.283220037028978	0.318	0.078	0.00123036430483835
bpnt1	8.94507120115615e-08	0.324987093848931	0.205	0.041	0.00129971884552799
vdac1	9.34488436707164e-08	0.610939811431662	0.955	0.752	0.00135781169853551
prnprs3	9.52350724523029e-08	1.09602499162464	0.614	0.313	0.00138376560273196
sh3bgrl3	9.59081152133557e-08	0.820709962182705	0.705	0.39	0.00139354491405006
cbx3a	9.66263477505021e-08	0.719532355300153	0.864	0.527	0.00140398083281479
mt-co1	1.04055775498768e-07	0.438267455337811	1	0.982	0.00151193041799709
zgc:92481	1.06227090570578e-07	0.298225366216757	0.182	0.033	0.00154347962599049
ap1g2	1.08013254737913e-07	0.302837467758544	0.159	0.026	0.00156943259134187
hmgn7	1.0822439134216e-07	0.704247012208881	1	0.892	0.00157250040620158
cltca	1.12539623466219e-07	0.477839220935259	0.386	0.123	0.00163520072896416
ndufs3	1.15059129925245e-07	0.695611149597394	0.75	0.415	0.00167180915781381
get4	1.26625714136722e-07	0.495354703966966	0.568	0.222	0.00183987162640657
hnrnpaba	1.2988809906213e-07	0.530003617922417	1	0.924	0.00188727407937275
pkig	1.30081843766315e-07	0.494953369702828	0.409	0.13	0.00189008918992456
ccdc9	1.31444108304469e-07	0.471736718700615	0.341	0.1	0.00190988289366393
uqcrb	1.37213919257605e-07	0.600748759300202	1	0.722	0.001993718246813
jpt1b	1.39528598725667e-07	0.690925101120639	0.932	0.659	0.00202735053948395
adipor1b	1.42819882677389e-07	0.36497024195387	0.182	0.034	0.00207517289530246
anxa3b	1.464185128286e-07	0.704079146986846	0.659	0.318	0.00212746099139957
mpp2b	1.5078895309405e-07	0.253897927465634	0.114	0.014	0.00219096348845655
atraid	1.58634130950582e-07	0.322808132815635	0.205	0.041	0.00230495392271196
pdap1b	1.59595164475125e-07	0.620220277589737	0.591	0.238	0.00231891773982356
tmod4	1.6348745610651e-07	0.440594429455612	0.114	0.015	0.00237547273722759
tshz3b	1.75115010643603e-07	0.531062694459035	0.273	0.07	0.00254442110465156
eml2	1.80743973577102e-07	0.463951800706844	0.273	0.069	0.00262620993607529
sept6	1.82891036378841e-07	0.577370705009932	0.682	0.298	0.00265740675858456
naa20	1.85676578438876e-07	0.661571447108595	0.659	0.321	0.00269788068471686
xkrx	1.91952058695322e-07	0.281906313860835	0.205	0.041	0.00278906341284303
os9	1.92082038001805e-07	0.565710855201717	0.432	0.15	0.00279095201216622
rasa1a	1.92231795476562e-07	0.31304114012131	0.205	0.042	0.00279312798827445
mef2d	2.00274557539987e-07	0.404315833842696	0.364	0.109	0.002909989321056
ezrb	2.03434676611994e-07	0.440009019506644	0.455	0.149	0.00295590585117228
dnajc18	2.04753119021395e-07	0.452997305225684	0.227	0.053	0.00297506281938087
ppm1bb	2.0730393855601e-07	0.499302211070542	0.386	0.123	0.00301212622721882
phyhipla	2.08312271600827e-07	0.465498165623836	0.227	0.05	0.00302677730636001
ap1g1	2.12289145394361e-07	0.337707777288429	0.227	0.051	0.00308456128258006
dnmt3ab	2.12431565843161e-07	0.643954732176981	0.409	0.137	0.00308663065170113
rab10	2.30344487610194e-07	0.846362998336855	0.636	0.34	0.00334690540497612
itpkca	2.32916452596468e-07	0.26193840438779	0.227	0.05	0.00338427605622668
hint1	2.39394816229147e-07	0.620037116037556	0.841	0.414	0.00347840667980951
zgc:193541	2.44527870514637e-07	0.558658220267217	1	0.831	0.00355298995857768
vldlr	2.46839750673731e-07	0.367700193302091	0.227	0.051	0.00358658157728932
mcf2l2	2.49052332940543e-07	0.336005303015852	0.182	0.035	0.00361873039762609
si:ch211-133n4.4	2.49311920871299e-07	0.654125003050123	0.773	0.401	0.00362250221025997
kifap3b	2.52954416663825e-07	0.290593939742343	0.227	0.05	0.00367542767412538
actb1	2.55997714332289e-07	0.6266628307806	1	0.984	0.00371964678924816
cttn	2.57555660329634e-07	0.369272127145926	0.227	0.052	0.00374228374458959
lmbrd2b	2.65607631402226e-07	0.327389400026602	0.273	0.067	0.00385927888427434
phactr3b	2.67879885405427e-07	0.368699011848902	0.205	0.042	0.00389229473494086
plk2b	2.78874879025131e-07	0.536128300820032	0.341	0.1	0.00405205199223515
selenot2	2.79669548411106e-07	0.648989846493121	0.75	0.407	0.00406359853841337
them4	2.9112142949267e-07	0.254579659603519	0.136	0.021	0.00422999437052849
dnaja2b	2.96301650040896e-07	0.522677321048561	0.773	0.38	0.00430526297509423
park7	3.04155821969417e-07	0.616512021500961	0.386	0.13	0.00441938409321562
LEPROTL1	3.21940263325461e-07	0.479050567144772	0.818	0.403	0.00467779202611895
daam1b	3.30339492154916e-07	0.273053119225352	0.159	0.028	0.00479983282101094
ndufc2	3.35367124204975e-07	0.629311600833656	0.841	0.489	0.00487288431469828
mycbp	3.36281347600902e-07	0.546815251869251	0.591	0.253	0.00488616798064111
ampd2b	3.41788795994462e-07	0.260820091473084	0.114	0.015	0.00496619120579953
trappc6bl	3.50582104545992e-07	0.524023291282047	0.364	0.119	0.00509395797905327
spg7	3.53648940782863e-07	0.404663492669232	0.318	0.091	0.00513851910957501
h3f3c	3.68473188342517e-07	0.51962390242384	1	0.968	0.00535391542661677
mpc1	3.69602567748537e-07	0.624307327517969	0.795	0.433	0.00537032530938625
uqcrfs1	3.88217917990581e-07	0.644569806807741	0.864	0.525	0.00564080634840314
ankrd10b	3.92811153370226e-07	0.377123531173156	0.295	0.081	0.00570754605846939
sybl1	3.97725462785418e-07	0.409921770887381	0.227	0.054	0.00577895097427212
gpia	4.09968519619895e-07	0.71444618822191	0.568	0.254	0.00595684259007708
emc1	4.15648327017757e-07	0.446511976585599	0.341	0.103	0.00603937019156801
ndufa3	4.26586262963809e-07	0.717121488143796	0.75	0.423	0.00619829840086415
sorl1	4.32280156883107e-07	0.353718819913348	0.182	0.036	0.00628103067951154
pafah1b3.1	4.43115445004228e-07	0.611761433473729	0.636	0.302	0.00643846741591143
lztr1	4.50233755679495e-07	0.254540586543866	0.159	0.028	0.00654189647002306
bloc1s2	4.61571989577675e-07	0.602095971810789	0.5	0.206	0.00670664100856362
itga5	4.62257233595292e-07	0.414491736757402	0.477	0.169	0.00671659760413959
ddx3xb	4.66841174814974e-07	0.499572138108236	0.5	0.192	0.00678320227006157
purba	4.7910292203583e-07	0.583459579765967	0.591	0.258	0.0069613654571806
hp1bp3	4.83438723164117e-07	0.537875308913855	0.977	0.762	0.00702436464757461
ankrd54	4.94547923976379e-07	0.475757408212301	0.477	0.18	0.00718578133537679
dctn3	5.22685385345629e-07	0.664215668902276	0.795	0.483	0.00759461864907198
higd2a	5.27787988855721e-07	0.665994531984806	0.568	0.26	0.00766875947807362
ndufb10	5.47627190229131e-07	0.630911876804957	0.841	0.498	0.00795702307402927
wu:fc75a09	5.49449421559073e-07	0.501780864478582	0.182	0.037	0.00798350009525333
fktn	5.63515827594407e-07	0.261635875651818	0.205	0.044	0.00818788497494674
map1lc3b	5.82277765659631e-07	0.841046423606068	0.864	0.559	0.00846049593503443
ndufb5	5.8446861652446e-07	0.652162143378143	0.818	0.492	0.00849232899810041
map4l	5.87306076923974e-07	0.394369439551849	0.205	0.044	0.00853355729770535
CSRNP3	5.88403879093133e-07	0.292452632655877	0.136	0.022	0.00854950836322322
ubl7a	5.91638896811168e-07	0.269055576352653	0.136	0.022	0.00859651317066627
dcun1d1	6.39575782515934e-07	0.420104076864833	0.341	0.105	0.00929303611995652
ptges3a	6.41735688602056e-07	0.800205920680954	0.75	0.49	0.00932441955538788
inpp4aa	6.66355039548024e-07	0.302769018656345	0.182	0.036	0.00968213872463279
ap3m2	6.69963532779921e-07	0.492992060908638	0.432	0.151	0.00973457013129225
socs7	6.76662513255433e-07	0.282025358517815	0.159	0.029	0.00983190631760144
immt	6.7697132606524e-07	0.579448543259741	0.477	0.19	0.00983639336772794
arf2a	6.82680236817611e-07	0.664365153128349	0.727	0.398	0.00991934384095989
mpnd	7.11710259102434e-07	0.329197693491088	0.25	0.061	0.0103411500647584
ndufa4	7.15167964319556e-07	0.562312660612156	0.227	0.054	0.0103913905215631
gatc	7.27407934147481e-07	0.524157770766359	0.409	0.146	0.0105692372831629
ndufa7	7.31607813804236e-07	0.790499392403169	0.591	0.288	0.0106302615345755
sub1b	7.50906324810507e-07	0.480077767664435	0.386	0.135	0.0109106688994967
rasal2	7.52534482969285e-07	0.515007518783061	0.25	0.066	0.0109343260375437
vps52	7.60758473413009e-07	0.283574052109578	0.159	0.029	0.011053820618691
ppp3ccb	8.12313960180628e-07	0.314333494099567	0.205	0.045	0.0118029218414245
lsm6	8.13505226385449e-07	0.578512341049791	0.932	0.545	0.0118202309393806
ndufa5	8.30113587102439e-07	0.671614488234899	0.75	0.44	0.0120615504205984
uck2a	8.48181483442663e-07	0.52859988807963	0.341	0.109	0.0123240769544219
capza1b	8.48388903366798e-07	0.795504868612194	0.818	0.598	0.0123270907659196
sap18	8.5614699005778e-07	0.638239353931183	0.864	0.542	0.0124398157655396
anxa11b	8.82043069526213e-07	0.648193262197639	0.818	0.516	0.0128160858002159
commd8	8.89014301327546e-07	0.439574183760887	0.386	0.13	0.0129173777982892
mapk11	9.61217570103516e-07	0.353512258177767	0.182	0.037	0.0139664912936041
gpr107	9.69132212615776e-07	0.362369747404551	0.318	0.094	0.0140814910493072
lmbrd1	9.76911425432125e-07	0.381105447136793	0.341	0.103	0.0141945230115288
zgc:77056	1.03678893535012e-06	0.629365714000754	0.386	0.14	0.0150645432306372
dnajb12a	1.05908489793334e-06	0.431506182073962	0.432	0.157	0.0153885035669714
nucks1a	1.09532250435692e-06	0.580452314025109	1	0.724	0.0159150359883061
zgc:171971	1.13682383772014e-06	0.308795150658975	0.159	0.03	0.0165180503620737
prpsap2	1.15022831622742e-06	0.525004174342857	0.386	0.14	0.0167128174347844
cox6a1	1.1650470107892e-06	0.514706470595176	0.955	0.832	0.016928133066767
praf2	1.22549845494165e-06	0.535144802729657	0.545	0.242	0.0178064925503022
ilf3b	1.22576428920336e-06	0.690313815068986	0.818	0.525	0.0178103551221248
srsf3b	1.24434972183315e-06	0.621235153969212	0.977	0.7	0.0180804014582357
taf10	1.2572032050348e-06	0.576280064974655	0.636	0.306	0.0182671625691557
sephs2	1.260448672589e-06	0.494978861626987	0.409	0.15	0.0183143192127181
ext2	1.2901080306551e-06	0.653260055029913	0.386	0.139	0.0187452696854186
mapre1b	1.3264377302593e-06	0.637150040963566	0.795	0.447	0.0192731402206676
hnrnpa3	1.34484916460057e-06	0.453649436344274	0.205	0.047	0.0195406583616463
cox17	1.3829348540264e-06	0.426927000027426	0.5	0.192	0.0200940434290036
max	1.44415199185993e-06	0.583272060777834	0.75	0.434	0.0209835284417247
ppp1cb	1.45456320155772e-06	0.509061047500268	0.705	0.336	0.0211348033186337
ifngr2	1.4888874067456e-06	0.473219163132324	0.409	0.148	0.0216335340200135
foxg1b	1.55654099721112e-06	0.419562290551389	0.159	0.031	0.0226165406894776
fam168b	1.56988017881888e-06	0.593154899094539	0.705	0.372	0.0228103589982383
ube2l3b	1.65202486869577e-06	0.565475055065897	0.795	0.455	0.0240039213421495
psmc6	1.74525010233992e-06	0.603645474864797	0.841	0.543	0.0253584839869991
camk2g1	1.79416779008686e-06	0.611747143184781	0.386	0.143	0.0260692579899621
endog	1.80268240850031e-06	0.338654829356632	0.159	0.031	0.0261929753955096
mief1	1.83574404759448e-06	0.304984028986982	0.205	0.048	0.0266733610115478
ube2v2	1.83890197091053e-06	0.750827671919002	0.909	0.669	0.02671924563733
gng7	1.85196852389032e-06	0.367496049920444	0.364	0.117	0.0269091026521263
lyrm4	1.95441405670226e-06	0.446373430699366	0.455	0.177	0.0283976362438839
gsk3b	1.99712124320207e-06	0.364108981240025	0.273	0.077	0.0290181716637261
gmds	2.09208745978729e-06	0.458887817873742	0.386	0.137	0.0303980307907093
si:ch73-386h18.1	2.11835116510063e-06	0.255658155389665	0.318	0.094	0.0307796424289122
ndfip1l	2.12923046676899e-06	0.432829900299986	0.273	0.078	0.0309377186821534
msl2b	2.18575712906529e-06	0.351209014489435	0.25	0.067	0.0317590510853186
rgmb	2.19555136127408e-06	0.59316870498952	0.5	0.21	0.0319013612793124
tpgs2	2.21436538444445e-06	0.281361516364393	0.159	0.031	0.0321747290359779
alg9	2.25117101207298e-06	0.339986672305003	0.25	0.066	0.0327095148054204
gnb1b	2.26592500749639e-06	0.527961654551454	0.977	0.78	0.0329238903589226
ndufs6	2.30439580773726e-06	0.69778088113199	0.75	0.472	0.0334828710864223
ufsp2	2.35040275911386e-06	0.442806182858045	0.341	0.113	0.0341513520899244
cdkn2aip	2.51132219716358e-06	0.266636268960049	0.159	0.032	0.0364895115247868
wdr83os	2.51257101520555e-06	0.559973294110659	0.727	0.392	0.0365076568509366
arhgef4	2.5985684134765e-06	0.373227223858134	0.25	0.067	0.0377571990478135
pin1	2.62490140149222e-06	0.583575409647378	0.841	0.499	0.038139817363682
parvb	2.76134259592779e-06	0.281557929150199	0.159	0.031	0.0401223079188308
usp12a	2.84273350687238e-06	0.361465911017459	0.227	0.058	0.0413049178548557
ndufa11	2.90844529083729e-06	0.589157791741054	0.727	0.419	0.0422597100758658
plscr3b	3.00052711890325e-06	0.73304701326579	0.773	0.454	0.0435976590376642
prkcea	3.06042192112287e-06	0.307060820293815	0.227	0.057	0.0444679305139153
smg1	3.29426933125168e-06	0.301572718032754	0.182	0.041	0.0478657333830868
borcs7	3.33931593337492e-06	0.481999960552208	0.386	0.14	0.0485202605119376
