gene	p_val	avg_log2FC	pct.1	pct.2	p_val_adj
slc2a15b	0	2.59565863176053	0.91	0.053	0
csrp2	0	2.47868656710808	0.873	0.053	0
mlpha	0	3.36803150890228	0.995	0.078	0
mitfa	0	2.27926516308541	0.792	0.044	0
tyrp1a	0	3.94094915165025	1	0.071	0
slc38a11	0	1.82678158991515	0.726	0.02	0
slc22a7a	0	3.10424514253774	0.958	0.068	0
zdhhc2	0	2.70158478198826	0.877	0.028	0
s100w	0	2.12000767209221	0.717	0.022	0
alkal2b	0	1.68510711661878	0.632	0.013	0
slc24a4a	0	1.68700027308325	0.665	0.021	0
tmem243a	0	2.91433162495305	0.958	0.07	0
rhag	0	2.8683283993098	0.972	0.088	0
slc22a2	0	2.65070683081007	0.892	0.034	0
si:dkey-21a6.5	6.34672738493667e-307	2.36068869773426	0.91	0.076	9.22179489031299e-303
mt2	2.92532979661078e-303	4.6083992695297	0.972	0.106	4.25050419447546e-299
slc30a8	1.18770338155173e-300	1.29224885171591	0.538	0.013	1.72573301339466e-296
hsd20b2	2.41636098677889e-300	1.48801109078226	0.604	0.022	3.51097251378972e-296
zgc:91968	6.10896388616872e-300	4.60621362008354	1	0.12	8.87632452660316e-296
gpr143	1.60319825779292e-298	3.36976791691453	0.991	0.114	2.32944706857312e-294
tfap2e	6.13500060280402e-297	2.21008373202301	0.83	0.06	8.91415587587425e-293
slc29a3	4.04661136864769e-296	2.12214228676097	0.778	0.05	5.87972631864509e-292
anxa2a	6.01373111098414e-285	3.0183918529967	0.943	0.096	8.73795130425995e-281
slc45a2	3.6399082816219e-282	4.8310579467879	1	0.137	5.28878673319663e-278
slc3a2a	3.93832467576827e-281	2.75088859684333	0.939	0.099	5.72238575389129e-277
rabl6b	3.5614009741506e-278	2.50616971321339	0.929	0.097	5.17471561544082e-274
nqo1	4.30587779301545e-278	2.09749591472792	0.792	0.06	6.25644043325145e-274
tspan10	1.11891233553813e-272	1.44835251849547	0.651	0.032	1.6257796235369e-268
rasd1	1.5558011446114e-269	2.62666942457927	0.863	0.081	2.26057906312037e-265
hsc70	4.80414358666242e-269	1.63722580566023	0.524	0.017	6.9804206314205e-265
prnpb	1.59883189096483e-267	1.30285026277972	0.434	0.008	2.3231027375719e-263
spock3	1.88350608960086e-266	3.05916186460097	0.972	0.126	2.73673434819004e-262
ak1	1.93607366305747e-264	2.5356667107545	0.882	0.091	2.81311503242251e-260
fabp11a	4.58678732414845e-262	3.13931918994026	0.844	0.079	6.6646019819877e-258
mtbl	2.50374762822735e-254	4.39959870974571	0.995	0.159	3.63794530381433e-250
agtrap	8.54422183756721e-254	1.52429929858727	0.722	0.049	1.24147543299852e-249
si:ch211-195b13.1	3.20463087930409e-253	2.34416723448751	0.788	0.068	4.65632866762884e-249
drd3	4.59622066256091e-237	2.14395540307193	0.519	0.022	6.678308622701e-233
gramd2aa	6.57884626035593e-237	2.08874606132445	0.741	0.063	9.55906361629717e-233
lgals2a	1.10123902364324e-230	2.41286421341662	0.816	0.081	1.60010030135363e-226
CLEC3A	1.53867193968733e-230	1.21110211651772	0.415	0.011	2.2356903283657e-226
pcdh10a	1.01072787861067e-229	1.78114771374447	0.774	0.074	1.4685876076213e-225
cdh1	1.4699229617645e-228	1.53970092272652	0.651	0.045	2.13579806344382e-224
s100a10b	1.13447431589403e-226	4.5461486699966	0.995	0.187	1.64839118099403e-222
dct	1.28266869560011e-226	4.29108514758435	1	0.188	1.86371761470695e-222
rab32a	9.56456193893384e-226	1.89746282809856	0.816	0.085	1.38973084972709e-221
dhrs9	2.03686968029203e-224	1.07088339079252	0.42	0.012	2.95957164546432e-220
CPNE8	3.50535948467836e-216	1.77183880697665	0.769	0.079	5.09328733123766e-212
pttg1ipb	1.1584939779704e-214	2.81047157787643	0.967	0.178	1.683291749991e-210
si:dkeyp-118a3.2	1.55846854056613e-214	0.928484358518781	0.434	0.015	2.26445478944258e-210
emp3b	2.73772011905046e-212	1.57772949101073	0.608	0.042	3.97790733298031e-208
tspan36	5.6689596581518e-210	3.4818355431846	0.962	0.172	8.23699838329456e-206
atp6v0a2b	1.97402812660595e-207	1.28401646184041	0.585	0.039	2.86826286795845e-203
cdk15	7.86556182408184e-204	1.15126471617488	0.524	0.029	1.14286613303909e-199
plpp1a	2.98714094048014e-203	1.82047610538694	0.844	0.11	4.34031578651765e-199
si:dkey-204f11.64	6.41544598141062e-203	2.60709555020156	0.962	0.177	9.32164301098963e-199
anxa1a	3.60213665750018e-202	3.24543633034673	0.967	0.182	5.23390456334776e-198
slc39a10	5.75039858591464e-200	1.4739685270643	0.594	0.045	8.35532914533398e-196
prkar1b	6.60894772087975e-195	1.03158291167792	0.462	0.022	9.60280103843828e-191
stx12l	9.01755999617745e-193	1.11445204864557	0.519	0.032	1.31025146744458e-188
syngr2b	6.51752917378772e-189	1.62542560287273	0.708	0.074	9.46996988951355e-185
rgs16	1.25165561690188e-187	1.33336313757581	0.448	0.022	1.81865561135843e-183
pah	2.83212548844843e-181	1.33418230827588	0.599	0.048	4.11507833471557e-177
zgc:165573	1.30841700998488e-180	1.57248527923385	0.769	0.097	1.90112991550803e-176
pmela	1.35987288083277e-178	5.25574059764547	1	0.313	1.97589529585002e-174
adssl1	8.89864014322075e-178	0.909225743217652	0.434	0.022	1.29297241280998e-173
gch2	1.23060099345042e-175	2.25676455410408	0.995	0.231	1.78806324348345e-171
rtn1b	7.95445456145019e-173	2.33186649242712	0.991	0.209	1.15578224777871e-168
tmem243b	8.30007988488943e-173	1.85890086417975	0.849	0.145	1.20600160727443e-168
slc24a5	2.9087220474185e-172	0.852978180209142	0.406	0.019	4.22637313489908e-168
icn	3.15419253602548e-172	5.46491733805323	0.991	0.312	4.58304175484503e-168
abracl	5.57101415048994e-172	2.45527957067057	0.972	0.242	8.09468356066189e-168
pcbd1	3.43013016712341e-170	2.56504893967847	0.958	0.221	4.98397913283031e-166
gstt1a	3.39594981833693e-169	3.34012286362916	0.991	0.295	4.93431508604356e-165
zgc:63831	1.82510383226434e-165	1.05389715222823	0.533	0.042	2.65187586828009e-161
slc30a1b	5.87879384606672e-164	0.511019105301918	0.222	0.001	8.54188745833494e-160
sypl2b	1.19035972483667e-163	1.65503267321885	0.769	0.112	1.72959268018768e-159
si:dkey-238d18.4	9.10099987487326e-163	0.858817517970866	0.349	0.013	1.32237528181909e-158
zgc:63863	4.24297338042159e-162	1.28293443560358	0.642	0.071	6.16504032175257e-158
tyrp1b	4.88466962443955e-160	5.1963300496364	1	0.391	7.09742496431066e-156
si:ch211-71m22.3	1.89760863828592e-159	0.994988485397921	0.344	0.013	2.75722535142945e-155
ocstamp	5.78647316525828e-159	0.705175425392731	0.33	0.012	8.40774550912028e-155
iscub	4.93571638706261e-155	1.49550367919779	0.646	0.079	7.17159591040197e-151
zgc:136908	7.34231369576387e-155	0.603442971459214	0.255	0.005	1.06683817999449e-150
tnfaip8l3	4.30891615034343e-153	0.997916323809983	0.458	0.032	6.260855166449e-149
pfn1	4.95687478231574e-153	2.48680059297765	0.995	0.343	7.20233905870477e-149
nptx1l	2.34414010412944e-152	1.59552598072759	0.552	0.054	3.40603557130008e-148
slc39a1	1.58433587038719e-150	1.19700293149169	0.571	0.058	2.30204001967259e-146
anxa13l	6.79054184070808e-150	1.05595305408295	0.637	0.071	9.86665729454884e-146
smim29	1.87132722627366e-149	2.26517281308451	0.906	0.21	2.71903845977562e-145
zgc:110591	8.69028415518292e-149	1.30753295633534	0.693	0.094	1.26269828774808e-144
slc29a1a	1.11858308323902e-146	1.22849022906542	0.538	0.054	1.6253012199463e-142
nme4	1.21623804666156e-146	1.14745550501219	0.566	0.058	1.76719388179925e-142
akr1b1	2.362766183377e-144	1.62054426057815	0.736	0.109	3.43309926444679e-140
rac3b	1.82068519384763e-142	1.20981041008561	0.561	0.059	2.6454555866606e-138
stk17a	5.69393567717178e-140	0.879699400849976	0.41	0.028	8.2732885389306e-136
bhlhe41	7.21867532974665e-140	1.19734180181137	0.561	0.06	1.04887352541219e-135
ttyh2l	1.84154018801121e-139	0.859776802986785	0.392	0.025	2.67575789318029e-135
atp6v0ca	1.24984257187708e-138	2.5397181731606	1	0.444	1.8160212569374e-134
qdpra	1.1785589357451e-137	1.74597543022287	0.698	0.103	1.71244613363763e-133
zgc:110339	6.83612941282414e-136	2.49750851915112	0.995	0.399	9.93289603683348e-132
rab20	3.34498066743547e-135	1.65792683569709	0.745	0.135	4.86025690978374e-131
si:dkeyp-69c1.9	6.78247174648191e-135	0.55096562687895	0.245	0.006	9.85493144763822e-131
anxa5b	1.18211833289518e-134	1.73635649752957	0.802	0.156	1.7176179376967e-130
bloc1s6	2.55086857203549e-134	1.90311301012533	0.858	0.207	3.70641203516757e-130
si:dkey-188i13.11	1.82027171144366e-133	1.78741734778425	0.83	0.19	2.64485479672764e-129
dtnbp1a	5.08114685548718e-133	1.49785881763636	0.726	0.121	7.38290638102287e-129
kcnj13	2.31239428462044e-132	0.631811891495641	0.25	0.007	3.35990889555351e-128
ctsd	2.21253422674068e-131	2.56836551419313	0.972	0.409	3.21481223145421e-127
smyd1a	8.06849869791426e-131	0.673374553195618	0.325	0.016	1.17235286080694e-126
fxyd1	2.02110781816961e-129	1.92780372473269	0.967	0.276	2.93666965980044e-125
pafah1b3.1	7.24443332041405e-129	1.72424391125774	0.915	0.271	1.05261616145616e-124
tm7sf3	3.35726327424607e-127	0.869128695578886	0.429	0.036	4.87810353747954e-123
lin7a	2.55169931400156e-126	1.11564893357991	0.472	0.046	3.70761910324427e-122
frmd8	5.4392299422883e-126	1.17388416281837	0.491	0.052	7.9032011061449e-122
ctsh	3.34449517392725e-125	1.42681147697733	0.618	0.093	4.8595514877163e-121
gstp1	5.15580336767142e-125	2.28986027277581	1	0.491	7.49138229322658e-121
rab34b	1.51772212972009e-123	0.642544326390892	0.316	0.017	2.20525025448329e-119
vamp5	3.9325815143538e-123	1.25182323142253	0.67	0.103	5.71404094035607e-119
rnaseka	9.68650103598668e-123	1.7938784752823	0.882	0.252	1.40744860052886e-118
si:ch211-117c9.5	2.2657735202954e-122	0.984455529799459	0.462	0.045	3.29216892498922e-118
prdx2	8.47973723638973e-122	2.25953688807538	1	0.871	1.23210582044743e-117
aldh9a1a.1	1.09439010259324e-121	2.50988185268606	0.995	0.655	1.59014881906798e-117
osbpl10b	5.15664368739678e-121	0.976063594409047	0.486	0.051	7.49260327778751e-117
gm2a	1.80666476324438e-120	1.34741197990282	0.623	0.097	2.62508390099409e-116
vamp3	2.93480045052522e-119	2.15258810336488	0.995	0.586	4.26426505461315e-115
zgc:153184	1.87282413304016e-118	0.532754983973885	0.255	0.01	2.72121346530736e-114
cox4i2	4.44723952216043e-118	1.16553881643868	0.613	0.088	6.46183902569911e-114
dhrs13a.1	2.44188174588399e-117	0.995946490425011	0.5	0.057	3.54805417676943e-113
ap3m2	4.11378811887121e-117	1.37359620403122	0.693	0.123	5.97733413671987e-113
bves	5.49232548117279e-117	0.660325719477473	0.278	0.013	7.98034892414406e-113
spire1a	2.15213854858759e-116	0.650453124868751	0.316	0.019	3.12705731109776e-112
arl6ip1	1.45829693454087e-115	2.15721418622959	0.986	0.509	2.11890544588788e-111
ckbb	4.80544460922051e-115	1.73669097269157	0.967	0.297	6.9823110171974e-111
ano10b	5.35377099248036e-115	0.795247307837557	0.392	0.033	7.77902925207396e-111
si:ch73-196l6.5	2.15334642093932e-114	0.40129209883599	0.179	0.003	3.12881234962483e-110
dync1li2	2.85698965964029e-114	1.27105141681137	0.712	0.138	4.15120597545734e-110
tyr	6.8751720625738e-114	0.620834778493663	0.307	0.018	9.98962500691973e-110
hps1	5.71878459113832e-113	0.69203015720497	0.325	0.021	8.30939401092398e-109
zgc:110239	9.90774366620219e-110	1.46948711051447	0.665	0.128	1.43959515469918e-105
ppp1r13ba	5.78895424935459e-109	0.543891682619424	0.241	0.01	8.41135052431222e-105
ctsf	1.11254575021112e-108	1.78288086575068	0.858	0.271	1.61652897505676e-104
cd63	2.79803043058705e-108	2.26672511449045	0.986	0.646	4.06553821564298e-104
vac14	5.73231317345213e-108	0.776266463963226	0.396	0.037	8.32905104102594e-104
gpd1c	3.48195193348394e-106	0.887276234036727	0.278	0.016	5.05927615935216e-102
cst14a.2	4.20369097241207e-106	1.81041856717963	0.986	0.491	6.10796298291473e-102
dctn2	7.24735986575405e-106	1.80302167083149	0.953	0.437	1.05304138849406e-101
rgs12b	1.05770374510939e-105	0.901828808329636	0.41	0.041	1.53684354164395e-101
sh3glb2b	3.22484659362579e-103	1.44244867949982	0.75	0.18	4.68570210053827e-99
idh1	7.19236682322124e-103	1.4798274618385	0.811	0.21	1.04505089941405e-98
plppr5a	1.13679428695531e-102	0.485170771464198	0.231	0.01	1.65176209894606e-98
ift27	6.31035261500855e-102	1.28749369518215	0.594	0.107	9.16894234960742e-98
TPGS1	7.47852022072248e-102	1.21395274355114	0.58	0.097	1.08662898807098e-97
actb2	2.54143567408423e-101	1.71600413035397	1	0.999	3.69270603444439e-97
bhlhe40	1.13345259696649e-100	1.68059344043398	0.689	0.147	1.64690662339231e-96
tmeff2b	4.42473586252741e-100	0.741710659634609	0.358	0.032	6.42914120825233e-96
si:dkey-112e7.2	2.67261179378121e-99	1.53296329181305	0.825	0.25	3.88330493636409e-95
CABZ01061495.1	6.43972923813015e-99	0.519857977825711	0.283	0.018	9.3569265830031e-95
map7a	2.19403070417408e-98	0.294832544473446	0.137	0.001	3.18792661316493e-94
eml1	4.55476235946581e-98	0.957624499340221	0.472	0.06	6.61806970830383e-94
vps26a	7.89275800102493e-98	1.39351473690089	0.774	0.202	1.14681773754892e-93
ucp2	9.57411114990464e-98	1.91661357543692	0.929	0.365	1.39111835008114e-93
cotl1	1.25820905567245e-97	1.58010800525207	0.934	0.341	1.82817775789207e-93
si:ch211-153b23.7	1.64695534808574e-97	0.43300702147977	0.184	0.005	2.39302612076858e-93
atp6v1ab	2.72755417612468e-97	1.09744331273805	0.561	0.091	3.96313621790915e-93
ccdc18	3.36765349463683e-97	0.567113306112933	0.25	0.013	4.89320052770732e-93
si:dkey-28n18.9	1.14850030792283e-96	0.365887312680011	0.146	0.002	1.66877094741188e-92
si:dkey-86l18.10	1.84670851499991e-95	0.486949174928891	0.193	0.006	2.68326747229488e-91
si:dkey-188i13.9	6.11240505994658e-95	0.545713714503136	0.16	0.003	8.88132455210238e-91
jpt1b	1.77321657907936e-94	1.995104237449	0.986	0.643	2.5764836894023e-90
dynlrb1	3.11856748878159e-94	1.67187847439413	0.972	0.683	4.53127856119964e-90
degs1	5.56565812407804e-94	1.66679191956401	0.873	0.335	8.08690125428539e-90
ndrg1a	7.74356790855185e-94	0.915864189143179	0.509	0.075	1.12514041711258e-89
sptlc2a	1.1918355832523e-92	0.860507329387258	0.429	0.053	1.73173710246559e-88
trpm1b	3.08439623522017e-92	0.925060081218052	0.349	0.033	4.4816277297749e-88
cox7a1	9.00894788223915e-92	0.57765977672215	0.236	0.013	1.30900012728935e-87
naga	4.71951726551009e-91	1.14120771522914	0.613	0.12	6.85745858678615e-87
tuba8l3	4.76911503366858e-91	1.88882228174963	0.972	0.452	6.92952414392045e-87
cited1	7.94577144709918e-90	1.06356625035487	0.547	0.094	1.15452059126351e-85
pip5k1ba	1.45763403218298e-89	0.541768700382056	0.217	0.011	2.11794224876187e-85
pla2g15	2.57594864716121e-89	1.37371646079458	0.703	0.173	3.74285338432523e-85
asah1b	2.75705515249035e-89	0.829394548319814	0.425	0.054	4.00600113656848e-85
gpr174	3.25140504141751e-89	0.329839961505223	0.137	0.002	4.72429152517964e-85
hnmt	6.78607268459831e-89	0.518313740925919	0.241	0.014	9.86016361072134e-85
palm1b	1.32135077666368e-88	1.51613488534483	0.821	0.266	1.91992267849233e-84
hrc	1.64281802044056e-88	0.791664532750182	0.241	0.014	2.38701458370014e-84
neurl1b	3.96059675343627e-88	0.645430002248506	0.316	0.028	5.7547470827429e-84
eepd1	4.20977669332273e-88	0.597246474871199	0.269	0.019	6.11680553539792e-84
atp6v0a1a	6.47109867659565e-88	0.903124574677654	0.462	0.067	9.40250637709348e-84
slc37a2	1.02104996947392e-87	1.46466355087317	0.873	0.304	1.48358560564561e-83
zgc:110789	1.11411043370446e-87	0.589966156761351	0.292	0.023	1.61880246017258e-83
timeless	9.10933770979749e-85	0.943556452126276	0.505	0.085	1.32358676923357e-80
npr1b	9.57006313041553e-85	0.352540733654178	0.127	0.002	1.39053017284938e-80
grna	4.29001274133317e-84	0.371254423687729	0.146	0.003	6.23338851315709e-80
selenoj	1.3420044861388e-83	1.14641436325107	0.575	0.116	1.94993251835968e-79
gstr	4.52945187424573e-83	1.49927578707253	0.778	0.253	6.58129357327905e-79
cst3	5.766654757357e-83	1.68540971283989	0.901	0.428	8.37894936243973e-79
atp6ap2	9.8619755725508e-83	1.48202600367125	0.873	0.345	1.43294505069163e-78
rpl26.1	3.23380277286214e-82	1.24305054976157	1	0.889	4.69871542896869e-78
rab7a	7.31936874238733e-82	1.36544210112242	0.821	0.29	1.06350427826888e-77
hs1bp3	3.67417695325494e-81	0.565828143152234	0.264	0.021	5.33857911307942e-77
cdo1	7.64964991613768e-81	1.21904240532246	0.552	0.107	1.11149413281481e-76
scpep1	9.42014718337286e-81	1.30728291885678	0.679	0.182	1.36874738574408e-76
fuom	1.13354710669942e-80	0.630108284354854	0.297	0.027	1.64704394603426e-76
zgc:163014	1.50496092745456e-80	0.368270680174034	0.17	0.006	2.18670822759148e-76
dpp7	1.54910847114666e-80	1.14029104277965	0.665	0.169	2.2508546085761e-76
eno3	1.99703080003771e-80	1.4123818650537	0.778	0.259	2.9016857524548e-76
bri3	8.60041660622494e-80	1.06570630370119	0.599	0.131	1.24964053288448e-75
ctsla	1.54116081995265e-78	1.5677897156304	0.991	0.751	2.23930667139119e-74
fabp3	2.18937688294927e-78	1.43769025395456	0.995	0.745	3.18116461092529e-74
si:zfos-943e10.1	2.43390256597647e-78	1.44104628643315	0.693	0.197	3.53646042836381e-74
selenoh	2.87794521244966e-78	1.5405878502507	0.958	0.528	4.18165439368935e-74
cisd1	6.81820406591404e-78	1.00318814081656	0.514	0.099	9.9068505077731e-74
si:dkey-31g6.6	1.20349958886031e-77	0.705049245891355	0.217	0.013	1.74868490261403e-73
si:dkey-51e6.1	3.49121300995603e-77	0.701465010649731	0.278	0.025	5.07273250346611e-73
dstyk	1.71521545510391e-76	1.29864970981898	0.712	0.21	2.49220805626597e-72
spra	1.89032373665558e-76	0.642754749910427	0.307	0.032	2.74664038936056e-72
prss16	2.77535262120283e-76	0.885503368104124	0.505	0.092	4.03258735860771e-72
ppfibp2b	3.23500983110794e-76	0.452235568755513	0.226	0.015	4.70046928459983e-72
adam10a	4.42230523587724e-76	1.09867701048865	0.637	0.153	6.42560950772963e-72
rab5c	5.70672159161274e-75	1.38670840675634	0.887	0.414	8.29186647261331e-71
serinc2	7.88319604569865e-75	1.27433919178964	0.665	0.178	1.14542838544001e-70
cd151	1.54334966452278e-74	0.855190982110455	0.41	0.06	2.2424870625516e-70
elovl1b	1.62234544511004e-74	1.00261136262527	0.896	0.297	2.35726793174488e-70
apof	1.67727093302511e-74	0.2773983811589	0.142	0.004	2.43707466568548e-70
itpk1a	1.71813132008371e-74	0.472940863538835	0.217	0.014	2.49644480808163e-70
syngr2a	3.23596254142359e-74	0.968957047658557	0.453	0.076	4.70185357268848e-70
tnfaip2a	6.45397400078936e-74	0.968418116417366	0.396	0.057	9.37762422314694e-70
si:ch211-243a20.3	1.07027105667213e-73	0.764111993037587	0.42	0.061	1.5551038453446e-69
ttc38	1.60373092105829e-73	0.260935225270261	0.113	0.002	2.3302210282977e-69
hopx	2.23170899360531e-73	1.00655273726029	0.476	0.084	3.24267316770852e-69
tmem50a	6.17904236482576e-73	1.3583111231011	0.863	0.38	8.97814855609183e-69
TST	7.60779306321329e-73	0.841382117813716	0.458	0.079	1.10541233208489e-68
rarres3l	8.60758273988454e-73	0.483545151179282	0.269	0.024	1.25068177210522e-68
fmn2a	1.96962444961619e-72	0.442037354442357	0.17	0.008	2.86186432529232e-68
atp6v1c1b	2.52951041824049e-72	0.79054636491347	0.448	0.074	3.67537863770344e-68
psap	3.2844458803206e-72	1.51803172654892	0.882	0.465	4.77229986410583e-68
adi1	3.50952812648669e-72	1.22515635486543	0.708	0.218	5.09934436778516e-68
atp11a	4.28928317211342e-72	0.450876259797156	0.236	0.018	6.2323284490808e-68
adh8b	6.79225224362267e-72	1.23001290130591	0.745	0.24	9.86914250998373e-68
gatm	1.21469399967962e-71	0.574679689594827	0.302	0.033	1.76495038153449e-67
inka1b	3.43878997230486e-71	1.20682392653862	0.481	0.092	4.99656182975897e-67
actr10	4.25322920353486e-71	1.20375370318851	0.722	0.229	6.17994203273615e-67
atp6v1g1	7.81059369945375e-71	1.23752864982769	0.91	0.423	1.13487926453063e-66
atp6v1e1b	2.96171670052438e-70	1.15373663593864	0.868	0.337	4.30337436586192e-66
rab3il1	6.7069542712906e-70	0.637708845167539	0.354	0.047	9.74520455618524e-66
coro1ca	3.71960072674266e-69	0.923228422162794	0.538	0.118	5.40457985595708e-65
mlip	5.24868073529649e-69	0.36952131115467	0.165	0.008	7.62633310838581e-65
CABZ01032488.1	1.74602294185165e-68	1.00544833389065	0.608	0.152	2.53697133451045e-64
pnp4a	1.98746352691803e-68	0.686694771976791	0.439	0.074	2.88778450461189e-64
ctsba	2.38434071755032e-68	1.27833026695825	0.816	0.339	3.46444706260062e-64
glrx	4.0320318293469e-68	1.32096895201147	0.877	0.406	5.85854224804105e-64
si:ch211-160j14.2	1.29842959956415e-67	0.522846145705384	0.259	0.025	1.88661820816671e-63
capns1b	4.45416912997036e-67	1.29772925955661	0.906	0.482	6.47190774584693e-63
aldh2.1	2.67160877167544e-66	1.25207212038062	0.783	0.291	3.88184754524441e-62
si:dkey-69o16.5	7.39397497082604e-66	0.531660353310194	0.288	0.033	1.07434456326102e-61
atox1	1.34210666495654e-65	1.29569980310652	0.868	0.429	1.95008098418186e-61
crabp2b	3.68026450876807e-65	1.17745356919965	0.825	0.319	5.34742433124e-61
capn1a	5.04300601152156e-65	0.743397546554087	0.377	0.058	7.32748773474083e-61
DHDH	8.72765200713996e-65	0.915030728526548	0.453	0.089	1.26812783663744e-60
tmc5	1.82426053772064e-64	0.303977243407831	0.127	0.004	2.65065056130809e-60
park7	5.04037106243549e-64	0.922318304098002	0.509	0.111	7.32365915371877e-60
ehd1a	1.50282193301646e-63	0.537484863952897	0.274	0.03	2.18360026867292e-59
si:ch211-241j12.3	8.76457490377512e-63	0.330946420450745	0.127	0.004	1.27349273351853e-58
myo1ca	4.43797272737606e-62	0.448729047216468	0.231	0.021	6.44837437287741e-58
nupr1a	5.09767460146446e-62	1.37432273342072	0.896	0.438	7.40692119592785e-58
stom	5.45538334610696e-62	0.845920901782485	0.467	0.095	7.92667200189342e-58
tmem9b	1.62710924367183e-61	1.05984808948194	0.656	0.2	2.36418973105517e-57
tpd52l2a	1.90694439737003e-61	0.918677777054938	0.495	0.108	2.77079020937865e-57
dctn3	2.07296404233467e-61	1.29611755354348	0.873	0.464	3.01201675351227e-57
si:ch73-389b16.1	2.6468592279478e-61	0.282408001659106	0.104	0.002	3.84588645820815e-57
tdh	5.40418919391464e-61	1.6898495653259	0.807	0.357	7.85228689875798e-57
pip5k1bb	6.81900941184683e-61	0.677528183043019	0.425	0.076	9.90802067541344e-57
ppiaa	7.31747298559314e-61	0.595011762482175	1	0.997	1.06322882480668e-56
sik1	8.83814857159209e-61	0.875165116928458	0.349	0.055	1.28418298745233e-56
gpr146	1.39367413792157e-60	0.682910196678744	0.292	0.038	2.02500852240005e-56
myh9a	1.57229797328595e-60	0.427979586335653	0.184	0.013	2.28454895518449e-56
gnpda1	3.40212479575686e-60	0.6352382208977	0.382	0.064	4.94328732823472e-56
FP085398.1	3.54980600172879e-60	0.455882111667824	0.193	0.015	5.15786812051194e-56
cox6b2	3.71783448298611e-60	0.872234831675082	1	0.935	5.40201350377882e-56
atp6v0d1	6.50722357557909e-60	1.09296752580854	0.731	0.25	9.45499585531642e-56
actn2b	8.51073159483406e-60	0.485074430518095	0.193	0.015	1.23660930072939e-55
ehd2b	1.86594882882651e-59	0.687536295334561	0.368	0.059	2.71122364828492e-55
sh3d21	2.52080524089917e-59	0.481628304962975	0.222	0.021	3.66273001502649e-55
ehd1b	7.64533686561367e-59	0.980624141063942	0.495	0.116	1.11086744657367e-54
reep5	1.10705703713835e-58	1.13234495706177	0.934	0.595	1.60855387496202e-54
mink1	1.39507685909966e-58	0.327819795986581	0.179	0.013	2.02704667627181e-54
plekha5	1.49764836323382e-58	0.632479523946587	0.302	0.041	2.17608307177874e-54
tubb4b	3.34736354794233e-58	1.15940491115121	1	0.97	4.8637192351602e-54
zc3h7ba	3.81949631742709e-58	0.530795755925607	0.297	0.039	5.54972814922157e-54
nfe2l2a	5.48523189781708e-58	0.904714655444963	0.58	0.152	7.97004194752821e-54
cyb5r3	1.10173697579719e-57	0.848892223006865	0.491	0.114	1.60082382583332e-53
mcoln1a	4.48927272135703e-57	0.452527515780767	0.241	0.026	6.52291326413177e-53
si:cabz01007802.1	4.94074935002503e-57	0.331504493344722	0.132	0.006	7.17890880558637e-53
nenf	7.34606537172059e-57	0.878672999080604	0.561	0.15	1.067383298511e-52
lamtor5	8.07963589125602e-57	0.904908917398017	0.651	0.201	1.1739710949995e-52
atp6ap1b	8.34441937811517e-57	0.700621066692771	0.448	0.093	1.21244413564013e-52
adprh	1.20347751631162e-56	0.579267298546363	0.269	0.034	1.74865283120078e-52
stx12	1.28080037529187e-56	1.04222686685507	0.67	0.219	1.86100294529909e-52
sort1b	3.26274519541603e-56	0.345635415551305	0.137	0.007	4.74076876893949e-52
aph1b	3.39418611986222e-56	0.73236086885668	0.415	0.082	4.93175243215981e-52
pik3c3	3.53252449468585e-56	0.686825775983719	0.368	0.064	5.13275809077854e-52
lrmda	3.87582104925058e-56	0.501909971608297	0.25	0.029	5.6315679845611e-52
amdhd2	5.63947947291468e-56	0.706948814077174	0.425	0.084	8.19416367414503e-52
rabgap1l	1.06626690093084e-55	0.606271708657039	0.358	0.06	1.54928580705251e-51
spns3	4.89127959583173e-55	0.301517803217381	0.146	0.008	7.10702925274351e-51
prdx6	5.96345121978546e-55	1.04682234510415	0.613	0.196	8.66489462234828e-51
cdc42ep3	1.04345964440532e-54	0.569163476891547	0.269	0.034	1.51614686332094e-50
pir	2.22960738120125e-54	0.631029552125774	0.316	0.049	3.23961952488542e-50
zgc:158482	2.25108194219952e-54	0.681697326561997	0.377	0.071	3.27082206201591e-50
tdrd7b	2.81758524960049e-54	0.285131494416539	0.142	0.008	4.09395136766952e-50
aldh16a1	4.80602372558566e-54	0.485399608334956	0.255	0.031	6.98315247327596e-50
cyth1b	9.13804264599176e-54	0.923729262540528	0.552	0.151	1.3277575964626e-49
sft2d1	1.42781123112368e-53	0.776945167518109	0.439	0.094	2.07460971882271e-49
ywhaz	1.90862725838209e-53	1.05597960001576	0.958	0.661	2.77323540642918e-49
dynll2b	5.28045993014198e-53	1.13735752161771	0.755	0.299	7.6725082784963e-49
bnip3lb	5.64409190937687e-53	0.904721705220229	0.59	0.168	8.20086554432459e-49
sptan1	6.47138782208106e-53	0.964767094539583	0.524	0.139	9.40292650548378e-49
pitpnaa	8.32577576866598e-53	0.892745968895092	0.557	0.155	1.20973521918717e-48
cdaa	8.40437308768388e-53	0.395422245453955	0.198	0.018	1.22115540964047e-48
slc15a4	8.54149145000153e-53	0.472561645969051	0.255	0.032	1.24107870768522e-48
sox21a	1.20323335327749e-52	0.354629219133444	0.137	0.008	1.74829806231219e-48
elmo2	1.9474192656965e-52	0.452837720101713	0.208	0.021	2.82960019305702e-48
gyg1b	2.37853597159792e-52	0.540046629285034	0.684	0.191	3.45601276673177e-48
rab14	2.53251890975101e-52	1.11874725123036	0.854	0.455	3.67974997586822e-48
si:ch211-253b8.5	5.81822312930454e-52	0.365967362419487	0.16	0.012	8.4538782068795e-48
atp1b3b	1.00601806709829e-51	0.783059505668776	0.41	0.086	1.46174425149382e-47
gadd45aa	1.0557797828856e-51	0.534983898577595	0.274	0.038	1.53404802453278e-47
tmsb4x	1.06123817600377e-51	0.779457744336209	1	0.987	1.54197906973348e-47
fxyd6l	1.45014441875156e-51	1.0868705742763	0.943	0.637	2.10705984044602e-47
wdr13	1.51803429464108e-51	0.550201763317398	0.344	0.059	2.20570383011349e-47
aqp3a	4.75934637849232e-51	1.90657566777973	0.41	0.092	6.91533028794934e-47
slc22a21	6.39756961373477e-50	0.264214887334428	0.108	0.004	9.29566864875662e-46
arhgef33	6.91607673969814e-50	0.267266254194155	0.104	0.004	1.00490595027814e-45
gpx4a	7.53643510701487e-50	0.977602494970782	0.651	0.233	1.09504402104926e-45
plpp2b	1.21600538581947e-49	0.633762745629092	0.297	0.047	1.76685582559568e-45
mdm2	1.4366683551208e-48	0.780825291725324	0.425	0.097	2.08747911999053e-44
gdi2	1.48188320839395e-48	1.12667780277131	0.906	0.638	2.15317630179641e-44
snapin	1.88347287432667e-48	0.723649628890138	0.491	0.124	2.73668608639665e-44
msra	2.54797537118349e-48	0.433002979979264	0.255	0.035	3.70220821432961e-44
arhgdia	4.92411664313453e-48	0.996888083670409	0.892	0.541	7.15474148247447e-44
arl8ba	5.05958498692664e-48	0.935958065053066	0.509	0.145	7.35157698600441e-44
marcksl1b	6.92729507405936e-48	1.0758345282043	1	0.771	1.00653597426083e-43
mdh1aa	7.87802066530498e-48	0.983518645563966	0.863	0.468	1.14467640266881e-43
ctsc	1.05585243786739e-47	0.637256910519432	0.288	0.046	1.53415359222132e-43
lmo7a	1.20602755278494e-47	0.469248314699564	0.302	0.049	1.75235803419652e-43
arl6ip5b	2.36903890286278e-47	0.818803367843529	0.604	0.181	3.44221352585962e-43
rhoq	9.33766646777247e-47	0.560109768545431	0.358	0.07	1.35676293776734e-42
atp6v1ba	1.639712067061e-46	0.832320153397778	0.632	0.209	2.38250163343963e-42
csnk1e	2.22442600786041e-46	0.555518884286877	0.34	0.063	3.23209098942117e-42
si:dkey-286j15.3	2.41384678822143e-46	0.488566910042533	0.241	0.033	3.50731938328574e-42
ccni	4.14923370509694e-46	0.92656170177289	0.939	0.692	6.02883657350585e-42
pargl	5.20290931201901e-46	0.296893006192612	0.132	0.009	7.55982723036362e-42
kif5ba	1.75141279686103e-45	0.601022399610915	0.255	0.038	2.54480279383907e-41
tfap2c	3.22089568601645e-45	0.370412947546718	0.241	0.033	4.6799614317819e-41
pnp5a	4.15378736804584e-45	0.849031153792619	0.344	0.069	6.0354530457706e-41
spast	6.76808471554828e-45	0.521473014890828	0.316	0.057	9.83402709169165e-41
rgs3a	1.32750091053612e-44	0.323862452093925	0.17	0.016	1.92885882300898e-40
zgc:175088	1.53911791466725e-44	0.721866955913662	0.599	0.199	2.23633833001152e-40
slc38a5b	1.84196278034159e-44	1.11843306964457	0.769	0.399	2.67637191983633e-40
ndfip1	2.70482947057315e-44	0.9992627333946	0.778	0.352	3.93011722074279e-40
cnksr2b	2.85165822895259e-44	0.365440971369137	0.17	0.016	4.14345940666811e-40
pfn2	3.74348676679863e-44	0.876928578447202	0.976	0.853	5.4392862721584e-40
ablim3	4.23155929079188e-44	0.357738346680157	0.179	0.019	6.1484556495206e-40
rorab	5.01639327671183e-44	0.335858232722865	0.16	0.015	7.28881943106229e-40
lgmn	1.07912499591001e-43	0.813636628773749	0.594	0.194	1.56796861905725e-39
dync1i2a	1.21398878326486e-43	0.880549929127709	0.557	0.183	1.76392570208385e-39
hps5	4.26857605650043e-43	0.371049389393488	0.184	0.02	6.20224101009513e-39
BX571715.1	1.08163725165865e-42	0.325022832424001	0.165	0.016	1.57161892666002e-38
CU467646.6	1.69609850210669e-42	0.429142326008439	0.108	0.006	2.46443112356103e-38
tuba8l	3.99264724435382e-42	1.03088992169862	0.887	0.497	5.80131644604611e-38
capns1a	5.39109600494356e-42	0.963761035327831	0.736	0.318	7.83326249518299e-38
psen2	9.74210448764685e-42	0.667305304140126	0.358	0.079	1.41552778205509e-37
gsto2	1.02557104632316e-41	0.645470417981953	0.368	0.083	1.49015473030754e-37
sdr16c5b	1.21433361569423e-41	0.851286538907	0.656	0.248	1.76442674360371e-37
gabarapb	1.80516474685362e-41	0.880061541789523	0.958	0.814	2.6229043771783e-37
gpm6ab	2.02036556885979e-41	0.273357054279608	0.783	0.27	2.93559117155327e-37
lamb1b	3.07046370942239e-41	0.394656007609916	0.193	0.023	4.46138376979073e-37
bloc1s4	6.62430375803389e-41	0.693139165148528	0.42	0.106	9.62511336042325e-37
cd164	7.11173477122468e-41	0.83073078729051	0.542	0.176	1.03333506225895e-36
gstz1	9.32991116272425e-41	0.693986909265753	0.458	0.126	1.35563609194383e-36
zgc:92481	2.44715943970638e-40	0.440977241018966	0.198	0.026	3.55572266589336e-36
oaz2a	2.45146463583196e-40	0.484714353200826	0.269	0.047	3.56197811586383e-36
tpk1	3.76613515982824e-40	0.428974725494091	0.255	0.042	5.47219438723044e-36
si:dkey-4e7.3	1.6543171013124e-39	0.604778042261723	0.264	0.048	2.40372274820692e-35
fam43a	2.4214870893131e-39	0.657344700229629	0.316	0.066	3.51842074077194e-35
ldhba	2.44960556747822e-39	1.12226273907385	0.92	0.65	3.55927688954585e-35
oxr1b	4.10211415689043e-39	0.394406418165493	0.226	0.034	5.96037186996179e-35
ctsz	6.26457128352007e-39	0.762578820382571	0.434	0.123	9.10242207495466e-35
sccpdhb	9.74198433676651e-39	0.615780487845442	0.368	0.087	1.41551032413217e-34
si:ch211-137a8.4	1.18946478244053e-38	0.951204499588308	0.656	0.255	1.7282923288861e-34
morn2	1.30639466095585e-38	0.286280339390828	0.127	0.01	1.89819144236886e-34
cpvl	1.77712472263213e-38	0.805345853962334	0.519	0.175	2.58216222198448e-34
arhgef4	2.82785787091526e-38	0.490772812828358	0.292	0.057	4.10887748643988e-34
id2a	3.10757375875318e-38	1.10686342901644	0.873	0.53	4.51530467146837e-34
pepd	3.41556106841297e-38	0.756743380959459	0.481	0.149	4.96281023240404e-34
atp6v1h	4.83057438845469e-38	0.791150506412849	0.604	0.217	7.01882458642466e-34
rdh14a	5.98968829390666e-38	0.342740038670442	0.198	0.027	8.70301709104638e-34
anxa4	6.76849760413065e-38	0.816678945636904	0.712	0.323	9.83462701880183e-34
si:dkey-24c2.9	8.51448624071846e-38	0.282812813599844	0.146	0.014	1.23715485077639e-33
cops8	9.68562651202106e-38	0.821575987384185	0.608	0.233	1.40732153219666e-33
lamtor3	1.23487788384307e-37	0.733185424128067	0.476	0.15	1.79427756522398e-33
cers5	1.38935453897684e-37	0.443807225962651	0.259	0.047	2.01873214513335e-33
rxrgb	1.47654213917969e-37	0.418584622247337	0.241	0.04	2.14541572822809e-33
mical3b	1.55536955771179e-37	0.570473101233985	0.288	0.057	2.25995196735523e-33
eif4ebp3	2.06486873927695e-37	1.03591983341115	0.547	0.205	3.00025427816941e-33
nccrp1	6.66914903219959e-37	0.657062134327137	0.538	0.172	9.690273543786e-33
dctn4	7.92962404804723e-37	0.85459774754004	0.59	0.223	1.15217437418126e-32
sema6e	1.02088778837048e-36	0.392469555558557	0.226	0.036	1.4833499565023e-32
atp6v1f	2.74163269402803e-36	0.566629532002707	0.354	0.085	3.98359230442273e-32
rpl36a	3.08986155517119e-36	0.493429075685185	1	0.998	4.48956883966374e-32
gdi1	3.97715915214219e-36	0.76996595774186	0.604	0.211	5.7788122480626e-32
LEPROTL1	4.10421050040619e-36	0.926347618801927	0.75	0.388	5.96341785709019e-32
optn	4.26093779920454e-36	0.521896953853784	0.241	0.042	6.1911426222442e-32
prkcea	4.54320477352149e-36	0.437699877101367	0.259	0.048	6.60127653592673e-32
rassf2b	4.78109200308015e-36	0.256736923424602	0.142	0.014	6.94692668047545e-32
rdh8a	5.04623063022857e-36	0.5256849003541	0.387	0.096	7.33217310572211e-32
glb1l	6.21091305103447e-36	0.505979361608373	0.288	0.059	9.02445666315309e-32
cxcl19	6.37721368332049e-36	0.394526725784002	0.118	0.009	9.26609148186468e-32
ece1	1.48823004264729e-35	0.297419218756004	0.17	0.021	2.16239825196652e-31
aamp	2.17860814718748e-35	0.681671276411906	0.491	0.162	3.1655176378634e-31
uchl1	4.65768557468895e-35	0.621904976512771	0.491	0.152	6.76761714002305e-31
msx2b	7.03398060747615e-35	0.875590537020634	0.458	0.145	1.02203738226628e-30
ano10a	1.32376705671687e-34	0.624689279964756	0.363	0.096	1.92343353340961e-30
selenot2	1.87160245968254e-34	0.836092746750753	0.755	0.391	2.71943837391873e-30
cfl2	2.46728391377964e-34	0.473617347648953	0.241	0.044	3.58496352672182e-30
atp5meb	6.93117327351666e-34	0.75911848003726	0.915	0.679	1.00709947664197e-29
slc7a8a	1.21430703402547e-33	0.533127223565367	0.292	0.064	1.76438812043901e-29
dixdc1b	1.29358126894936e-33	0.593808642235165	0.283	0.062	1.87957358378343e-29
psenen	1.73659374922554e-33	0.766960878183601	0.693	0.32	2.52327071762471e-29
slc43a3b	1.8789872560008e-33	0.47732236857859	0.217	0.037	2.73016848296917e-29
cmtm7	1.95388573171616e-33	0.615799755436524	0.557	0.193	2.83899596818358e-29
itm2ba	1.99266186960017e-33	0.841451892663902	0.783	0.445	2.89533769652904e-29
rras2	2.23492201241351e-33	0.566153041804542	0.307	0.071	3.24734168403682e-29
mgst3b	2.54636879224416e-33	0.83697310306263	0.877	0.649	3.69987385513076e-29
washc3	3.1660580653567e-33	0.454180373916299	0.231	0.042	4.60028236896329e-29
magt1	4.22401625851955e-33	0.776978097795402	0.769	0.409	6.13749562362891e-29
man2b1	6.67622732637753e-33	0.483088422750898	0.231	0.043	9.70055830522654e-29
gpa33a	1.01565204761241e-32	0.286454431654652	0.123	0.012	1.47574242518083e-28
sqstm1	1.96187527582747e-32	0.763695799615796	0.448	0.144	2.85060477577731e-28
fam43b	2.27338654178066e-32	0.281221644086984	0.118	0.011	3.3032306452073e-28
rtn3	3.45926254299395e-32	0.74899566397754	0.524	0.19	5.02630847497022e-28
mef2aa	7.45147498520708e-32	0.68116369535309	0.354	0.095	1.08269931535059e-27
krt18b	8.86267733270849e-32	0.788621032902037	0.547	0.208	1.28774701644254e-27
aldh2.2	1.66340034645844e-31	0.446571194192304	0.217	0.039	2.41692070340412e-27
hyi	1.92984965583548e-31	0.388175432869001	0.255	0.052	2.80407154992895e-27
ubl7a	2.14049764640968e-31	0.275148907025252	0.142	0.017	3.11014308023327e-27
dctn5	2.29903624606766e-31	0.762560962378887	0.623	0.269	3.34049966553631e-27
fbp1a	7.85475656731454e-31	0.550632491899565	0.358	0.096	1.1412961292308e-26
man2b2	8.68211756667595e-31	0.320587446655157	0.151	0.02	1.26151168243802e-26
atp5pf	1.11143023709802e-30	0.706800765387702	0.91	0.682	1.61490813450342e-26
cln6a	1.82705771246277e-30	0.415514728073528	0.283	0.064	2.6547148562084e-26
ormdl2	2.22390273386781e-30	0.504672910691312	0.373	0.106	3.23133067230992e-26
shroom2a	2.43973342982558e-30	0.509701313771277	0.288	0.068	3.54493267353656e-26
plekho1b	2.94931825804184e-30	0.313933112291229	0.184	0.029	4.28535942893479e-26
CT583646.2	3.27997691329799e-30	0.313771644660888	0.203	0.036	4.76580645502197e-26
galns	3.9416260270915e-30	0.274510798827475	0.17	0.025	5.72718261736395e-26
dhrs1	5.25721811554431e-30	0.394110808189351	0.25	0.052	7.63873792188588e-26
uevld	5.59952042842181e-30	0.297122576458572	0.132	0.015	8.13610318249688e-26
CABZ01020840.1	5.73099953901561e-30	0.369289804332826	0.189	0.032	8.32714233018969e-26
BX936439.1	6.19484450190725e-30	0.272987100150711	0.108	0.01	9.00110906127124e-26
cox6c	7.15849435908897e-30	0.756610348491658	0.915	0.724	1.04012923037563e-25
hagh	7.53570783370205e-30	0.510460863203911	0.34	0.09	1.09493834823691e-25
galcb	9.77921531977452e-30	0.254901865911608	0.123	0.013	1.42091998596324e-25
lmnl3	2.28964865047278e-29	0.267808726639496	0.16	0.023	3.32685948913695e-25
rps27.2	3.05509116894882e-29	0.542375549764169	0.991	0.965	4.43904746848263e-25
uqcrh	3.24833258699046e-29	0.716748784883862	0.901	0.705	4.71982724889713e-25
actr1	3.83451551775028e-29	0.874857363476582	0.651	0.318	5.57155104729116e-25
plk3	4.50245569321216e-29	0.691178473790025	0.481	0.175	6.54206812223727e-25
ap3d1	7.3117678606519e-29	0.552351581553729	0.41	0.131	1.06239987015272e-24
vps29	1.31539391311404e-28	0.777432110947949	0.722	0.409	1.9112673557547e-24
ved	1.36565956102025e-28	0.286319377397631	0.123	0.014	1.98430334216242e-24
map7d1b	1.46890730733969e-28	0.773864181869962	0.467	0.172	2.13432231756457e-24
chmp4bb	1.70238065799526e-28	0.718363643446948	0.585	0.257	2.47355909606712e-24
ubac1	1.74617337272971e-28	0.345825542207142	0.151	0.021	2.53718991057627e-24
atp5f1e	1.90656551536305e-28	0.676833223811356	0.943	0.802	2.7702396938225e-24
uqcc3	2.70729756735629e-28	0.538080899657222	0.401	0.129	3.93370336536868e-24
stard3	3.14151726650082e-28	0.456983213280376	0.264	0.061	4.56462458822569e-24
dynlt3	3.36854787573826e-28	0.859732693778409	0.825	0.556	4.89450006344769e-24
tollip	4.19973393689958e-28	0.567748209944467	0.42	0.138	6.10221341031509e-24
ndufa3	4.21099609410728e-28	0.742452739896451	0.736	0.409	6.11857732473787e-24
rnf170	4.92228771570692e-28	0.401330775907217	0.269	0.063	7.15208405092215e-24
COX5B	1.32920221654138e-27	0.59463019869497	0.943	0.846	1.93133082063463e-23
hexa	2.06157621338506e-27	0.299833897214356	0.179	0.031	2.99547023804849e-23
ckba	2.15339760389978e-27	0.632835797785268	0.368	0.114	3.12888671846638e-23
etnk1	2.86982107244725e-27	0.305664086967803	0.193	0.036	4.16985001826585e-23
lysmd1	3.73675276237869e-27	0.468980211286199	0.25	0.058	5.42950176373624e-23
sult2st1	3.79671253034536e-27	0.440427071024058	0.193	0.036	5.51662330659181e-23
her8a	5.21578025382184e-27	0.474005461455797	0.25	0.059	7.57852870880313e-23
prdx5	5.37586757120431e-27	0.707356435759259	0.632	0.317	7.81113558095986e-23
inpp5ka	8.00519532340121e-27	0.405384578285774	0.208	0.041	1.1631548804902e-22
slc30a1a	8.99665360952797e-27	1.09642739445376	0.439	0.17	1.30721376946441e-22
spg21	1.13442068340179e-26	0.577468034697722	0.387	0.126	1.6483132529828e-22
b2m	1.19750133867017e-26	0.442730266100801	0.203	0.041	1.73996944508775e-22
gabarapa	1.48104140097361e-26	0.736707569814857	0.689	0.358	2.15195315561465e-22
gpd1a	1.56543829569722e-26	0.442048993758263	0.217	0.046	2.27458184364806e-22
rhocb	1.73412372044895e-26	0.724742381647196	0.58	0.258	2.51968176581233e-22
pkp4	2.61265563335868e-26	0.326540274944378	0.193	0.037	3.79618863527016e-22
glo1	3.95867022795811e-26	0.743431361072819	0.769	0.481	5.75194784122314e-22
rab1ab	4.24698472913259e-26	0.712244486719066	0.84	0.543	6.17086881142966e-22
bloc1s3	4.8113813349667e-26	0.254119444149101	0.193	0.037	6.99093707970661e-22
mgat4b	5.10928803506285e-26	0.415533085175636	0.245	0.056	7.42379551494632e-22
ptp4a3	6.42445459504647e-26	0.695769712146842	0.415	0.152	9.33473252660252e-22
atp5pb	6.58441783433405e-26	0.652556080404323	0.934	0.793	9.56715911328738e-22
hacd2	7.3066592559964e-26	0.664933136333401	0.509	0.203	1.06165758989628e-21
snx15	2.33963903898152e-25	0.42046546165009	0.203	0.042	3.39949552364015e-21
lamtor4	2.59393395883267e-25	0.762360626116382	0.552	0.254	3.76898604218387e-21
glud1a	2.6605755852307e-25	0.596380463666468	0.462	0.174	3.86581632534021e-21
zgc:66433	3.65919822986671e-25	0.513274320715878	0.406	0.139	5.31681502799634e-21
palm1a	5.80601535883222e-25	0.306071925616523	0.241	0.055	8.43614031638321e-21
si:ch73-375g18.1	5.8355402374713e-25	0.262799899428889	0.142	0.021	8.47903996504579e-21
sept7a	8.19924226542157e-25	0.672286517272663	0.684	0.372	1.19134990116575e-20
si:ch73-199g24.2	8.4638343973286e-25	0.345333535519822	0.212	0.046	1.22979513793185e-20
si:zfos-169g10.3	9.16078082923541e-25	0.736345221426879	0.585	0.281	1.3310614544879e-20
si:dkey-263j23.1	1.04336354245472e-24	0.279577243750688	0.165	0.029	1.51600722718671e-20
cryl1	1.72857334435011e-24	0.499462872515336	0.283	0.078	2.51161706934071e-20
sptbn1	1.97986879037464e-24	0.288077383771072	0.146	0.023	2.87674935241435e-20
ccdc32	2.12504001582844e-24	0.710737253411881	0.5	0.217	3.08768314299872e-20
zgc:85789	2.1952624387918e-24	0.404881670039214	0.222	0.051	3.18971632356449e-20
hgsnat	2.26592653093924e-24	0.316953286974463	0.198	0.041	3.29239124945471e-20
scamp3	2.29373637358004e-24	0.480337130314062	0.363	0.115	3.3327989508118e-20
thyn1	2.86183985780814e-24	0.438286416439743	0.217	0.05	4.15825331339523e-20
mtpn	3.06708952593345e-24	0.745042575890047	0.816	0.55	4.45648108118131e-20
vat1	3.85337811780606e-24	0.470887448967857	0.561	0.237	5.5989584051722e-20
mettl9	7.1805373506732e-24	0.42020597519403	0.245	0.062	1.04333207705282e-19
cpped1	8.63967267587707e-24	0.292705714035718	0.17	0.032	1.25534443980494e-19
soul3	9.16092339424879e-24	0.458511655803282	0.245	0.062	1.33108216918435e-19
f10	9.24744815081309e-24	0.480763937434277	0.377	0.126	1.34365421631314e-19
acsl1a	1.49897459182478e-23	0.371673367414198	0.264	0.068	2.17801008192141e-19
nck1a	2.44949343606354e-23	0.494949063758816	0.486	0.19	3.55911396260032e-19
trappc6b	2.5904329477792e-23	0.381877024588936	0.311	0.091	3.76389907312318e-19
ppp2r5d	2.98077998277265e-23	0.553264254586596	0.401	0.148	4.33107331496866e-19
bloc1s5	3.09893980281754e-23	0.35393215509779	0.217	0.05	4.50275953349388e-19
mdh2	3.11148370323541e-23	0.586268051321864	0.892	0.704	4.52098582080105e-19
atg10	3.49556030833784e-23	0.284846969043345	0.179	0.035	5.07904912801488e-19
nkain1	4.08719364898412e-23	0.708049765407227	0.599	0.295	5.93869237197393e-19
ppt1	4.46389540422446e-23	0.798218701664621	0.693	0.401	6.48604002233814e-19
dap1b	4.76915388745709e-23	0.838612783748223	0.802	0.553	6.92958059847516e-19
rpl29	4.84119557882721e-23	0.439323950592817	0.995	0.996	7.03425717603593e-19
commd8	5.64350776658816e-23	0.561286209907079	0.354	0.121	8.2000167848526e-19
rell1	7.23417365463715e-23	0.347489003387781	0.255	0.067	1.05112543201878e-18
arrb2b	7.42955962551383e-23	0.685753444533021	0.368	0.13	1.07951501358716e-18
map1lc3a	7.65028638790214e-23	0.730299290537288	0.637	0.326	1.11158661216218e-18
ccng2	7.65231124881343e-23	1.00679506545115	0.708	0.426	1.11188082445259e-18
faxdc2	1.13744813922272e-22	0.354437168727351	0.217	0.051	1.65271214629062e-18
ctsa	1.13749577082204e-22	0.488099329425314	0.307	0.094	1.65278135500442e-18
txn	1.52833801489301e-22	0.966646097211616	0.344	0.114	2.22067513563954e-18
gmps	1.63700458465443e-22	0.528637582808958	0.382	0.138	2.37856766150289e-18
capza1a	2.18861083624646e-22	0.68763335245445	0.83	0.6	3.18005154506611e-18
romo1	2.49145254226203e-22	0.610611994461851	0.906	0.768	3.62008054390673e-18
cox7c	2.82558071501598e-22	0.550224703524324	0.939	0.814	4.10556877891822e-18
si:ch211-204a13.2	3.18395062320527e-22	0.359281695338944	0.231	0.058	4.62628025551726e-18
sypl2a	3.940418438519e-22	0.469087328424115	0.363	0.126	5.72542799116811e-18
hdlbpa	4.52633305450624e-22	0.639316072873974	0.613	0.325	6.57676192819757e-18
zfyve21	5.53015496018683e-22	0.530652925209935	0.392	0.143	8.03531515715147e-18
tmem110l	5.83878285939951e-22	0.403388854298334	0.264	0.074	8.48375149470749e-18
per2	5.91652346732758e-22	0.281691762133265	0.16	0.03	8.59670859802697e-18
med23	6.07744521199824e-22	0.38213082135618	0.231	0.059	8.83052789303344e-18
ppiab	6.08900675207896e-22	0.434157341969311	0.995	0.977	8.84732681077073e-18
atp5mc3b	8.35952748162059e-22	0.448415580268889	0.981	0.945	1.21463934307947e-17
rspry1	8.37483592834476e-22	0.398396407965748	0.302	0.091	1.21686366038849e-17
ndufa7	1.01914030324315e-21	0.62627543178027	0.561	0.276	1.4808108606123e-17
uchl3	1.6088609064704e-21	0.58666117777572	0.425	0.172	2.33767489710149e-17
TMEM19	1.68466949090674e-21	0.286375308123701	0.335	0.108	2.4478247702875e-17
rraga	2.00695360115854e-21	0.613222798255759	0.453	0.189	2.91610358248335e-17
selenou1a	3.10913581650042e-21	0.624672109913891	0.486	0.217	4.51757434137511e-17
lipf	3.24807206371589e-21	0.338955044446944	0.241	0.064	4.71944870857919e-17
tbxas1	3.63073239350772e-21	0.284193295100525	0.17	0.034	5.27545416776671e-17
lhfpl2b	4.45809414283847e-21	0.436347187441338	0.335	0.114	6.4776107895443e-17
evla	6.21976094415882e-21	0.444836514232996	0.274	0.08	9.03731265186276e-17
anxa11b	6.74366156144171e-21	0.678461661717192	0.778	0.504	9.79854024877481e-17
reep3a	8.00887280495481e-21	0.33306937649245	0.175	0.037	1.16368921855993e-16
cyb5r1	8.2539808318728e-21	0.383071982615924	0.245	0.067	1.19930341487112e-16
sept9a	8.46134746854871e-21	0.458713423461813	0.42	0.163	1.22943378718013e-16
si:ch211-122f10.4	9.56393647640214e-21	0.284532521971613	0.165	0.034	1.38963997002123e-16
snai2	1.71099794787503e-20	0.61491207876887	0.481	0.21	2.48608001826241e-16
ggh	1.89914744212855e-20	0.293722761306905	0.189	0.043	2.75946123341278e-16
mob1ba	3.24957689263291e-20	0.603513732730031	0.41	0.169	4.72163522499562e-16
metrnla	4.1871985257484e-20	0.734400752259326	0.547	0.276	6.08399945791243e-16
rpl22	6.18500699449468e-20	0.341406301078452	1	0.994	8.98681516300077e-16
dhdhl	7.11288796109812e-20	0.297173099966219	0.16	0.033	1.03350262074756e-15
arpc3	7.17974923560409e-20	0.576932783041311	0.882	0.678	1.04321756393327e-15
wbp2nl	7.66295568300099e-20	0.498798470328096	0.429	0.176	1.11342746074004e-15
chmp1b	8.04595849419926e-20	0.644463434927214	0.651	0.368	1.16907776920715e-15
ndufb7	8.11057075275042e-20	0.636696173451455	0.745	0.491	1.17846593037464e-15
isca2	8.47081813943845e-20	0.409815319240206	0.297	0.096	1.23080987566041e-15
mtap	8.91827103571835e-20	0.483419912389713	0.382	0.148	1.29582478148988e-15
fam171a2a	9.00017313678393e-20	0.347805070216961	0.283	0.087	1.30772515677471e-15
slc30a4	9.21218959647937e-20	0.309792497336865	0.179	0.041	1.33853114836845e-15
top1mt	1.09222667404342e-19	0.312585340473189	0.132	0.024	1.58700535738508e-15
ccdc22	1.18603621763173e-19	0.375604215309109	0.241	0.069	1.7233106242189e-15
nde1	1.29383994421102e-19	0.361920274286513	0.264	0.08	1.87994943893861e-15
rap1b	1.35975489153424e-19	0.612955965690758	0.731	0.466	1.97572385739926e-15
rgrb	1.5585469305056e-19	0.407517584529867	0.241	0.068	2.26456869002464e-15
phactr2	1.56112162944151e-19	0.29016623206499	0.137	0.025	2.26830972757851e-15
crestin	1.68943689348954e-19	0.251607948310822	0.104	0.015	2.45475180624031e-15
aifm2	1.69618223100431e-19	0.632224375903672	0.415	0.177	2.46455278164926e-15
creg1	2.70928696884898e-19	0.502122964149348	0.264	0.082	3.93659396573757e-15
stambpa	3.6895333466971e-19	0.547091415035099	0.358	0.135	5.36089195275088e-15
txnrd3	3.78532571686594e-19	0.561149166305656	0.542	0.265	5.50007826660621e-15
coa6	3.80069894834265e-19	0.518792781881581	0.467	0.207	5.52241557194187e-15
znf593	3.88465330783823e-19	0.535813851175341	0.495	0.233	5.64440125628895e-15
snx9b	4.17772201595686e-19	0.483921771189914	0.42	0.169	6.07023008918532e-15
nuak2	4.87667648548163e-19	0.424744013683057	0.325	0.115	7.08581093340481e-15
nfu1	5.06120838373934e-19	0.472392422072096	0.33	0.119	7.35393578157326e-15
phyhd1	5.36984246597519e-19	0.386833866192051	0.212	0.057	7.80238110306195e-15
rassf2a	5.5783305923647e-19	0.331666770372802	0.203	0.052	8.10531435070591e-15
CDPF1	7.2927696760305e-19	0.622987175155974	0.368	0.149	1.05963943392723e-14
cdc42	8.77767187729776e-19	0.527011569811236	0.901	0.728	1.27539572377137e-14
furinb	9.3691229432176e-19	0.279517727590925	0.132	0.025	1.36133356364952e-14
serinc1	1.0405014243218e-18	0.561650100850261	0.684	0.399	1.51184856953958e-14
vps16	1.17281537920858e-18	0.315344751855162	0.217	0.058	1.70410074599007e-14
rhbdf1a	1.23806221645702e-18	0.460618294663001	0.321	0.113	1.79890440051205e-14
ginm1	1.28297769747583e-18	0.587371345809265	0.528	0.258	1.86416659443238e-14
sox10	1.50912211842248e-18	0.324741382482351	0.585	0.262	2.19275443806787e-14
gstm.2	1.87030441112559e-18	0.294210811540549	0.151	0.032	2.71755230936549e-14
gpx4b	1.93365186666157e-18	0.61822463666055	0.816	0.621	2.80959616225926e-14
tex264a	2.01045182065155e-18	0.378715896145808	0.283	0.093	2.9211864954067e-14
nudt5	2.03786314287417e-18	0.495602259208599	0.344	0.131	2.96101514659617e-14
idh3b	2.10250793106451e-18	0.453408146955369	0.297	0.103	3.05494402383673e-14
cyba	2.55626410661089e-18	0.251279015037805	0.175	0.041	3.71425174690563e-14
glmp	2.98508754805044e-18	0.44063747156572	0.302	0.105	4.33733220731729e-14
zgc:153867	3.78831835631117e-18	0.354849236995078	0.981	0.836	5.50442657172013e-14
eif4ebp1	3.80442442879814e-18	0.679629157423955	0.689	0.426	5.52782869504369e-14
chst2a	3.98016527664913e-18	0.376697369482089	0.236	0.07	5.78318014697118e-14
nr4a3	4.2657083434248e-18	0.397907229091822	0.198	0.052	6.19807422299624e-14
STMP1	5.03736609375249e-18	0.63664202706488	0.642	0.384	7.31929293422237e-14
cript	5.28388459983714e-18	0.367222426769168	0.245	0.075	7.67748432356337e-14
acy1.1	6.17400685391001e-18	0.298307337378028	0.189	0.048	8.97083195873125e-14
cyp2v1	6.44568559826968e-18	0.311089040299663	0.165	0.039	9.36558117428584e-14
atp2b2.1	7.17365120990643e-18	0.518221867831495	0.448	0.202	1.0423315207994e-13
sdr16c5a	7.43396891711363e-18	0.327957592438485	0.212	0.059	1.08015568365661e-13
lxn	9.1227740556502e-18	0.250485019173272	0.259	0.08	1.32553907028597e-13
ndufa2	9.4997948928251e-18	0.570471080670362	0.656	0.389	1.38032019792749e-13
snx3	1.32076770364277e-17	0.571353955015469	0.538	0.279	1.91907547339294e-13
ndufa5	1.52254098222726e-17	0.641240655820145	0.675	0.43	2.21225204717621e-13
cndp2	1.80658527525125e-17	0.59900192119699	0.42	0.194	2.62496840494006e-13
slc25a3b	1.88042529403311e-17	0.475647387537407	0.967	0.899	2.7322579522301e-13
gna12a	2.28588376825451e-17	0.323190606049497	0.236	0.07	3.3213891152738e-13
cmtm3	2.540097103068e-17	0.421756629333591	0.316	0.116	3.6907610907578e-13
phkg2	2.81901338632371e-17	0.378345721431652	0.297	0.104	4.09602645032835e-13
commd2	4.4340625864705e-17	0.492827347209982	0.358	0.145	6.44269293814163e-13
pik3r2	6.48210547133548e-17	0.367335137053521	0.264	0.088	9.41849924985045e-13
cox4i1	6.94038157366927e-17	0.448192995901273	0.953	0.843	1.00843744265414e-12
wdr83os	8.49953445004048e-17	0.635471876882761	0.627	0.383	1.23498235559088e-12
zgc:100829	9.38210700611101e-17	0.469907383785844	0.453	0.212	1.36322014798793e-12
scamp4	9.39239277558555e-17	0.360168671271895	0.198	0.055	1.36471467029258e-12
rpl12	9.61069701785659e-17	0.335784111996629	1	0.997	1.39643427669456e-12
serpinb1l3	9.80194289804352e-17	0.344680201800496	0.245	0.078	1.42422230308572e-12
lpin1	1.03376570792404e-16	0.265870406394511	0.151	0.034	1.50206157361363e-12
rplp2	1.0422403076476e-16	0.26343633932064	0.995	0.997	1.51437516701197e-12
abhd17b	1.36446298520753e-16	0.489621755674519	0.401	0.17	1.98256471750654e-12
si:ch211-242b18.1	1.51593861802876e-16	0.374030326594301	0.226	0.069	2.2026588119958e-12
mhc1zba	1.66061750294804e-16	0.357937360593476	0.269	0.09	2.4128772317835e-12
crlf3	1.73878108326519e-16	0.384365355190971	0.283	0.101	2.52644891398432e-12
trappc2l	2.34481792999809e-16	0.497339018426698	0.448	0.209	3.40702045228722e-12
bloc1s1	2.39499538021039e-16	0.378482738872924	0.354	0.137	3.4799282874457e-12
eef1da	2.45176695705546e-16	0.428967007165192	0.958	0.801	3.56241738860159e-12
vps35	2.69570691552444e-16	0.519474276162307	0.467	0.224	3.91686214825702e-12
pkma	2.7450104579489e-16	0.364300515729638	0.42	0.177	3.98850019539975e-12
sesn3	3.63786560365238e-16	0.374774248315884	0.231	0.072	5.28581872210691e-12
cib1	3.86357995275434e-16	0.524010156068971	0.481	0.237	5.61378167135206e-12
chmp2bb	4.06138765232084e-16	0.549274789259628	0.481	0.241	5.90119625882219e-12
fuca2	4.51790617588177e-16	0.318780236819441	0.283	0.098	6.56451767355621e-12
si:dkey-222f8.3	4.57555036908984e-16	0.448933720078124	0.495	0.236	6.64827468628754e-12
eif3i	5.29394700669586e-16	0.506631526837598	0.915	0.772	7.69210500072908e-12
rnf14	5.54252405488529e-16	0.339715128182903	0.217	0.066	8.05328745174833e-12
lgals3a	5.80263136197292e-16	0.501319440252749	0.618	0.346	8.43122336894665e-12
gdap2	6.36017565151748e-16	0.280766961119779	0.17	0.044	9.2413352216549e-12
blvrb	7.87328981953988e-16	0.431114156457653	0.292	0.108	1.14398901077914e-11
nudt17	8.16503232938056e-16	0.297380620601996	0.189	0.052	1.186379197459e-11
chmp5b	8.49104038374283e-16	0.539502816399587	0.693	0.429	1.23374816775783e-11
exoc6b	1.06431832874152e-15	0.30012529546346	0.198	0.057	1.54645453166143e-11
pef1	1.24460676787746e-15	0.483834183020119	0.481	0.238	1.80841363372595e-11
zdhhc6	1.30911389926853e-15	0.362802356762174	0.241	0.08	1.90214249563717e-11
aplp2	1.37793467482789e-15	0.362792552837926	0.184	0.051	2.00213908252492e-11
plekhj1	1.43197582333805e-15	0.331791214219972	0.212	0.065	2.08066087131019e-11
sgce	1.74021007834986e-15	0.50862910861811	0.519	0.266	2.52852524384234e-11
litaf	1.80538238130219e-15	0.376731722155949	0.42	0.183	2.62322060003209e-11
zgc:153372	1.90262908228191e-15	0.307703819638403	0.222	0.069	2.76452005655561e-11
cited4b	2.06997778134309e-15	0.596936001422712	0.514	0.265	3.00767771629151e-11
atp6v1d	2.33611502915478e-15	0.350497030781159	0.288	0.105	3.39437513736189e-11
ndufb9	2.34527307635017e-15	0.594209534959365	0.783	0.575	3.4076817799368e-11
rnf13	3.27994362340306e-15	0.41366151259759	0.358	0.15	4.76575808480465e-11
med30	3.72816709926028e-15	0.37221486477895	0.269	0.095	5.41702679522519e-11
anxa3b	4.13395181321827e-15	0.475382213061614	0.571	0.308	6.00663198460615e-11
sdhb	4.82744729897111e-15	0.538904808464874	0.585	0.341	7.01428092540502e-11
tmem189	5.51426037172702e-15	0.382688785310736	0.335	0.134	8.01222032011935e-11
tmem30ab	5.75252256337107e-15	0.442531856370165	0.41	0.186	8.35841528457817e-11
taok1a	5.88826959600425e-15	0.412069775246113	0.212	0.066	8.55565572299418e-11
atp6v1c1a	5.90757239670352e-15	0.407206844243938	0.392	0.173	8.58370269241021e-11
mthfs	5.99629744969958e-15	0.254141943423197	0.16	0.042	8.71262019441349e-11
vdac1	6.57840818018138e-15	0.471549966911199	0.873	0.747	9.55842708580355e-11
psph	7.31829172651599e-15	0.41627879729899	0.41	0.187	1.06334778786277e-10
tax1bp3	7.74011492549588e-15	0.517875604240647	0.491	0.253	1.12463869867455e-10
fam3a	1.12016804009986e-14	0.407412182032229	0.335	0.139	1.6276041622651e-10
tpm3	1.42862232016805e-14	0.446024628170181	0.863	0.668	2.07578823120418e-10
scamp2	1.54385295432397e-14	0.487525232052252	0.358	0.162	2.24321834263273e-10
tecrb	1.85399579715564e-14	0.434235987878502	0.358	0.156	2.69385589326714e-10
got2b	1.91903946438689e-14	0.413269522090457	0.557	0.294	2.78836434175414e-10
uqcrq	2.53868611221907e-14	0.510091575777168	0.821	0.595	3.6887109210543e-10
creg2	2.64222305355004e-14	0.414848841957378	0.363	0.159	3.83915009680821e-10
gtf2b	3.29012406384756e-14	0.468717081963187	0.472	0.238	4.7805502647705e-10
kpnb3	4.23629194396497e-14	0.454106580626777	0.358	0.162	6.1553321945811e-10
dap	4.23919444022492e-14	0.530353946749067	0.656	0.425	6.1595495216468e-10
pfdn4	4.74519123918036e-14	0.570911623809351	0.722	0.531	6.89476287052906e-10
TXN	5.08089769082984e-14	0.345287094766857	1	0.914	7.38254434477576e-10
sptssa	5.91660803865585e-14	0.480167856142355	0.448	0.222	8.59683148016695e-10
exoc7	6.36139984706525e-14	0.307169853312908	0.264	0.096	9.24311397778581e-10
ndufa4l	6.84620673818066e-14	0.403200027412971	0.953	0.877	9.9475383905765e-10
pfn2l	7.13859558580557e-14	0.523470126967896	0.906	0.763	1.03723793861755e-09
gmfb	7.8777182249753e-14	0.519403752695692	0.665	0.439	1.14463245808891e-09
fam162a	8.07752039798132e-14	0.439858463758365	0.373	0.175	1.17366371382669e-09
vta1	9.34733414815407e-14	0.440936709337463	0.476	0.248	1.35816765172679e-09
higd2a	1.05530568065995e-13	0.441776594003375	0.481	0.251	1.53335915399891e-09
gb:bc139872	1.2417999488621e-13	0.345230681131015	0.316	0.127	1.80433532569664e-09
lamtor2	1.28300804713151e-13	0.469391283081865	0.495	0.27	1.86421069248208e-09
emc7	1.35940584416206e-13	0.511057717020224	0.514	0.284	1.97521669156747e-09
pdcd6ip	1.51724238387079e-13	0.378021363059601	0.335	0.145	2.20455318376426e-09
atp5l	1.61959649158901e-13	0.37327642117042	0.967	0.874	2.35327370227883e-09
tmem134	1.67921077864579e-13	0.445447519050794	0.358	0.167	2.43989326137233e-09
slc25a12	1.80958846656289e-13	0.328787281130044	0.278	0.108	2.62933204191588e-09
cox6a1	1.82273068644059e-13	0.415228435693954	0.934	0.828	2.64842768739818e-09
arf2a	1.90584598358062e-13	0.484763304024476	0.627	0.389	2.76919421414264e-09
ppp2r1bb	1.96371332249619e-13	0.468460352619014	0.519	0.289	2.85327545758697e-09
eef1db	2.03060022220655e-13	0.431794324410736	0.925	0.798	2.95046212286612e-09
sdcbp2	2.05686039149353e-13	0.43912904748696	0.778	0.57	2.9886181488401e-09
ndufb2	2.13140357543875e-13	0.526299434765478	0.708	0.487	3.0969293951125e-09
smim8	2.23884795467682e-13	0.326373330226675	0.208	0.07	3.25304607814542e-09
gyg1a	2.27328944237406e-13	0.317165171417063	0.358	0.154	3.3030895597695e-09
zgc:163080	2.49323793010164e-13	0.439723972753864	0.335	0.148	3.62267471243768e-09
mylipa	2.58977452668087e-13	0.251876667311392	0.189	0.058	3.76294238726731e-09
id3	3.39025089934897e-13	0.496207789736113	0.717	0.489	4.92603455675405e-09
pgd	3.99124536953744e-13	0.480894192188812	0.335	0.146	5.79927952193790e-09
tpi1b	4.31563409729732e-13	0.359374897903175	0.608	0.351	6.27061634337301e-09
ska2	5.19026041643741e-13	0.349015223006565	0.274	0.109	7.54144838508355e-09
tspo	8.57065198445636e-13	0.275646503655149	0.292	0.117	1.24531573334151e-08
selenok	9.13362249019511e-13	0.406067755921176	0.5	0.259	1.32711534782535e-08
net1	9.48013680586543e-13	0.376217908211902	0.646	0.392	1.37746387789225e-08
ndc80	1.08532070349731e-12	0.332508546467553	0.222	0.079	1.5769709821816e-08
gclc	1.09599631283837e-12	0.335043053821694	0.241	0.09	1.59248264255415e-08
ap2m1a	1.13088776335703e-12	0.402650782980215	0.835	0.678	1.64317992015777e-08
atp6v0b	1.64613611194209e-12	0.406836738772697	0.392	0.187	2.39183577065186e-08
adipor2	1.88983789665138e-12	0.419377439588232	0.476	0.245	2.74593446383446e-08
cab39l	1.94476028415631e-12	0.433367525606516	0.5	0.267	2.82573669287912e-08
fth1b	2.01252769086199e-12	0.252083632198344	0.123	0.03	2.92420273482248e-08
hmbsb	2.26916213154956e-12	0.27262969770055	0.123	0.031	3.29709257714151e-08
lyrm4	2.5014415839209e-12	0.527374035276445	0.349	0.17	3.63459462143706e-08
tbc1d5	2.61211061017584e-12	0.30018340546108	0.231	0.085	3.79539671658549e-08
ppdpfa	3.30254105411728e-12	0.818974704419307	0.415	0.225	4.79859215163241e-08
ptgr1	3.53054104152131e-12	0.921261917983863	0.623	0.456	5.12987613333047e-08
rnf181	3.89655224014958e-12	0.29894120483774	0.193	0.066	5.66169040493734e-08
cs	4.14336092506714e-12	0.494559767588393	0.476	0.268	6.02030342412256e-08
ndufv3	4.81468626699992e-12	0.478304438402468	0.486	0.281	6.99573914595088e-08
atp5f1d	4.82124177456203e-12	0.399459417414449	0.835	0.664	7.00526429843863e-08
smad1	4.86378405904849e-12	0.333868546471847	0.358	0.165	7.06707823779746e-08
ube2al	4.90976094223623e-12	0.440856552752606	0.392	0.194	7.13388264906925e-08
dldh	6.49636047303242e-12	0.44109051634015	0.599	0.383	9.43921176731611e-08
uqcrfs1	6.73194054501287e-12	0.461148064415204	0.722	0.518	9.7815096119037e-08
commd4	6.99627626284414e-12	0.318449752234553	0.274	0.113	1.01655894099125e-07
gsta.1	7.24261699015178e-12	0.343940311529934	0.354	0.177	1.05235224866905e-07
si:zfos-1192g2.3	7.38928753718413e-12	0.427194676751267	0.486	0.271	1.07366347915285e-07
napab	7.74930984033991e-12	0.507525959985157	0.542	0.323	1.12597471980139e-07
atp1a1a.1	9.54928712238407e-12	0.468910586729474	0.722	0.493	1.38751141888241e-07
vdac2	1.06658601362097e-11	0.345358784251117	0.939	0.844	1.54974947779127e-07
tmem256	1.56926797944193e-11	0.333967625173555	0.274	0.113	2.28014637412912e-07
bckdhb	1.57651962475606e-11	0.496627694849629	0.472	0.27	2.29068301477056e-07
ndufa11	1.6536058624944e-11	0.469746765342256	0.613	0.412	2.40268931820436e-07
acat1	2.21999628283881e-11	0.451196429900219	0.377	0.194	3.2256545989648e-07
mapk12a	2.22063216973261e-11	0.26274647831355	0.156	0.048	3.22657854262148e-07
pi4k2b	2.29115684272066e-11	0.290074517347358	0.179	0.061	3.32905089247312e-07
ywhaqa	2.38754266543287e-11	0.48030964549927	0.679	0.471	3.46909949287396e-07
rab3ip	2.5930600199486e-11	0.418480357321755	0.382	0.192	3.76771620898531e-07
slc11a2	2.82322422259439e-11	0.348413665618683	0.325	0.151	4.10214479542964e-07
ssuh2rs1	3.12188956540387e-11	0.454924534326882	0.571	0.35	4.53610553853182e-07
ugp2b	3.33558286047916e-11	0.363189286705232	0.349	0.167	4.84660189627622e-07
anapc11	3.67022217702124e-11	0.488802440541226	0.429	0.241	5.33283282321186e-07
tprkb	3.88569053207028e-11	0.288382148003226	0.231	0.092	5.64590834309811e-07
si:ch211-140m22.7	3.93754632032116e-11	0.272856531100577	0.34	0.156	5.72125480342664e-07
gnb1a	4.3644835065487e-11	0.426902697254577	0.755	0.566	6.34159453501526e-07
rpl37	4.48498409604179e-11	0.252944980184583	0.16	0.052	6.51668189154872e-07
sept2	4.77324564245505e-11	0.453391959465964	0.693	0.489	6.93552591848718e-07
atg3	4.78891976521402e-11	0.355432102437899	0.302	0.137	6.95830041885598e-07
zgc:77439	4.96729114224229e-11	0.290732489878354	0.184	0.065	7.21747402967805e-07
prkar2aa	5.37824465443292e-11	0.450199911417024	0.458	0.257	7.81458948289103e-07
tmem59	5.40643179563051e-11	0.326374379996564	0.453	0.234	7.85554539905114e-07
sdhc	6.61932264345147e-11	0.457217069634566	0.623	0.416	9.61787580093499e-07
myl6	7.621876527036e-11	0.405399438372414	0.542	0.325	1.10745865937833e-06
commd7	9.12019446392372e-11	0.391156655846747	0.42	0.227	1.32516425560812e-06
tmem198b	9.5523511093293e-11	0.338754742235634	0.269	0.116	1.38795661618555e-06
tbx2a	1.07616531560768e-10	0.313630401362858	0.292	0.132	1.56366820357796e-06
fundc1	1.15207219850655e-10	0.260542177388862	0.505	0.276	1.67396090443002e-06
ppm1la	1.16365358711044e-10	0.384203303592812	0.34	0.164	1.69078866207147e-06
cdc42se1	1.21492273538228e-10	0.250337303414522	0.335	0.154	1.76528273451046e-06
rabac1	1.21808512083192e-10	0.348624992252682	0.307	0.139	1.76987768056879e-06
commd3	1.26507198240888e-10	0.349478622138129	0.358	0.176	1.8381495904401e-06
si:ch211-235e9.6	1.53108754884126e-10	0.390642798991382	0.561	0.352	2.22467020846634e-06
slc30a7	1.82337293729286e-10	0.384179075653729	0.387	0.199	2.64936087788652e-06
sec24b	1.94140385855644e-10	0.250130681890459	0.156	0.051	2.82085980648251e-06
wsb1	2.09605113029453e-10	0.348775306493145	0.34	0.166	3.04556229231795e-06
vps26c	2.27464340788905e-10	0.380921150757097	0.392	0.207	3.30505687166279e-06
lama4	2.46186729890926e-10	0.275257764615502	0.203	0.076	3.57709318531515e-06
bckdk	2.77201112937539e-10	0.321364957100657	0.42	0.217	4.02773217098244e-06
map1sa	2.93183759794791e-10	0.253177437573111	0.179	0.064	4.25996002981832e-06
zgc:56699	3.78379811385227e-10	0.331688923380302	0.226	0.095	5.49785865942736e-06
ndufa1	3.80857754193152e-10	0.469825608919986	0.684	0.51	5.5338631684265e-06
prkag2a	4.36449253297875e-10	0.275732074147145	0.137	0.043	6.34160765041813e-06
crip1	4.46396131760067e-10	0.298003469028057	0.17	0.06	6.48613579447377e-06
acadl	4.7452730552327e-10	0.307522817168884	0.307	0.142	6.89488174925312e-06
impa1	4.75747939190533e-10	0.341339362570577	0.264	0.119	6.91261755643844e-06
isca1	4.82435338489211e-10	0.373682779568359	0.425	0.237	7.00978546824823e-06
pno1	5.07041405635621e-10	0.428351932884409	0.675	0.467	7.36731162388557e-06
skp1	7.46140437732854e-10	0.376663114164646	0.896	0.787	1.08414205602584e-05
stam2	7.5917402147616e-10	0.317023821795771	0.198	0.078	1.10307985320486e-05
aldh6a1	7.71510705279891e-10	0.450099229447432	0.58	0.4	1.12100505477168e-05
gnptg	7.99135147164325e-10	0.313861286542421	0.292	0.138	1.16114336882976e-05
fh	1.76241355169572e-09	0.330772090755521	0.377	0.204	2.56078689061388e-05
idh2	1.82354284779678e-09	0.395970273000657	0.925	0.781	2.64960775784872e-05
atp6v1e1a	1.87531436214611e-09	0.305994500620445	0.34	0.17	2.7248317681983e-05
zgc:162944	2.2470495484749e-09	0.436587711717234	0.632	0.436	3.26496299393403e-05
nfkbiab	2.40569555669527e-09	0.472607125298492	0.533	0.345	3.49547564387823e-05
plpp5	2.41783779857324e-09	0.288886571609199	0.316	0.155	3.51311832132692e-05
atp5fa1	3.41075014874273e-09	0.36305626577656	0.925	0.807	4.95581996612319e-05
nfkbiaa	3.86165351213274e-09	0.496441150427379	0.189	0.074	5.61098255312887e-05
lzic	4.69138362299378e-09	0.326671000889944	0.264	0.125	6.81658040420997e-05
zfyve27	5.12620358103631e-09	0.262763033730212	0.198	0.081	7.44837380324576e-05
ndufa6	8.02308718404058e-09	0.396922351874923	0.75	0.602	0.00011657545678411
akt1s1	8.02823537918824e-09	0.359502814277302	0.524	0.328	0.000116650260059605
echs1	9.29495250554065e-09	0.39198574726648	0.481	0.301	0.000135055659905506
npc2	1.00152115839347e-08	0.331016410832166	0.637	0.435	0.000145521024314571
zgc:65873	1.05977035146198e-08	0.340123772276896	0.448	0.268	0.000153984632067425
tsc22d3	1.21749439112807e-08	0.363334493393128	0.528	0.345	0.000176901935030909
rps27l	1.32746066344906e-08	0.319863099186704	0.623	0.444	0.000192880034399149
acadm	1.33700742883504e-08	0.426384204216982	0.415	0.249	0.000194267179409731
bloc1s2	1.76997125050652e-08	0.343646685820015	0.363	0.2	0.000257176822698598
ISCU (1 of many)	2.00360011417902e-08	0.360738690034164	0.528	0.344	0.000291123096590212
smim12	2.06073883700027e-08	0.352049406458424	0.259	0.126	0.000299425353016139
zgc:193541	2.37282556984929e-08	0.282738207707547	0.915	0.828	0.000344771555299103
syf2	2.90628965495962e-08	0.403218437077793	0.693	0.514	0.000422283886865633
fkbp1aa	3.05030410663172e-08	0.255161566671449	1	0.962	0.000443209186693589
ndufc2	3.08191329671442e-08	0.405545991770469	0.646	0.484	0.000447802002012605
cfl1	3.72520137115447e-08	0.29949447031479	0.995	0.977	0.000541271759228744
commd5	3.78844139638651e-08	0.275827363152559	0.179	0.074	0.00055046053489496
gstm.1	4.96761897397144e-08	0.39022574689426	0.467	0.303	0.00072179503691805
ak4	4.99468031033815e-08	0.25800031166076	0.259	0.125	0.000725727049092134
ndufb8	5.3160365623866e-08	0.29349238023003	0.811	0.684	0.000772420112514774
rnf10	5.70585924312273e-08	0.422965829788981	0.736	0.565	0.000829061348025732
svbp	5.91795168591228e-08	0.27854049717645	0.231	0.109	0.000859878379963054
NDUFB1	1.00178718700016e-07	0.26440228036089	0.255	0.124	0.00145559678271124
mrpl53	1.01089852474969e-07	0.379717099446529	0.33	0.184	0.0014688355564613
rnf7	1.07834567562313e-07	0.389323847369465	0.552	0.381	0.0015668362666804
ralaa	1.10475276466782e-07	0.311333600773901	0.25	0.122	0.00160520576706234
rab11a	1.22039595959159e-07	0.419366844173226	0.604	0.419	0.00177323532928658
gabarapl2	2.03091563505678e-07	0.279264306229593	0.505	0.323	0.0029509204177375
slc25a55a	2.08932789178532e-07	0.375166888597601	0.458	0.307	0.00303579342676406
ndufb6	2.2430827336882e-07	0.425888433990715	0.646	0.483	0.00325919921204895
mpc2	2.50638441254776e-07	0.341497791506008	0.495	0.324	0.0036417765514319
smdt1b	2.66071502568144e-07	0.400781058163755	0.585	0.42	0.00386601893231514
sumo2b	3.15107027287002e-07	0.352049119881475	0.939	0.903	0.00457850510648014
minos1	3.60120499131194e-07	0.37080602477682	0.533	0.353	0.00523255085237624
gatc	4.52311268356589e-07	0.259616661543394	0.274	0.142	0.00657208272922123
ccdc47	4.7064398822343e-07	0.307891778690433	0.401	0.24	0.00683845714888643
arpc4	6.42439961975642e-07	0.308727701703836	0.552	0.381	0.00933465264750608
trappc1	6.63323687029909e-07	0.363133591650569	0.514	0.35	0.00963809317254458
nfs1	6.74164773514538e-07	0.273438474621758	0.193	0.092	0.00979561415916624
si:ch211-191j22.3	6.81642639467921e-07	0.351689494853209	0.481	0.321	0.0099042675514689
nudt9	7.03023468592346e-07	0.268578839874923	0.184	0.084	0.0102149309986468
ndufs6	8.23701635450142e-07	0.309609925916176	0.637	0.465	0.0119683847630906
brk1	8.72533889768792e-07	0.258536193489118	0.736	0.58	0.0126779174183406
tmem18	8.73370011939328e-07	0.293423443314549	0.344	0.198	0.0126900662734784
ywhabl	9.50539837252074e-07	0.267842707237763	0.929	0.875	0.0138113438352726
sh3bgrl3	1.04604864539292e-06	0.333879382623092	0.566	0.383	0.0151990868175591
msx1b	1.48825832942943e-06	0.268467068142216	0.212	0.106	0.0216243935266096
tcf25	1.62644460293378e-06	0.260735225464399	0.25	0.132	0.0236322400806279
rap2c	2.20161148206417e-06	0.342372843643465	0.524	0.367	0.0319894148343924
ndufs8a	2.65354603415694e-06	0.289751678633711	0.434	0.284	0.0385560238763003
atp5md	2.7724438142049e-06	0.280987802916396	0.759	0.593	0.0402836086203972
rwdd1	2.7801817718246e-06	0.346303776785885	0.509	0.364	0.0403960411446114
etfa	2.95514268445663e-06	0.386070994582134	0.472	0.331	0.0429382232051548
ndufaf3	3.0138517714215e-06	0.251178027611955	0.231	0.123	0.0437912662387544
MED9	3.20983018751011e-06	0.348384877147958	0.42	0.276	0.0466388326245219
