gene	p_val	avg_log2FC	pct.1	pct.2	p_val_adj
zfp36l1b	9.30056658747912e-134	3.27961154150975	0.974	0.41	1.35137232516072e-129
trib3	1.70342967515931e-125	2.69383977259107	0.965	0.436	2.47508331800648e-121
si:busm1-57f23.1	8.04003978611092e-119	2.56470971168756	0.585	0.096	1.16821778092192e-114
serpine1	3.3078534129783e-115	3.3189915407399	0.913	0.335	4.80631100905747e-111
mvp	8.89328574419092e-106	2.24018969795762	0.821	0.266	1.29219441863094e-101
inhbaa	3.03615758409763e-102	2.30642866837915	0.493	0.074	4.41153696969385e-98
timp2b	3.21183039272072e-98	2.37043513309515	0.624	0.138	4.6667895606232e-94
col1a2	1.21287453723023e-93	1.56281604219912	0.843	0.264	1.76230670259553e-89
zgc:158343	3.02628955482916e-93	2.92278136782836	0.961	0.539	4.39719872316677e-89
mbd2	7.97225310856506e-93	1.63381224651014	0.528	0.101	1.1583683766745e-88
rhpn2	6.02262661300536e-92	1.38264504850131	0.389	0.049	8.75087646869679e-88
rasgef1bb	4.06873797061873e-90	1.46643623448444	0.642	0.152	5.91187627130901e-86
nupr1b	1.36077842233084e-86	2.08887780502305	0.611	0.149	1.97721104764672e-82
snai1a	2.14013009929822e-85	1.98890554150439	0.882	0.398	3.10960903428031e-81
atf4b	3.68187944677354e-83	1.45546111180732	0.996	0.856	5.34977083616196e-79
sesn2	6.88066158078742e-83	1.34099506519401	0.432	0.07	9.99760127688413e-79
chac1	2.68560572924989e-82	2.43515737728337	0.952	0.614	3.90218512460009e-78
atf5b	2.79350296701943e-82	1.61617552539447	0.568	0.132	4.05895981107924e-78
maff	5.67969981555587e-79	1.60414379740948	0.895	0.463	8.25260383200268e-75
sdc4	9.15745799547569e-76	1.44365633560388	0.996	0.846	1.33057864674262e-71
angptl4	2.45000084588636e-72	1.98435308820014	0.965	0.638	3.55985122907288e-68
pmp22b	9.51528458902271e-72	2.27015735778782	0.882	0.398	1.382570850785e-67
xbp1	1.61451064206782e-71	1.46257787752334	0.983	0.815	2.34588396292454e-67
cbx7a	8.70051302010394e-71	1.77835149501191	0.948	0.59	1.2641845418211e-66
ecrg4a	1.61035856323445e-70	1.43161621448376	0.546	0.123	2.33985099237966e-66
rhoab	7.14691340206337e-70	1.81073202091805	0.948	0.717	1.03844651731981e-65
btbd6a	1.64892658904642e-67	1.46322861160478	0.502	0.121	2.39589033388445e-63
prelid3b	1.1404586133983e-66	1.3690308132651	0.948	0.619	1.65708636526773e-62
btg1	6.6688713411117e-65	1.51959603105915	0.934	0.689	9.6898700586353e-61
krt8	1.62827530507392e-64	1.31818165546946	0.996	0.716	2.3658840182724e-60
lmna	8.76165011491243e-64	1.10543641812899	0.432	0.086	1.27306776169678e-59
tpm4a	1.16537403928846e-63	1.5686106046126	0.93	0.55	1.69328847908613e-59
cebpg	1.35626598602407e-63	1.37399457727171	0.76	0.345	1.97065447769297e-59
creb3l3l	5.57697739300517e-63	1.3712779078759	0.651	0.225	8.10334815203652e-59
lhfpl6	1.69541775312324e-62	1.38509846962443	0.498	0.125	2.46344199528806e-58
si:ch211-178n15.1	5.30720927947154e-62	1.05317426416214	0.397	0.077	7.71137508307214e-58
klf12a	1.27501549078835e-61	0.916339023083439	0.319	0.049	1.85259750811548e-57
tfe3a	4.31958127287992e-61	0.999013951361831	0.38	0.072	6.27635158949452e-57
ddit3	6.90593989602111e-61	1.15865072106294	0.493	0.122	1.00343306689187e-56
zgc:162730	2.1121325886434e-60	1.61165201173051	0.983	0.675	3.06892865129886e-56
ptgs2a	1.34812672046297e-59	2.35401368741985	0.323	0.052	1.9588281248327e-55
tgif1	1.39900369397952e-59	1.72886950213085	0.786	0.4	2.03275236735224e-55
zfand5a	2.37257840037759e-59	1.63014736141922	0.777	0.368	3.44735641574863e-55
si:ch211-15b10.6	8.43929638301023e-59	1.55169479654195	0.777	0.39	1.22622976445139e-54
krt18a.1	1.34858291536213e-58	1.20792305939359	0.978	0.602	1.95949097602117e-54
ms4a17a.11	3.1382107017069e-58	1.30729068175259	0.668	0.241	4.55982014958013e-54
cnn2	4.75245290751161e-58	1.49025777782573	0.825	0.446	6.90531407461437e-54
gtpbp1	1.14810426538311e-56	1.68910049272422	0.454	0.117	1.66819549760166e-52
tnfaip6	1.11880112843947e-55	1.65275070685806	0.437	0.105	1.62561803962255e-51
amotl2b	3.52015294497562e-55	1.31227903307693	0.41	0.094	5.11478222904958e-51
yap1	5.19731433649305e-55	1.3942451753438	0.782	0.413	7.5516977309244e-51
pdgfrb	5.59512256414722e-55	0.840472506436425	0.284	0.043	8.12971308570591e-51
slc25a32a	3.3055801707516e-54	1.21547826081768	0.52	0.156	4.80300798810207e-50
actb1	4.11165660642561e-54	1.20491369996218	0.996	0.983	5.97423704913641e-50
p4ha2	7.68699125140374e-54	1.3257429517025	0.655	0.254	1.11691982882896e-49
nsa2	2.51455071151341e-53	0.893452829028045	0.991	0.929	3.65364218382899e-49
si:dkey-7j14.6	1.31538736550321e-52	1.06017908438935	0.878	0.5	1.91125784207616e-48
dusp5	1.97239756785417e-52	1.63086573478106	0.555	0.178	2.86589366609212e-48
si:ch73-335l21.4	6.73435345201756e-51	1.57039518909556	0.969	0.681	9.78501556578151e-47
foxo1a	2.74481396360737e-50	0.98120570958959	0.393	0.092	3.9882146891215e-46
cdkn1bb	7.44090138007956e-50	1.19389475837908	0.869	0.543	1.08116297052556e-45
gadd45ab	1.70684773559092e-49	1.47752841424913	0.633	0.251	2.48004975981361e-45
pim1	3.85981600844945e-49	1.60197498921777	0.843	0.485	5.60831266027706e-45
sdcbp2	4.22964740946437e-49	1.24788184596218	0.852	0.565	6.14567768595173e-45
ckap4	5.27471055781538e-49	1.24131350204389	0.681	0.287	7.66415444050575e-45
chmp4ba	6.42193871054882e-49	1.3164532782964	0.655	0.276	9.33107694642743e-45
fstl1b	1.12582453292464e-48	1.11997109433837	0.808	0.423	1.63582304633951e-44
klf2a	1.13109437447829e-48	1.77440913834739	0.358	0.078	1.64348012611696e-44
asap3	7.60338158097181e-48	0.977824592500021	0.493	0.153	1.1047713437152e-43
msna	2.54181181596963e-47	1.02982419204823	0.969	0.745	3.69325256860387e-43
cnn3a	3.22024048634064e-47	1.24166453952409	0.865	0.539	4.67900942665295e-43
gadd45ba	6.02162758499206e-47	1.46973281546616	0.904	0.582	8.74942488099347e-43
cx35.4	6.8972440204942e-47	0.413302309051025	0.114	0.006	1.00216955617781e-42
ctdsp2	2.29806695902535e-46	1.10407225169338	0.79	0.427	3.33909129146384e-42
irf2bp2b	2.9638361647022e-46	1.25555543482586	0.838	0.525	4.30645394731229e-42
col5a2a	3.31922263315069e-46	0.798857973063182	0.323	0.064	4.82283048596796e-42
meox1	5.24295326329779e-46	1.23772500943156	0.415	0.107	7.61801109157169e-42
fam107b	6.76469442225359e-46	1.22758982380651	0.472	0.148	9.82910099553447e-42
krt18b	2.07920654113628e-45	1.39050912483299	0.559	0.205	3.02108710427102e-41
midn	2.29879289673454e-45	1.27046606454239	0.825	0.462	3.34014607895529e-41
actb2	4.27315545569928e-45	0.792117086560927	1	0.999	6.20889487713105e-41
arhgap42a	6.97227186344417e-45	0.986323057359353	0.367	0.09	1.01307110175844e-40
sec61g	1.73012334539526e-44	0.755453211832781	1	0.982	2.51386922085931e-40
mcl1a	6.86653034699008e-44	1.04969765044601	0.983	0.823	9.97706859417659e-40
cebpb	6.91914745942536e-44	1.2922109292521	0.908	0.54	1.0053521258545e-39
higd1a	2.71960330986449e-43	1.47454419495312	0.742	0.418	3.9515836092331e-39
elovl1b	7.7377869965391e-42	1.10953709783823	0.69	0.307	1.12430045059713e-37
col1a1a	1.18572119163429e-41	0.407189521332144	0.677	0.277	1.72285289144462e-37
hspa8	2.86197746494061e-41	0.464496622658513	1	1	4.1584532565587e-37
ppdpfb	5.29051972942314e-41	0.909571601091307	0.991	0.967	7.68712516685182e-37
mknk2b	6.45492577046916e-41	1.32797948962685	0.865	0.623	9.37900714449169e-37
mxra8b	8.29306200282477e-41	0.917803177692899	0.445	0.125	1.20498190901044e-36
col1a1b	1.07424658365438e-40	0.833854810517484	0.48	0.147	1.56088028604981e-36
fosl1a	1.36619312741588e-40	1.14194303530946	0.873	0.539	1.98507861413528e-36
myo1ea	3.46448552291158e-40	0.821783890514387	0.362	0.091	5.03389746479053e-36
pdk2a	4.23280752447573e-40	1.09381451292316	0.572	0.225	6.15026933306324e-36
sparc	5.85843560286905e-40	1.0372290991709	0.939	0.673	8.51230693096873e-36
rbms1a	2.5599869708135e-39	1.16703406361615	0.524	0.207	3.71966106859202e-35
ier2a	4.61190101935037e-39	1.21436497105746	0.956	0.732	6.70109218111609e-35
cd81a	4.85590198247357e-39	0.838080252478392	0.983	0.871	7.05562558053409e-35
rfx1b	1.66326049523733e-38	0.948209441286826	0.389	0.113	2.41671749957985e-34
map1lc3a	4.25356295255314e-38	1.08144578445445	0.659	0.324	6.18042697005971e-34
sat1a.2	1.5403846513293e-37	1.25064407522767	0.852	0.561	2.23817889838147e-33
alas1	2.41747750376841e-37	1.29065088184995	0.581	0.251	3.5125948129755e-33
grb10b	3.10349637491288e-37	1.04125441921193	0.402	0.122	4.50938023274841e-33
hspa5	4.09068910190654e-37	1.44182517169337	0.952	0.869	5.9437712650702e-33
uck2b	6.03745366514285e-37	1.03209158348871	0.721	0.404	8.77242017545257e-33
si:dkey-79d12.5	7.15959719012219e-37	0.800218875344957	0.323	0.083	1.04028947172475e-32
hbp1	8.55538444037415e-37	0.91851432700273	0.611	0.264	1.24309735918636e-32
anxa13	1.91402083084644e-36	0.964319191651108	0.734	0.393	2.78107226721988e-32
zgc:92606	3.18090390919225e-36	0.925330350633665	0.865	0.676	4.62185338005633e-32
mthfd2	1.35541050286651e-35	1.19504286400306	0.415	0.139	1.96941146066504e-31
col5a1	1.96905019184555e-35	0.929971519290951	0.572	0.235	2.86102992875158e-31
brf1a	3.34481589407618e-35	0.491096100307786	0.148	0.018	4.86001749409269e-31
pdcd6	1.87198014339462e-34	1.38499653570479	0.668	0.338	2.71998714835238e-30
sall1b	3.6367441593517e-34	0.50589119953268	0.148	0.018	5.28418926353801e-30
ugdh	4.50199168103321e-34	1.34729703953692	0.541	0.237	6.54139391254126e-30
sil1	4.57388498486603e-34	1.00463911636459	0.376	0.118	6.64585488301034e-30
pprc1	5.52370381318086e-34	0.634507677213038	0.218	0.041	8.02594164055179e-30
jak1	1.22174595897496e-33	0.922607441706429	0.511	0.213	1.77519687839061e-29
ptgs2b	1.57965264731382e-33	0.96207853767101	0.135	0.015	2.29523529654698e-29
ier5	2.16373348581811e-33	0.95790476271872	0.852	0.581	3.14390475489371e-29
pim3	3.4586162253866e-33	1.07740722527071	0.729	0.387	5.02536937548673e-29
rab40b	3.94263159425789e-33	0.780913427524144	0.279	0.067	5.72864370645671e-29
epha2a	4.46389870449412e-33	0.667021709332859	0.223	0.043	6.48604481762996e-29
twist1b	7.58585297681746e-33	1.0919026849141	0.594	0.265	1.10222443753158e-28
thbs3a	1.32482067906451e-32	0.837132626249403	0.271	0.061	1.92496444668074e-28
rac1a	1.79990794184881e-32	1.00754245748206	0.76	0.509	2.61526623950632e-28
mych	1.8100656679335e-32	1.13683752523206	0.528	0.224	2.63002541550737e-28
si:dkey-16l2.20	2.25436509730304e-32	0.629080358650502	0.179	0.028	3.27559248638132e-28
bcar1	4.41170657952136e-32	0.699279315599265	0.275	0.067	6.41020966004454e-28
tpm3	6.16801439340057e-32	0.911335175786245	0.873	0.667	8.96212491361103e-28
mfap2	7.46503280570202e-32	0.923922857212493	0.83	0.49	1.0846692666685e-27
slc25a5	7.50298889746222e-32	0.330835995707997	1	1	1.09018428680126e-27
klf6a	1.89135470183285e-31	0.916153424271267	0.93	0.681	2.74813838176313e-27
ifitm1	8.31536147006577e-31	1.75905932087953	0.205	0.039	1.20822202160056e-26
eef1a1l1	1.06665342068434e-30	0.32469550859776	1	1	1.54984742025435e-26
tnfrsf1a	1.25793966973677e-30	0.820523170127635	0.397	0.134	1.82778634012752e-26
selenos	1.38201002100502e-30	0.85828333943343	0.389	0.134	2.00806056052029e-26
myl9b	2.19570267568834e-30	0.827119392985659	0.812	0.489	3.19035598777516e-26
rpz2	2.25576860394586e-30	0.833914361923737	0.48	0.195	3.27763178153333e-26
rpl3	2.93402834498986e-30	0.375380711359902	1	0.999	4.26314318527026e-26
thbs1a	4.72738077949819e-30	0.570606924003203	0.109	0.011	6.86888427261087e-26
s1pr5a	7.20638794341969e-30	0.968509729525239	0.271	0.068	1.04708816817888e-25
cyr61	1.43840007382937e-29	1.21218188598479	0.686	0.371	2.08999530727408e-25
herpud1	1.50364349342886e-29	0.978609742701439	0.611	0.321	2.18479399595213e-25
rgl1	4.58277049773216e-29	0.921670130979647	0.463	0.195	6.65876553320483e-25
si:ch211-232b12.5	5.29188822666806e-29	0.378062244277015	0.114	0.012	7.68911359334868e-25
fosl2	5.67357879886856e-29	0.928964136617608	0.493	0.21	8.24370999475601e-25
nfil3	9.07273829534192e-29	1.06296791066025	0.476	0.204	1.31826887431318e-24
zgc:77849	1.01955486043173e-28	0.890053672369989	0.764	0.521	1.4814132122073e-24
tpt1	2.08872623867239e-28	0.332032167530582	1	0.999	3.03491922479098e-24
anxa11a	4.22928018139063e-28	1.0570381024553	0.651	0.372	6.14514410356059e-24
tars	1.17284769874578e-27	1.17457806404858	0.502	0.245	1.70414770627762e-23
hspa9	1.50424316191632e-27	0.905832093356397	0.659	0.39	2.18566531426441e-23
errfi1a	1.87054791933389e-27	0.957955738050603	0.349	0.116	2.71790612679214e-23
si:ch211-147a11.3	3.47645522007746e-27	0.767870876988907	0.406	0.153	5.05128943477255e-23
sirt1	3.76350268821784e-27	0.795217970410169	0.511	0.24	5.46836940598052e-23
arf5	5.32721361656131e-27	0.797906856457511	0.838	0.675	7.74044138486359e-23
ramp2	6.60155993022963e-27	0.973537183736257	0.371	0.134	9.59206657862365e-23
pald1b	6.79422338079922e-27	0.351276448211606	0.1	0.01	9.87200657230127e-23
hivep1	8.09197159764283e-27	0.705943397518923	0.314	0.097	1.1757634731375e-22
vps37a	9.12555712066221e-27	0.822855729016712	0.472	0.205	1.32594344963222e-22
aspn	9.2966214116333e-27	0.779696979256135	0.162	0.028	1.35079909111032e-22
stat1a	1.02142663664945e-26	0.875182663280266	0.463	0.199	1.48413290305165e-22
ms4a17a.9	1.20900766690299e-26	1.05394003018318	0.502	0.228	1.75668814001005e-22
palld	1.76503503758251e-26	0.994586620705717	0.511	0.221	2.56459590960738e-22
twist1a	2.74443936815146e-26	1.5631227807638	0.672	0.387	3.98767040192407e-22
glipr2l	2.86564936865831e-26	1.35557992418041	0.319	0.104	4.16378853266052e-22
nck1b	2.951849652985e-26	1.02161497539068	0.563	0.313	4.28903754578721e-22
ssr4	3.98467795217274e-26	0.747850656684725	0.93	0.868	5.78973706450699e-22
eif5	9.68067063049869e-26	0.774993167523659	0.769	0.558	1.40660144261146e-21
ccdc80	1.39075751778876e-25	0.931018531114947	0.332	0.109	2.02077067334706e-21
gpia	1.8111065731337e-25	1.0450165279729	0.502	0.242	2.63153785076327e-21
timp2a	2.25206164050379e-25	0.986602586359247	0.45	0.192	3.27224556365201e-21
nfil3-5	4.7730598878613e-25	0.854708077591163	0.459	0.203	6.93525601706247e-21
f3b	6.07656122162122e-25	1.13947680683262	0.603	0.32	8.82924345501564e-21
metrnla	1.48556586256482e-24	1.01755930103101	0.528	0.276	2.15852719830668e-20
mafba	1.54489128570459e-24	1.09540837899216	0.332	0.116	2.24472703812878e-20
pnrc2	1.77701389585489e-24	0.61943963983502	0.983	0.938	2.58200119067715e-20
net1	1.79884447746323e-24	1.17051036564883	0.642	0.391	2.61372102575407e-20
rhbdd1	2.84090603097851e-24	0.951793617023922	0.572	0.305	4.12783646301177e-20
tax1bp1b	3.84069075991183e-24	0.852310294040669	0.568	0.32	5.58052367415189e-20
cxcl8a	7.53039003689709e-24	1.11428092715541	0.122	0.018	1.09416567236115e-19
bicc1a	8.54434007979848e-24	0.368527664989959	0.118	0.017	1.24149261359472e-19
slc7a3a	1.01627416297926e-23	0.63071526720675	0.293	0.096	1.47664635880887e-19
gpc4	1.3354016534327e-23	0.769205466728525	0.424	0.182	1.94033860243771e-19
fhl3a	1.43173755018413e-23	0.638625397644161	0.266	0.079	2.08031466041754e-19
lrp10	1.66229877730317e-23	0.620362968624015	0.284	0.089	2.41532012342151e-19
slc16a3	2.56886466808722e-23	0.423732082169049	0.122	0.018	3.73256036273074e-19
cbsb	4.19851942877269e-23	0.939941008151039	0.284	0.094	6.10044873000672e-19
myl12.1	5.87943768610427e-23	0.601602094586917	0.956	0.933	8.5428229579095e-19
cx43	9.51168680211951e-23	0.665287052187085	0.223	0.059	1.38204809234796e-18
foxo4	1.09881169554446e-22	0.618330600601895	0.362	0.14	1.5965733936261e-18
lum	1.25404106540785e-22	0.916393522733122	0.288	0.089	1.8221216680376e-18
enpp2	1.82209499166747e-22	0.447601158865427	0.179	0.039	2.64750402289284e-18
gadd45bb	1.87985203819612e-22	1.19275515491104	0.677	0.426	2.73142501149897e-18
edf1	2.13511396812052e-22	0.637437166208643	0.904	0.791	3.10232059567912e-18
mcl1b	2.56522331624249e-22	0.781387856179761	0.742	0.493	3.72726947850033e-18
srpra	2.8724982283883e-22	0.865449826256402	0.48	0.246	4.1737399258482e-18
si:dkey-177p2.6	3.5158840280412e-22	1.19580636947978	0.611	0.385	5.10857949274387e-18
perp	4.95266107419988e-22	0.728615031969055	0.454	0.214	7.19621654081242e-18
ogna	5.0565807446722e-22	0.394189652445816	0.223	0.057	7.34721182200871e-18
rplp2	5.44139778063644e-22	0.363117569045959	1	0.997	7.90635097526474e-18
gulp1a	5.89199109687892e-22	0.686553544086651	0.323	0.112	8.56106306376507e-18
cyp3c1	6.75462619740911e-22	0.85193550652424	0.245	0.072	9.81447186483544e-18
cdc42ep5	8.3922849867886e-22	0.742423066002242	0.38	0.163	1.21939900858038e-17
mmp14a	8.40013525663798e-22	0.722364104808114	0.371	0.149	1.2205396527895e-17
igfbp1a	9.24825111240081e-22	1.64834396428619	0.393	0.166	1.34377088663184e-17
ehd2b	1.01067756973599e-21	0.969918792421411	0.231	0.066	1.46851450882639e-17
si:ch211-213a13.1	1.02509650820253e-21	0.702016378392792	0.284	0.094	1.48946522641828e-17
hagh	1.07062809932961e-21	0.776873893472057	0.279	0.093	1.55562262832592e-17
ndel1b	1.33385393400296e-21	0.683887227058139	0.271	0.088	1.9380897661063e-17
cd99	1.37295036368857e-21	0.797347782015754	0.297	0.1	1.99489687843949e-17
twistnb	1.39100355590097e-21	0.728558323039421	0.349	0.14	2.02112816672411e-17
sec61b	1.67211286805749e-21	0.566700716539582	0.939	0.85	2.42957999728753e-17
hspa4a	1.80437845580175e-21	1.19828736548259	0.817	0.654	2.62176189627995e-17
kctd3	2.14344747501703e-21	0.583372100097173	0.205	0.052	3.11442918119974e-17
ahnak	2.20193712375705e-21	0.895707306183416	0.432	0.211	3.199414640819e-17
nccrp1	2.68368526430241e-21	0.961446803710792	0.406	0.178	3.8993946890314e-17
cebpd	3.39578532369353e-21	0.585056409304166	0.847	0.578	4.9340760753267e-17
slc7a10a	3.62020260397147e-21	0.633427190466957	0.223	0.062	5.26015438357054e-17
tdh	4.51476682265848e-21	0.795322109059031	0.611	0.367	6.55995619332277e-17
cavin2b	7.3438019995402e-21	0.623423001306441	0.384	0.15	1.06705443053319e-16
si:ch211-156j16.1	1.16345779544269e-20	0.521253373144642	0.59	0.315	1.69050417677822e-16
prrx1a	1.22169753456366e-20	1.04568854490046	0.507	0.263	1.775126517721e-16
chrd	1.23524753646816e-20	0.581925266459729	0.118	0.019	1.79481467048824e-16
sinhcaf	1.55319677364982e-20	0.788240869054586	0.402	0.184	2.25679491211319e-16
hyou1	2.04707445933866e-20	0.900746673119927	0.511	0.281	2.97439918941908e-16
rnf216	2.80998675886527e-20	0.527710807161438	0.205	0.056	4.08291076063124e-16
otud5a	3.14148158955755e-20	0.780570494541508	0.424	0.203	4.56457274962712e-16
rab18b	3.37369439341461e-20	0.743992030847722	0.367	0.158	4.90197795363143e-16
tob1b	3.96327845458933e-20	0.875231957060322	0.69	0.479	5.7586435945183e-16
csnk1db	4.33540628684634e-20	0.849282915334976	0.572	0.361	6.29934533478773e-16
dedd1	4.79496035958055e-20	0.755810922245558	0.485	0.249	6.96707740247053e-16
isca1	5.95409190235407e-20	0.756445739929128	0.463	0.234	8.65129553412047e-16
casp9	6.0471596816105e-20	0.587572786064629	0.306	0.11	8.78652301738006e-16
tent5bb	7.58406403523928e-20	0.808787274981581	0.144	0.03	1.10196450432027e-15
ctgfa	8.42044659877598e-20	1.41480059238025	0.546	0.301	1.22349089080215e-15
eva1ba	8.63357139029653e-20	0.833221437928293	0.288	0.106	1.25445792301009e-15
ripor3	9.30326017474262e-20	0.397609943625449	0.131	0.025	1.3517637033901e-15
hpgd	1.27622679591485e-19	0.748784805568315	0.249	0.077	1.85435753446427e-15
hey1	1.6858573633224e-19	0.543578341929686	0.384	0.159	2.44955074890744e-15
plk2b	1.80884299751092e-19	1.01274855199465	0.271	0.093	2.62824887538337e-15
cdh11	1.98617215654142e-19	0.713010025764958	0.528	0.274	2.88590814345468e-15
tmem45a	2.06121742134925e-19	0.537255800987758	0.445	0.195	2.99494891322045e-15
si:dkey-23i12.7	2.34974663885716e-19	1.1919195565365	0.463	0.234	3.41418186625945e-15
rassf1	2.36300858031702e-19	0.664339640640315	0.358	0.152	3.43345146720063e-15
thbs4b	2.71601611094848e-19	0.915400529014867	0.214	0.06	3.94637140920814e-15
fstb	2.9417553432863e-19	1.3146601465566	0.279	0.099	4.27437051379499e-15
tagln2	5.88967195930262e-19	0.905857937407567	0.476	0.232	8.55769335686671e-15
wipi1	5.96543053196305e-19	0.601937445767972	0.279	0.1	8.66777056294231e-15
mmp2	8.46123770737164e-19	0.585806221425514	0.629	0.344	1.2294178388811e-14
ifrd1	8.82840335070162e-19	0.687690796041788	0.594	0.356	1.28276700685695e-14
cyp1c1	9.49394427547455e-19	1.00304372159809	0.21	0.06	1.37947010322645e-14
actn1	9.62445206351777e-19	0.754420532396327	0.284	0.103	1.39843288482913e-14
slc3a2b	1.41522754741011e-18	0.4860167119159	0.24	0.078	2.05632562638688e-14
lepa	1.44405568349515e-18	0.974620499389671	0.437	0.202	2.09821290811846e-14
zgc:100829	2.06839210278315e-18	0.859830316274811	0.415	0.213	3.00537372534391e-14
arhgef1b	2.76913919970442e-18	1.04443380534935	0.38	0.178	4.02355925717052e-14
slc43a3b	3.3716507985795e-18	0.63948503649354	0.162	0.039	4.89900861033601e-14
sult6b1	3.42256466825798e-18	0.714478042677912	0.655	0.417	4.97298646297884e-14
fstl3	3.96544982785868e-18	1.20577693433585	0.227	0.071	5.76179859987866e-14
serp1	5.4488418091826e-18	0.727701898923698	0.594	0.392	7.91716714874232e-14
eef1da	6.99249169188586e-18	0.538676639955835	0.926	0.802	1.01600904283101e-13
rpl36	7.21403574981071e-18	0.263181272344151	1	0.999	1.0481993944475e-13
psat1	7.86970148064871e-18	1.01472026310993	0.515	0.313	1.14346762513826e-13
mob3c	8.24923054508739e-18	0.513074379438787	0.266	0.095	1.1986131982012e-13
flot1b	8.35140044689152e-18	0.562937557824475	0.803	0.631	1.21345848493334e-13
wdr43	8.35373796659867e-18	0.810258965861205	0.441	0.238	1.21379812654679e-13
nop53	1.2599528617953e-17	0.640345938819367	0.821	0.686	1.83071150818858e-13
rfx2	1.31006001615493e-17	0.72527545146433	0.275	0.103	1.90351720347312e-13
nars	1.78450080427572e-17	0.868352233494616	0.463	0.273	2.59287966861262e-13
tmem115	2.2213973835504e-17	0.630018792307176	0.432	0.222	3.22769039829873e-13
plpp2b	2.33744087674684e-17	0.408962979883986	0.188	0.052	3.39630159391315e-13
col6a2	2.44172748806072e-17	0.494073783815165	0.21	0.063	3.54783004015223e-13
limk2	2.60543353622709e-17	0.566295690036108	0.249	0.088	3.78569492813796e-13
raf1b	3.42888044414835e-17	0.581104602321565	0.301	0.122	4.98216328534755e-13
rab6a	3.89598581266997e-17	0.696045495096407	0.459	0.248	5.66086738580946e-13
zfand5b	4.84038809404038e-17	0.790496213751231	0.633	0.454	7.03308390064067e-13
map3k14a	5.64303302566323e-17	0.514199059557321	0.249	0.088	8.19932698628868e-13
hsp90b1	7.4072538596657e-17	1.04310971350808	0.755	0.657	1.07627398580943e-12
tcf12	8.74119028255941e-17	0.739130865605191	0.546	0.343	1.27009494805588e-12
tgfbi	1.01812113482654e-16	0.764867039772078	0.493	0.269	1.47933000890296e-12
ncl	1.03177672374912e-16	0.690666437576275	0.812	0.677	1.49917157960746e-12
her9	1.13925378525184e-16	0.939261170391058	0.664	0.427	1.65533574997092e-12
col11a1b	1.44278248219285e-16	0.578474571505959	0.258	0.093	2.09636294662622e-12
pdgfba	1.49913905020843e-16	0.547877729478247	0.162	0.043	2.17824903995285e-12
ctsla	3.56940044687394e-16	0.71774782532853	0.869	0.758	5.18633884930783e-12
zgc:174888	4.43230540205769e-16	0.650373948250125	0.236	0.085	6.44013974918983e-12
ms4a17a.2	4.45270024491141e-16	0.43732864028636	0.131	0.03	6.46977345585628e-12
si:dkey-42i9.4	5.48140862011512e-16	0.582448791693714	0.843	0.701	7.96448672502727e-12
ddx49	5.59144639732764e-16	0.611502476454163	0.275	0.111	8.12437161531706e-12
FP102018.1	6.45306696586609e-16	0.277134313036999	0.109	0.021	9.37630630140343e-12
smad3a	7.95428045547384e-16	0.567093574503969	0.319	0.138	1.15575695018035e-11
reep5	8.66272678703194e-16	0.702743616376757	0.76	0.605	1.25869420215574e-11
cyp26b1	9.42335037630442e-16	1.28341331695526	0.376	0.18	1.36921280967703e-11
prnprs3	1.01163955202472e-15	0.78355305532135	0.498	0.305	1.46991226909192e-11
cd63	1.01739651874079e-15	0.465834642495517	0.843	0.654	1.47827714173036e-11
ms4a17a.7	1.03171616787563e-15	0.650037817640854	0.166	0.047	1.49908359192329e-11
si:ch211-59d15.9	1.10863063126987e-15	0.428720368889958	0.214	0.072	1.61084030723512e-11
si:ch211-152c2.3	1.31530862554887e-15	1.0733807368764	0.201	0.065	1.9111434329225e-11
pdap1b	1.46106175417909e-15	0.66157453184126	0.432	0.231	2.12292272882221e-11
dvl2	1.88522274242931e-15	0.686832711883413	0.397	0.215	2.73922864474978e-11
hs6st2	1.95093599365094e-15	0.517700393959802	0.275	0.112	2.83470999877482e-11
fpgs	2.10056726834904e-15	0.640670687113081	0.24	0.089	3.05212424091115e-11
slc25a24	2.3757983335224e-15	0.61685469672736	0.258	0.101	3.45203497860804e-11
loxl2a	2.48962115489612e-15	0.357149570885341	0.122	0.028	3.61741953806406e-11
tmem176	3.24458973570846e-15	0.62904087316815	0.555	0.349	4.71438888598439e-11
arrdc3a	3.48905012213634e-15	0.800848671296996	0.585	0.394	5.0695898274641e-11
atp1a1a.1	3.68461996588304e-15	0.674963689344483	0.681	0.494	5.35375281042806e-11
ms4a17a.5	4.11064231276146e-15	0.559702908765783	0.131	0.032	5.9727632804424e-11
znf395b	4.84154429536e-15	0.540596735900609	0.284	0.114	7.03476386115808e-11
eif3jb	5.14621782357059e-15	0.85382373299684	0.507	0.321	7.47745449764807e-11
ldlra	5.27335584439273e-15	0.307959170995199	0.114	0.024	7.66218604190263e-11
bet1l	5.60998686305017e-15	0.599699437059106	0.345	0.163	8.1513109120119e-11
mamdc2b	5.78236774948621e-15	0.413629592233649	0.114	0.024	8.40178034000346e-11
eif2s3	7.64257931836298e-15	0.449215227047028	0.934	0.866	1.11046677495814e-10
si:dkey-147f3.8	7.76873826213939e-15	0.323162024381648	0.114	0.025	1.12879766948885e-10
spon1b	9.7697337668453e-15	0.408647135536775	0.148	0.039	1.41954231632262e-10
twist2	9.91790160116128e-15	0.595649680924582	0.258	0.099	1.44107110264873e-10
stk17al	9.91859654664299e-15	0.390266951418003	0.144	0.038	1.44117207822723e-10
fthl27	1.03125128210734e-14	0.563827927320406	0.983	0.961	1.49840811290196e-10
cdca4	1.12238671936537e-14	0.677607283349904	0.467	0.282	1.63082790323788e-10
acot15	1.26357919043429e-14	0.4419119564521	0.162	0.047	1.83598056370102e-10
irf9	1.49833152432659e-14	0.61949719525121	0.332	0.157	2.17707570484654e-10
s100v2	1.58885341075768e-14	0.622906983892298	0.406	0.211	2.30860400583091e-10
chmp5b	1.70437803459037e-14	0.603071208774538	0.607	0.433	2.47646128425981e-10
mindy3	1.89121753856562e-14	0.627389941427947	0.236	0.09	2.74793908353584e-10
usp36	1.92626804369504e-14	0.677877106926736	0.345	0.173	2.79886746748889e-10
litaf	2.0638763700437e-14	0.677357070916451	0.371	0.185	2.99881236567349e-10
zgc:123305	2.11308530570389e-14	0.283975964789244	0.105	0.022	3.07031294918776e-10
zgc:175214	2.80309887819914e-14	0.478913545069083	0.205	0.072	4.07290267002334e-10
st5	3.09525936299963e-14	0.583999684830203	0.231	0.088	4.49741185443846e-10
tbc1d15	3.72900406837718e-14	0.370480853442608	0.166	0.049	5.41824291135204e-10
sox4b	3.92642955943032e-14	0.629478327157799	0.192	0.064	5.70510214985225e-10
tgfb1a	5.17956409215599e-14	0.6885844123795	0.301	0.139	7.52590662590265e-10
gtpbp4	9.1146644339323e-14	0.58159254917955	0.755	0.646	1.32436074225036e-09
ilk	9.27226631507188e-14	0.611216311679461	0.445	0.27	1.34726029557994e-09
rnf25	1.0527913784764e-13	0.553666003214634	0.293	0.131	1.52970587292621e-09
pdgfab	1.20867757379684e-13	0.691911247906562	0.218	0.083	1.75620851472681e-09
bcl6ab	1.24637932785886e-13	0.654501115366913	0.437	0.247	1.81098916337893e-09
polr3gla	1.57135860423803e-13	0.271075444823739	0.109	0.025	2.28318405195786e-09
rnd3a	1.57299725278698e-13	0.663651942051847	0.524	0.321	2.28556500829949e-09
igfbp5b	1.78156796592648e-13	0.997554482664972	0.288	0.13	2.58861825449117e-09
il4r.1	1.81045984647063e-13	0.522929050510236	0.135	0.037	2.63059815692183e-09
rps26	1.81941063519222e-13	0.257183540437997	1	0.993	2.6436036529343e-09
ppm1k	1.94815303195568e-13	0.553041445987327	0.301	0.14	2.8306663554316e-09
sh3bp5la	2.03768442909874e-13	0.49126776776786	0.271	0.116	2.96075547548048e-09
lifrb	2.53930510973460e-13	0.470603230973982	0.183	0.061	3.68961032444438e-09
sept10	3.03852832773855e-13	0.540186882208632	0.603	0.435	4.41498166020411e-09
ctnnb2	3.09418842213939e-13	0.788335217833054	0.664	0.511	4.49585577736854e-09
dnttip2	3.90751454807756e-13	0.474026365505519	0.218	0.085	5.67761863835669e-09
pmaip1	3.98185298804973e-13	0.472129137796524	0.179	0.06	5.78563239163625e-09
pcyt2	4.50941111160431e-13	0.528833879813622	0.31	0.145	6.55217434516106e-09
il13ra1	4.91683484308893e-13	0.619865082286684	0.288	0.131	7.14416102700821e-09
sema4ba	6.02313100256631e-13	0.32777337655664	0.1	0.022	8.75160934672885e-09
eif6	6.51758923181557e-13	0.645447722746595	0.572	0.419	9.47005715382803e-09
chchd2	6.88243421732974e-13	0.738567622304742	0.769	0.641	1.00001769177801e-08
glulb	7.17811550496887e-13	0.62609018802817	0.799	0.646	1.04298018287198e-08
hiat1b	1.04197861040666e-12	0.575316283410769	0.371	0.203	1.51399492092088e-08
ms4a17a.1	1.32272040578756e-12	0.475871767966731	0.105	0.025	1.92191274960933e-08
cish	1.34952121128863e-12	0.528450489456242	0.362	0.187	1.96085432000238e-08
xpr1b	1.46789460216005e-12	0.495875648344492	0.205	0.078	2.13285085693855e-08
pdlim1	1.57709737741089e-12	0.738901790275016	0.384	0.217	2.29152248937802e-08
aff3	1.59209013543869e-12	0.54124059183055	0.258	0.107	2.31330696679241e-08
yars	1.78428180620489e-12	0.686636043338381	0.358	0.199	2.59256146441571e-08
FAM83G	1.82749817579388e-12	0.353577151648864	0.135	0.039	2.65535484942851e-08
ms4a17a.4	1.89347037406469e-12	0.61617967090185	0.135	0.04	2.751212453516e-08
fmoda	2.22001750668322e-12	0.546942507043755	0.402	0.214	3.22568543721072e-08
gpt2	2.55839725875034e-12	0.29400309842875	0.109	0.027	3.71735121696425e-08
elmsan1b	2.85349586141598e-12	0.669235268133649	0.31	0.157	4.14612948663742e-08
PLEKHH3	3.11216435770915e-12	0.552136062988908	0.249	0.108	4.5219748117514e-08
cebpa	3.25318801087023e-12	0.548406178481011	0.166	0.055	4.72688217979444e-08
spry4	3.42781356232279e-12	0.731961153356542	0.437	0.268	4.98061310605502e-08
plpp3	4.35392441971529e-12	0.650853708492574	0.314	0.154	6.32625218184632e-08
si:ch211-1a19.3	4.38197336285272e-12	0.671276732282055	0.127	0.035	6.367007296225e-08
zgc:154075	4.61565667031954e-12	0.392237813505223	0.14	0.042	6.70654914197429e-08
hey2	5.0180993739073e-12	0.389194899660235	0.148	0.046	7.29129839028731e-08
sec23b	5.39578172968911e-12	0.532626503678799	0.319	0.16	7.84007085323828e-08
si:dkey-12l12.1	5.83319928960663e-12	0.444811078136038	0.144	0.043	8.47563856779843e-08
lrrfip1a	6.01337265062508e-12	0.490542738078174	0.175	0.062	8.73743046135824e-08
dnajc3a	6.53262564929463e-12	0.557377074535516	0.341	0.179	9.4919050684251e-08
il10rb	6.59759244048177e-12	0.497215479679607	0.253	0.112	9.58630181602001e-08
rrs1	7.12826852394654e-12	0.635626178822024	0.284	0.137	1.03573741652943e-07
dkc1	7.20338426731912e-12	0.652193406909175	0.454	0.29	1.04665173404147e-07
foxp4	9.13549568745985e-12	0.618024012886838	0.559	0.37	1.32738752338792e-07
tsc22d3	9.82641222556798e-12	0.677438797542268	0.528	0.344	1.42777769637503e-07
igfbp3	1.25872734401603e-11	0.810092814853469	0.275	0.125	1.8289308308553e-07
klf7a	1.37135273351903e-11	0.638650699194197	0.354	0.191	1.99257552180316e-07
col6a1	1.4283137175107e-11	0.502093172343111	0.253	0.107	2.07533983154304e-07
SERP1	1.51547642394803e-11	0.404173131342437	0.852	0.791	2.20198724399649e-07
aars	1.67208820333118e-11	0.661541092254625	0.406	0.254	2.4295441594402e-07
hbegfa	1.71776582729015e-11	0.771756455060228	0.415	0.229	2.49591374705259e-07
hsf2	1.72814463992996e-11	0.524155782792352	0.31	0.155	2.51099416181824e-07
kifc3	1.8179717262425e-11	0.361003846003892	0.162	0.055	2.64151291823035e-07
fn1b	1.99846046360295e-11	0.452931854763321	0.144	0.045	2.90376305361509e-07
matn4	2.17366040973857e-11	1.02041639206456	0.266	0.12	3.15832857535014e-07
ppp6c	2.61085851165268e-11	0.550560251362056	0.607	0.472	3.79357741743134e-07
cdc42ep4b	2.71396311764356e-11	0.436494917616582	0.153	0.051	3.94338840993609e-07
hax1	2.87604250919311e-11	0.57800768508919	0.489	0.326	4.17888976585759e-07
ppdpfa	3.35473139854332e-11	0.739708238428128	0.393	0.226	4.87442472208344e-07
arhgap36	3.44246593580266e-11	0.345345395150765	0.109	0.029	5.00190300472126e-07
sec61a1	3.54333786246696e-11	0.526570211742687	0.751	0.673	5.14846991416449e-07
tsku	3.67368185234816e-11	0.453199995249995	0.21	0.086	5.33785973146188e-07
ssr2	3.77373201716619e-11	0.491230672871239	0.786	0.726	5.48323262094247e-07
reep3b	3.87419994170593e-11	0.592482373425938	0.406	0.242	5.62921251529872e-07
ralab	3.92152931757124e-11	0.532405560767636	0.301	0.154	5.69798209843102e-07
fam210aa	3.94877521474612e-11	0.51414212560456	0.197	0.079	5.73757038702612e-07
pleca	4.40289083310686e-11	0.696860455857868	0.345	0.189	6.39740038050427e-07
ssr3	4.59484577131592e-11	0.510985610102131	0.812	0.79	6.67631090572203e-07
napab	4.6388516804077e-11	0.473540185330723	0.489	0.325	6.74025149163239e-07
colec12	5.58196032267102e-11	0.424777432789729	0.362	0.196	8.11058834884099e-07
gsna	6.04270299697965e-11	0.70876967019375	0.424	0.264	8.78004745461143e-07
junba	6.7132495758582e-11	0.352011361794259	0.948	0.769	9.75435163372197e-07
ptp4a1	7.64148221682835e-11	0.49239945068098	0.847	0.79	1.11030736610516e-06
lrrc59	7.99021795575256e-11	0.598278193804887	0.493	0.335	1.16097866897085e-06
hmgcrb	8.13520509880205e-11	0.492705543216086	0.284	0.144	1.18204530085594e-06
arfgap2	9.10634452477551e-11	0.400809745922864	0.179	0.068	1.32315185944988e-06
siah1	9.12703752199991e-11	0.514393038546253	0.424	0.268	1.32615855194659e-06
daam1a	1.11711765811338e-10	0.381687508811135	0.175	0.065	1.62317195723874e-06
polr3e	1.19663329325933e-10	0.486891375790428	0.214	0.093	1.73870817510581e-06
egr3	1.20458979605512e-10	0.562795922852615	0.183	0.072	1.7502689736681e-06
glud1a	1.2049058512151e-10	0.584741099187939	0.332	0.181	1.75072820181554e-06
cars	1.24264693328502e-10	0.539296649394419	0.271	0.136	1.80556599406313e-06
clic2	1.27967197490586e-10	0.692200379899737	0.336	0.17	1.85936337953822e-06
cremb	1.48053029758266e-10	0.276695347976905	0.1	0.026	2.1512105223876e-06
zgc:123105	1.49680173892741e-10	0.5080886596595	0.367	0.212	2.17485292666153e-06
si:dkey-19b23.8	1.52335849992125e-10	0.25118574480717	0.231	0.096	2.21343990038558e-06
ip6k2b	1.6256593992792e-10	0.62091679377953	0.362	0.208	2.36208310715268e-06
eva1bb	1.66640982988525e-10	0.377349648800955	0.157	0.055	2.42129348282327e-06
rpl7l1	1.77835875021278e-10	0.636008328523367	0.454	0.312	2.58395526405916e-06
arcn1a	2.03968425551379e-10	0.610924186323436	0.415	0.261	2.96366122326154e-06
skib	2.23578786015904e-10	0.517700490442184	0.197	0.081	3.24859976081109e-06
efna2a	2.31558591509865e-10	0.59432286467049	0.223	0.096	3.36454633463834e-06
xpo6	2.36755918835838e-10	0.347722215228922	0.183	0.071	3.44006350068473e-06
rhoca	2.367749982053e-10	0.604006375542947	0.467	0.318	3.440340723923e-06
dkk3b	2.98407680720375e-10	0.497772431706722	0.144	0.048	4.33586360086705e-06
tmem176l.1	3.05586570064181e-10	0.63981885766817	0.485	0.334	4.44017286303254e-06
pcolcea	3.62423790098013e-10	0.440202606332449	0.201	0.082	5.26601767012412e-06
ccdc3b	3.64445235133054e-10	0.350544821208592	0.205	0.083	5.29538926648328e-06
igf2b	3.78640557362342e-10	0.681797417092768	0.349	0.197	5.50164729847484e-06
si:dkey-6n21.12	4.19312253425571e-10	0.519454432829414	0.332	0.19	6.09260704227355e-06
bnip3lb	4.45535135985704e-10	0.447783305863434	0.336	0.182	6.47362552587228e-06
fbln5	4.5142728006684e-10	0.422995706294032	0.192	0.078	6.55923837937119e-06
tmed2	4.52558370077948e-10	0.397548986864343	0.777	0.699	6.57567311723259e-06
cd3eap	4.62444043767045e-10	0.516826637807845	0.314	0.177	6.71931195593517e-06
rai14	4.91743514230286e-10	0.330554158926331	0.118	0.036	7.14503326176606e-06
arpc1b	5.23607405940313e-10	0.489125557544965	0.472	0.3	7.60801560831275e-06
ctsk	7.7866069265689e-10	0.465833931998069	0.284	0.143	1.13139398643046e-05
ccng2	8.8386174773326e-10	0.42516877968627	0.607	0.431	1.28425111945643e-05
rsl24d1	9.83560747603158e-10	0.3093406785316	0.969	0.943	1.42911376626739e-05
zgc:153704	9.88333181358071e-10	0.529223324737865	0.188	0.076	1.43604811251328e-05
bmp5	1.06782756449962e-09	0.782171289112806	0.297	0.157	1.55155345121794e-05
si:ch1073-459j12.1	1.24299618177339e-09	0.353358967154042	0.179	0.07	1.80607345211674e-05
slain2	1.279524320052e-09	0.378330811544413	0.17	0.068	1.85914883703555e-05
il6st	1.33681452703831e-09	0.51399111823341	0.275	0.144	1.94239150778667e-05
zgc:174288	1.34284786909742e-09	0.43935876216035	0.17	0.068	1.95115795379856e-05
elf1	1.42614492478026e-09	0.326800623470771	0.122	0.039	2.07218857570572e-05
cpne1	1.50066572798743e-09	0.537593355633345	0.507	0.36	2.18046730276574e-05
stat3	1.55660389426754e-09	0.304475419716406	0.144	0.052	2.26174545837073e-05
tbc1d10aa	1.58335547171197e-09	0.408614499378657	0.183	0.077	2.3006155003975e-05
adipor2	1.7051219080177e-09	0.599128163752039	0.397	0.249	2.47754213234971e-05
si:ch73-86n18.1	1.71218619235834e-09	0.656285464090936	0.162	0.063	2.48780653749666e-05
col12a1a	1.77761120365394e-09	0.430922356146509	0.275	0.139	2.58286907890918e-05
nbr1a	1.8000776077791e-09	0.396693992693919	0.183	0.077	2.61551276410304e-05
bzw1b	1.88836405844654e-09	0.725503197692434	0.603	0.485	2.74379297692283e-05
atf6	1.92649861016791e-09	0.584585121258881	0.367	0.228	2.79920248057398e-05
nucb1	2.23637987255405e-09	0.36300708868006	0.197	0.085	3.24945995482104e-05
btg3	2.29890024750588e-09	0.574979053898484	0.362	0.218	3.34030205962604e-05
add3a	2.32035006831808e-09	0.597767620815437	0.314	0.178	3.37146864926617e-05
nupr1a	2.63756417158278e-09	0.515205509227175	0.603	0.454	3.83238074130977e-05
ablim1b	2.78155992270295e-09	0.31396736854518	0.114	0.035	4.04160656768739e-05
mycb	2.7921629803646e-09	0.864293679547661	0.528	0.388	4.05701281046977e-05
pdia3	2.85900507643709e-09	0.603173305621757	0.786	0.769	4.15413437606309e-05
calua	3.13809620667559e-09	0.591217356491089	0.546	0.405	4.55965378829963e-05
mkrn1	3.80761383309255e-09	0.413550172100702	0.262	0.132	5.53246289948348e-05
baxa.1	4.28870250430721e-09	0.52175394517091	0.38	0.244	6.23148473875838e-05
trabd2b	4.83231745986732e-09	0.520788704660083	0.118	0.039	7.02135726918722e-05
mob3a	4.98210587844106e-09	0.462693669164723	0.48	0.348	7.23899984137486e-05
esyt2a	5.05009585657171e-09	0.349588357786892	0.135	0.049	7.33778927959869e-05
ociad2	5.0783600572513e-09	0.550953508889188	0.258	0.132	7.37885716318615e-05
prelid1a	5.21119015838982e-09	0.550157833122693	0.594	0.496	7.5718593001404e-05
rbfox1	5.23324619475394e-09	0.366275997929111	0.275	0.139	7.60390672097747e-05
agtr2	5.31658605156601e-09	0.81952478678523	0.197	0.088	7.72499953292541e-05
gosr2	5.34910959469369e-09	0.492566323453049	0.38	0.238	7.77225624108992e-05
lysmd4	6.17613658172712e-09	0.346265491446766	0.162	0.064	8.97392645324951e-05
GCA	6.27488344814087e-09	0.47642912753712	0.546	0.402	9.11740565014869e-05
twsg1a	6.33677644885889e-09	0.433870651197406	0.188	0.082	9.20733618019197e-05
tent4b	6.38471073747424e-09	0.394697080739384	0.266	0.138	9.27698470155008e-05
ahr2	6.41433165810032e-09	0.3473816534621	0.192	0.083	9.32002389921977e-05
npm1a	6.97544464850175e-09	0.742801749876893	0.546	0.412	0.00010135321074273
fgfrl1a	7.31950632450236e-09	0.583115692528637	0.345	0.205	0.000106352426895019
tfg	7.45715199572989e-09	0.48947011705134	0.55	0.425	0.000108352418497955
ube2d2l	7.96836980044343e-09	0.592402670100352	0.31	0.181	0.000115780413200443
snx27b	8.59601639563604e-09	0.29854885926508	0.131	0.047	0.000124900118228592
frmd6	8.93044189163565e-09	0.373345403993179	0.157	0.062	0.000129759320685466
gmppb	8.99250256971452e-09	0.58723175379001	0.41	0.279	0.000130661062337952
brdt	9.97012323854169e-09	0.51984095366132	0.432	0.3	0.000144865890656011
papss2b	1.25264441469307e-08	0.384564626013108	0.336	0.185	0.000182009233454904
zfand6	1.26501531769305e-08	0.474254496748038	0.341	0.208	0.0001838067256608
fam210b	1.3145485127744e-08	0.509969113607093	0.205	0.096	0.000191003898906121
b4galt6	1.38101540044995e-08	0.498100418499381	0.341	0.208	0.000200661537685378
cry-dash	1.60348394060146e-08	0.342240793048025	0.148	0.058	0.000232986216569392
bhmt	1.68614191955629e-08	0.508234313144188	0.441	0.295	0.00024499642091153
cyb5r1	1.7238135759503e-08	0.341311462226793	0.17	0.071	0.000250470112585579
b2ml	1.74921183255856e-08	0.47210427251254	0.362	0.225	0.000254160479270758
SBNO2	1.79253868088747e-08	0.472775687008247	0.262	0.142	0.000260455870332949
cybrd1	1.91240546351428e-08	0.305037796054417	0.105	0.034	0.000277872513848626
h1f0	2.09428640615392e-08	0.732947085749307	0.838	0.769	0.000304299814814165
csrp1a	2.12454108253211e-08	0.515003925243386	0.188	0.084	0.000308695819291915
clu	2.13951496810779e-08	1.02216496525131	0.249	0.131	0.000310871524866062
wls	2.48312197173537e-08	0.498262221835121	0.533	0.406	0.000360797622493149
col6a3	2.52869220220587e-08	0.250246283058367	0.135	0.049	0.000367418976980513
SAMD8	2.52944107660323e-08	0.398499200256046	0.175	0.076	0.00036752778843045
rnf169	2.54649532025759e-08	0.39118368388199	0.223	0.11	0.000370005770033427
gna12a	2.56091109194976e-08	0.386842645451744	0.17	0.074	0.000372100381660301
ctdsp1	2.65562415412589e-08	0.464893407696624	0.323	0.196	0.000385862189594491
mdka	2.68416186601713e-08	0.421753921506071	0.734	0.574	0.000390008719132289
gapdhs	2.77911640664958e-08	0.574414098483571	0.677	0.58	0.000403805613886184
serpinf1	2.78029402246618e-08	0.2774581389333	0.192	0.084	0.000403976721464336
rras	2.79307988460673e-08	0.500178284181805	0.397	0.273	0.000405834507233358
lgals9l3	2.82406420700978e-08	0.345634542790426	0.127	0.046	0.000410336529278521
chordc1a	3.0212939126194e-08	0.51489604878115	0.314	0.186	0.000438994005503599
trip10a	3.24964675194568e-08	0.385884544299126	0.162	0.068	0.000472173673057708
zfp36l2	3.40985042845731e-08	0.491310610805941	0.323	0.19	0.000495451267254847
tuft1a	3.4100948371572e-08	0.680521288978039	0.284	0.152	0.000495486779838941
kat5b	3.41246076668914e-08	0.415104075332686	0.236	0.121	0.000495830549399931
socs3b	3.46346236052491e-08	0.30278385426067	0.83	0.651	0.00050324108098427
tp53	3.66174749246438e-08	0.567236606621033	0.441	0.314	0.000532051910655075
ccng1	3.77206407897435e-08	0.400721639648512	0.891	0.824	0.000548080910674974
mak16	3.95458018679632e-08	0.550680753860155	0.336	0.214	0.000574600501141505
ntd5	4.12516142447733e-08	0.497913110310369	0.188	0.085	0.000599385954976557
prkaa1	4.22983892774057e-08	0.306060874015886	0.148	0.059	0.000614595596200704
sema5a	4.36439280837362e-08	0.256548915694087	0.118	0.041	0.000634146275056687
samd11	4.65372877680981e-08	0.338908408177687	0.135	0.052	0.000676186791270466
eif3ea	4.68524601679415e-08	0.303090924681063	0.926	0.879	0.000680766246240189
rspo2	4.82772320101206e-08	0.476889849889698	0.14	0.055	0.000701468181107052
zgc:92335	4.85767203868922e-08	0.376653624024261	0.236	0.121	0.000705819747221544
nrbf2b	5.00652321714374e-08	0.446295632447558	0.253	0.136	0.000727447823450986
ddit4	5.04249368386793e-08	0.29788645058842	0.144	0.057	0.00073267433226601
gnl2	5.16139611835715e-08	0.388216150016759	0.227	0.117	0.000749950855997294
tbc1d17	5.28914231507289e-08	0.366721832173955	0.153	0.063	0.000768512378380091
pabpc1a	5.52671356595317e-08	0.305361359574297	0.956	0.945	0.000803031481132995
vhl	5.70365653229601e-08	0.382854859232801	0.192	0.091	0.00082874129414261
nog2	5.74199231809945e-08	0.51025296055801	0.183	0.082	0.000834311483819851
edem1	5.7939836339136e-08	0.355920789467046	0.197	0.093	0.000841865822007646
fam129ba	6.33514106492152e-08	0.276967971879111	0.231	0.111	0.000920495996733097
cdc34a	7.48778119126352e-08	0.313625441770353	0.135	0.053	0.00108797460709059
gnmt	7.65625725123398e-08	0.501738834565229	0.197	0.094	0.0011124541786043
ccnt2a	7.68934506078551e-08	0.3411541986769	0.175	0.079	0.00111726183733213
acin1a	7.78588991320909e-08	0.416363066105367	0.712	0.64	0.00113128980438928
smox	7.95040616696337e-08	0.506246954708309	0.384	0.249	0.00115519401605978
zgc:162939	8.60563965429419e-08	0.417603464642369	0.249	0.128	0.00125039944176895
letm2	9.01625149296666e-08	0.442546424236165	0.258	0.144	0.00131006134192806
tspan4b	9.12206657715694e-08	0.41608938502571	0.179	0.081	0.0013254362736609
si:ch211-212k18.8	9.33163441777299e-08	0.391352521426763	0.258	0.138	0.00135588648090242
atf1	1.02710801571775e-07	0.550687979317582	0.424	0.308	0.00149238794683789
vegfaa	1.03943466933431e-07	0.321555234101141	0.114	0.041	0.00151029857454275
rbms2b	1.0436465210534e-07	0.459535903279456	0.279	0.162	0.00151641839509059
adgrg1.1	1.09829465358965e-07	0.312742515538868	0.131	0.05	0.00159582213166576
efna1b	1.13446013037407e-07	0.691357252679585	0.183	0.087	0.00164837056943352
itpkcb	1.33696084336846e-07	0.376382248987501	0.148	0.062	0.00194260410541438
si:ch211-161c3.6	1.36836498399376e-07	0.421781025262343	0.135	0.054	0.00198823432174293
rnf185	1.38275298235301e-07	0.478227505101649	0.415	0.294	0.00200914008335892
acsl4b	1.3953562909034e-07	0.400267896532771	0.253	0.14	0.00202745269068264
etf1b	1.51848041163867e-07	0.466335581677306	0.576	0.489	0.00220635203811098
usp44	1.76916323750779e-07	0.351040268952321	0.192	0.094	0.00257059418409882
ftr67	1.85157841570369e-07	0.384750370364281	0.236	0.126	0.00269034343801746
ccnl1a	1.95912545058022e-07	0.401318655706396	0.424	0.301	0.00284660927969307
ctnnb1	2.0150804539175e-07	0.406128040642827	0.795	0.729	0.00292791189954213
rnd3b	2.14989048886718e-07	0.458901968757527	0.218	0.113	0.00312379088032401
senp2	2.26443232510325e-07	0.475580979155694	0.24	0.136	0.00329022016837502
gabpa	2.3924557519529e-07	0.46904435498321	0.393	0.27	0.00347623820758757
foxl1	2.42519494667909e-07	0.594440097796785	0.14	0.057	0.00352380825752472
acvrl1	2.47385362368219e-07	0.386492454581631	0.175	0.081	0.00359450931521023
csnk1a1	2.50624220387031e-07	0.370365005233467	0.651	0.57	0.00364156992222356
ing3	2.57949066755313e-07	0.477060185608192	0.279	0.167	0.0037479999399547
cry1aa	2.77428237103652e-07	0.365188699307763	0.249	0.137	0.00403103228511606
dclk1a	2.83577742834135e-07	0.391817017595613	0.135	0.055	0.00412038460337998
sptssa	3.04750918036934e-07	0.426114187811795	0.349	0.227	0.00442803083907665
hars	3.04821346274295e-07	0.515968551167761	0.476	0.367	0.00442905416136551
ednraa	3.13492370378949e-07	0.557880363365055	0.201	0.101	0.00455504414160613
fbxw11b	3.20930533156648e-07	0.37867314377161	0.341	0.219	0.00466312064676609
qkia	3.52483352804073e-07	0.292693632619972	0.808	0.661	0.00512158311624318
mfsd2ab	3.56595499249713e-07	0.432391189692347	0.201	0.103	0.00518133260409833
alg5	3.58758996784602e-07	0.453796819328619	0.179	0.085	0.00521276822328027
sost	4.04763623790467e-07	0.621774606938908	0.114	0.043	0.00588121545367548
ccdc90b	4.07279369754824e-07	0.254338746554686	0.127	0.051	0.00591776924253759
bsg	4.243000370478e-07	0.352644387284782	0.9	0.864	0.00616507953830454
notch3	4.44256666235806e-07	0.477282275299279	0.236	0.131	0.00645504936040625
cited4a	4.53276385803743e-07	0.392230457063369	0.166	0.077	0.00658610588572838
iqsec1b	5.21778782978755e-07	0.561687531299644	0.345	0.232	0.00758144571668131
lims1	5.43550933195336e-07	0.401445747136932	0.236	0.132	0.00789779505932823
txn	5.56514750485166e-07	0.772208669755269	0.227	0.121	0.00808615932454946
si:dkeyp-27c8.2	6.18293188663336e-07	0.316198228039234	0.131	0.054	0.00898380003127827
nub1	6.35509752989602e-07	0.28618184564358	0.105	0.038	0.00923395671093891
MCUR1	6.41805640696686e-07	0.285872903448367	0.179	0.087	0.00932543595932284
bmp2b	6.57137480847564e-07	0.690026389958819	0.218	0.117	0.0095482075967151
pmpcb	6.63304269259346e-07	0.47165980546277	0.271	0.162	0.0096378110323383
prkag2a	6.7472054317914e-07	0.351602023802016	0.114	0.044	0.0098036894923929
fgf10a	7.16721255996326e-07	0.410174822653011	0.135	0.058	0.0104139598496266
tiparp	8.12194260978744e-07	0.530204765918883	0.349	0.235	0.0118011826120212
plecb	8.81287505861537e-07	0.302301256763856	0.114	0.044	0.0128051074601681
zhx2a	9.21249775676207e-07	0.342498291290356	0.166	0.078	0.0133857592405753
tmem120a	9.64092004455253e-07	0.373888407187371	0.153	0.07	0.0140082568247348
itga5	1.00280645474475e-06	0.566842628105206	0.271	0.167	0.0145707777874412
cry1ab	1.10355396800366e-06	0.270124778068663	0.135	0.058	0.0160346391550932
ddx56	1.12413765558081e-06	0.40485652050425	0.192	0.102	0.0163337201355892
herpud2	1.15060831309658e-06	0.307965569000196	0.214	0.113	0.0167183387892933
phlda3	1.28642566126968e-06	0.563564150863079	0.341	0.225	0.0186917648582484
spns1	1.3423685982911e-06	0.36864191860643	0.319	0.202	0.0195046157331696
pcsk7	1.3443767549502e-06	0.267531456321172	0.148	0.067	0.0195337942494264
prkci	1.37822979845075e-06	0.375838403032212	0.297	0.188	0.0200256789714894
si:ch211-106h4.12	1.41490402922666e-06	0.901503561617939	0.118	0.047	0.0205585555446634
brd4	1.45775525608427e-06	0.458245245883013	0.293	0.187	0.0211811838709044
slc43a1a	1.47013380751878e-06	0.478006983242316	0.319	0.211	0.0213610442232478
hspa12a	1.47561847466358e-06	0.302839779216784	0.118	0.048	0.0214407364368618
pno1	1.49475225395723e-06	0.380958478677653	0.559	0.473	0.0217187502499985
efemp2a	1.497526034264e-06	0.336749228350965	0.162	0.077	0.0217590532778559
srprb	1.52533678604197e-06	0.459565848439193	0.432	0.333	0.0221631435011898
lrrc1	1.57688796121577e-06	0.339725445577721	0.157	0.074	0.0229121820764652
ddx21	1.60980451595513e-06	0.516964014010486	0.428	0.325	0.023390459616828
zgc:91976	1.61774785887027e-06	0.252727062025651	0.135	0.058	0.023505876389385
golga5	1.63432524529796e-06	0.309660680549733	0.231	0.127	0.0237467458141793
romo1	1.63465957654381e-06	0.345174771361449	0.812	0.773	0.0237516036471816
syvn1	1.81263473701647e-06	0.304725832379919	0.144	0.065	0.0263375827288494
glo1	1.91645891565362e-06	0.385093330310371	0.585	0.491	0.027846148044447
foxc1b	2.01613261428677e-06	0.669433007842457	0.432	0.305	0.0292944068855868
sars	2.08079951259628e-06	0.572196089807873	0.415	0.321	0.0302340169180239
lysmd3	2.16847083963914e-06	0.386944022280679	0.362	0.251	0.0315078812999567
plekha1a	2.27425325269004e-06	0.44279690874543	0.336	0.227	0.0330448997615863
tcima	2.28513892664788e-06	0.90811091246283	0.227	0.13	0.0332030686041937
dzip1	2.67748784413398e-06	0.29933692072256	0.166	0.082	0.0389038983752668
eif4ebp3	2.71126756472286e-06	0.401632959292579	0.323	0.217	0.0393947177154232
dnm1l	2.72160630836823e-06	0.537256128460434	0.266	0.167	0.0395449396605904
akap12b	2.84199463737465e-06	0.476808406340483	0.231	0.133	0.0412941820810537
mapk14b	2.94930410988e-06	0.252313556174348	0.109	0.044	0.0428533887165564
grk4	3.07399378738945e-06	0.427075290427046	0.214	0.121	0.0446651297307687
zyx	3.1544625026242e-06	0.301514522761752	0.1	0.039	0.0458343401631296
manf	3.3536858825833e-06	0.474070307981726	0.463	0.358	0.0487290558739354
